"event","pre_meet_T1","pre_meet_T2","pre_meet_T3","pre_meet_T4","pre_meet_T5","pre_meet_T6","pre_meet_T7","pre_meet_T8","pre_meet_T9","pre_meet_T10","pre_meet_T11","pre_meet_T12","pre_meet_T13","pre_meet_T14","pre_meet_T15","pre_meet_T16","pre_meet_T17","pre_meet_T18","pre_meet_T19","pre_meet_T20","pre_meet_T21","pre_meet_T22","pre_meet_T23","pre_meet_T24","pre_meet_T25","pre_meet_T26","pre_meet_T27","pre_meet_T28","pre_meet_T29","pre_meet_T30","post_meet_T1","post_meet_T2","post_meet_T3","post_meet_T4","post_meet_T5","post_meet_T6","post_meet_T7","post_meet_T8","post_meet_T9","post_meet_T10","post_meet_T11","post_meet_T12","post_meet_T13","post_meet_T14","post_meet_T15","post_meet_T16","post_meet_T17","post_meet_T18","post_meet_T19","post_meet_T20","post_meet_T21","post_meet_T22","post_meet_T23","post_meet_T24","post_meet_T25","post_meet_T26","post_meet_T27","post_meet_T28","post_meet_T29","post_meet_T30","pre_pub_T1","pre_pub_T2","pre_pub_T3","pre_pub_T4","pre_pub_T5","pre_pub_T6","pre_pub_T7","pre_pub_T8","pre_pub_T9","pre_pub_T10","pre_pub_T11","pre_pub_T12","pre_pub_T13","pre_pub_T14","pre_pub_T15","pre_pub_T16","pre_pub_T17","pre_pub_T18","pre_pub_T19","pre_pub_T20","pre_pub_T21","pre_pub_T22","pre_pub_T23","pre_pub_T24","pre_pub_T25","pre_pub_T26","pre_pub_T27","pre_pub_T28","pre_pub_T29","pre_pub_T30","post_pub_T1","post_pub_T2","post_pub_T3","post_pub_T4","post_pub_T5","post_pub_T6","post_pub_T7","post_pub_T8","post_pub_T9","post_pub_T10","post_pub_T11","post_pub_T12","post_pub_T13","post_pub_T14","post_pub_T15","post_pub_T16","post_pub_T17","post_pub_T18","post_pub_T19","post_pub_T20","post_pub_T21","post_pub_T22","post_pub_T23","post_pub_T24","post_pub_T25","post_pub_T26","post_pub_T27","post_pub_T28","post_pub_T29","post_pub_T30"
"FEDm_1",0.0318265525824645,0.0339365162295607,0.0159527497354365,0.0201488284453565,0.0552730210518424,0.0357406237112557,0.0297921918673188,0.0198705075580577,0.0316829605558699,0.0389409123251223,0.0282455400387127,0.0385116606340316,0.0261391514460309,0.0473293986566247,0.0202386013669519,0.0448356820334083,0.0378949747951786,0.0191860887775019,0.0206520779999764,0.0234723947492936,0.0408217074344338,0.0315623458891527,0.0227658259198912,0.0417315526938016,0.0429071945636455,0.0443964615639974,0.0465174484762818,0.0498283857415256,0.0336387591391103,0.0261598840181646,0.0388361474336064,0.0415697267006199,0.0156051741415382,0.0241300357387395,0.043752629475195,0.0418899680075605,0.0378633212598369,0.0199002353880088,0.0338006711669272,0.0396724476974978,0.0273790788380651,0.0448675426448292,0.0192762634892791,0.049569724920648,0.0192302427238251,0.0470871662221635,0.0319162626835583,0.0189659163336822,0.0233576722945006,0.0196418148838272,0.0290003414906114,0.0254274448985675,0.0244958207291062,0.0412130225707003,0.0503669377899266,0.0524944549179611,0.0324897026112937,0.0371707196305557,0.0368669515296821,0.0321625617876871,0.0424688575976277,0.0416262452550942,0.0157308195455559,0.0249054465905491,0.0399110598884611,0.0277450172466413,0.0311041103026656,0.0174682449041133,0.0235438396927558,0.0714008988733512,0.0322767902537541,0.0359426835106048,0.0213279324717271,0.0547401580690846,0.0237694325173332,0.0485982585653702,0.0442027879166905,0.0176640566329576,0.0199703644141326,0.0155669365235499,0.0298884755142557,0.0309350970605888,0.0245171825617356,0.0316440856096653,0.0803241851390312,0.0464644916625273,0.0230992810495738,0.0371413008923802,0.024468298453055,0.0215536612851673,0.0338528545010257,0.035687461285024,0.0154057419106708,0.0254828390275205,0.051448638199712,0.04368927007172,0.0388035768772437,0.0170938522069676,0.0267262785137088,0.0428747256374822,0.0295269420022784,0.0410595557440674,0.0193852777066633,0.0562242996043933,0.022141282087732,0.0535651553217005,0.0426703848178904,0.0180703387904824,0.0284282899633829,0.0223624016547368,0.0275033343113219,0.0251585229118274,0.0264037561443813,0.0323089144624398,0.0682768154984698,0.0380016631243464,0.0239857048346328,0.0398624676636392,0.0326105050513292,0.0213891500732095
"FEDm_2",0.0409853477972855,0.037725825459371,0.0195064826922125,0.0210855339437029,0.0446498257959442,0.0326840821570813,0.0355227888136159,0.0171098752022183,0.0212781957451724,0.0506515556157395,0.0327455450053111,0.040451208438169,0.0178187539657295,0.0537395029491373,0.026470150216735,0.0518226491866777,0.039443402640532,0.0185639130035793,0.0269361570369529,0.0174510249410156,0.0321616353943953,0.028155659456815,0.0225717671855032,0.0258352707594464,0.0764373979239314,0.0516347241855164,0.0222985479010298,0.0409439297028383,0.0263427730430776,0.0269764738412636,0.0340827924590224,0.0339243813148841,0.0150596540202787,0.0261999933031261,0.0500463614235661,0.0359504083548383,0.0383405417446894,0.0184067585815748,0.0250495156966248,0.0533584206910468,0.0301347955692577,0.0402680697952373,0.0202388501137862,0.0551621609137635,0.023012209950608,0.0544754430334088,0.0392616611347119,0.0182468365389794,0.0255943916657784,0.0207431583704984,0.0271559337834987,0.0234858805592291,0.0321323468257404,0.0379482999787185,0.0768404378121564,0.0365866457768044,0.029662751465403,0.0316919334720804,0.026332589564075,0.0206067760866132,0.0406082901213267,0.0347742268997865,0.0153465675942299,0.0258143897919405,0.034465497926827,0.0460667509017129,0.039773605172636,0.017772203633294,0.0202554981961068,0.039022476631229,0.0277524114848274,0.0408149667773437,0.0183478344213802,0.0569932363257213,0.0249380702451657,0.0491615123390764,0.0463082653275629,0.0179478378719015,0.0292197424701031,0.0140406966117366,0.0336170660221232,0.0317208040913278,0.0281361384751035,0.0356045297706691,0.0482762095886265,0.0563109892746386,0.0324997760667991,0.0326044744763788,0.0328558179857233,0.0289501135047022,0.0327511263013114,0.0310476775632071,0.0156885728699574,0.0255665193826231,0.0397986159503882,0.0413768110095359,0.0442256829855357,0.0194286147255103,0.023985659272063,0.0483004198300203,0.0415734283643482,0.0292289205450432,0.0204174541061447,0.0581958520300918,0.026700073802173,0.0428805074168518,0.0341066926709118,0.0190935948450989,0.025221199434533,0.0221107524469932,0.0296162488165704,0.0290450873430294,0.0206211708927793,0.0369541406992003,0.0501691127050382,0.0594899711412417,0.0339056276924488,0.03978039094615,0.030789886846478,0.027930187364722
"FEDm_3",0.0424205558107669,0.0320472397221094,0.0150354913017725,0.022289990514073,0.0386377304368178,0.04843404349947,0.0329365204534456,0.018081171231164,0.025301174640827,0.0450873725207364,0.0259991301154896,0.0475706057372203,0.0169608482199715,0.0464240679340897,0.0304517478017295,0.0583769681524889,0.0430956201255856,0.017434963056878,0.029979596528235,0.0154995596997477,0.0301026252814416,0.0308089883021201,0.0264992351187737,0.0269306901560098,0.0443825916244583,0.0571576363964373,0.0337199603798861,0.0373384084128021,0.0297697657240269,0.031225701101426,0.0386429287549636,0.0378964046194782,0.016761174769041,0.0269935475958839,0.0373070500360067,0.0424815406717571,0.0444198549137436,0.0189455896775629,0.0208814809303142,0.0336685155190681,0.0409021646680476,0.0403136471118059,0.0167284085971234,0.0570254049276515,0.025500888435425,0.0416750681031785,0.0372506788162316,0.0192035284052304,0.0293565772835668,0.0180677151310564,0.0380891375373027,0.0285707792509358,0.0237390932571316,0.0378266083976314,0.0507639861151934,0.0469288060456879,0.0317809337649085,0.0335624530009158,0.0346396985510149,0.0300763351121416,0.0264800095511938,0.0332524222060244,0.0151241025944747,0.0365697768908891,0.0397337087847435,0.0453286731622321,0.0361741146727802,0.0185181547959448,0.0230069490801397,0.029315413756249,0.0274977054546731,0.0260335873492439,0.016418681773477,0.0575551708554542,0.0229053584235269,0.0592984018427313,0.0440886172785447,0.0181855070811665,0.0194887228354286,0.0182417595097046,0.0359678784184169,0.0310719914163274,0.015606334777069,0.0504881467037224,0.0743244857071118,0.0463275776077062,0.033322929555775,0.0318773302015412,0.0347357044514762,0.0330607832622319,0.0286627385427833,0.0354201867915497,0.0170099188760526,0.0312623644639197,0.0399191536684662,0.0429243026766986,0.033147616886213,0.0190577480258872,0.0229811839430482,0.0541880051428632,0.0334714361610545,0.0285088883082661,0.0197554416050996,0.0446587904270292,0.0287951427097524,0.0499144371683228,0.042073462510511,0.0184220913038235,0.0239646102088274,0.0188576129540387,0.0339891205679883,0.0297850263065747,0.018572542525982,0.043574392207608,0.0625021832523406,0.0469507254608006,0.0276789144433632,0.0316231722970662,0.0436357530637597,0.0286930375003097
"FEDm_4",0.027272468477229,0.0323701842925449,0.0166508032458404,0.0381545625669887,0.0420714818757687,0.0512186736085576,0.0359694919767324,0.0185327935419079,0.0232695199514138,0.0294735038869947,0.0253243119629471,0.0272084205981801,0.0203493707506573,0.0609377937538714,0.0181557790945259,0.0530112026346735,0.0373095625260892,0.0166962909284824,0.0198440232112998,0.0195889494567658,0.0406274084353248,0.0298802278698485,0.0199000664423326,0.0464484434178591,0.08239456592937,0.0379710600954136,0.0312706948676234,0.0331703585684398,0.03264820743092,0.0322797786013975,0.0295040467264819,0.0311987458023745,0.0158925060847689,0.028651047726586,0.0380731642082765,0.0459389691405851,0.0349002349553964,0.0187527384895731,0.0266356217557805,0.0472573837824814,0.0362156037593351,0.0311879693403053,0.0181914747940006,0.0475123506901899,0.0220789480139501,0.0506698488096833,0.0460552511711332,0.019854474193735,0.02418305271039,0.0187660086490492,0.0329525104574571,0.0315866796298461,0.0195500066787722,0.0477535631197702,0.0622188074126795,0.0434598779572045,0.0264700927336031,0.035570934168009,0.0410001761323442,0.0279179109062383,0.0275858801390063,0.0369492619667755,0.0144128174486699,0.0279579718087906,0.0414141764985092,0.0458672720766993,0.0353155411464415,0.0152112431687784,0.0234695273671497,0.041934530440427,0.0307720748112225,0.0328495142443915,0.0217884402068843,0.0413352029867588,0.0237664661610491,0.0500067933047522,0.0719691674632562,0.0174759952148965,0.0356360669309602,0.0206247883962304,0.0267030296136058,0.0268819672200827,0.0205728292840906,0.0463403450370805,0.0402070799215619,0.0559166552757904,0.037252190568798,0.0327398101520496,0.0364008241016966,0.0206425370435947,0.0355827379122582,0.0409857461612723,0.0145355818295476,0.0386762881553704,0.0312982019459774,0.0424020712547454,0.0332274819143415,0.0200174832695687,0.0279601128524752,0.0516276491063801,0.0366519986192896,0.0313203675022191,0.0243230850831333,0.0380245154564627,0.017921205371931,0.0414112980680588,0.0328658967173192,0.0156038299095807,0.0291929414295223,0.0206467993434246,0.0204836685438466,0.0242084629617898,0.0246421782392943,0.0395859525257536,0.0766409387327538,0.0510950484904236,0.0371226134891229,0.0349415007951701,0.0331349729085879,0.0338693714103794
"FEDm_5",0.0360635530560543,0.0362847147050238,0.0145216533054295,0.0190661967691676,0.0405288931274797,0.037970078137088,0.0378700806457997,0.0179418576868968,0.0239834878246335,0.0433320379306927,0.0343848549688972,0.0396511147960304,0.0201548760661607,0.0370203078931057,0.02289709605686,0.0465124647907889,0.0651266309348603,0.019602802602629,0.0363614883466023,0.0219305769235894,0.0295322057007214,0.0291162365015516,0.0238947606144582,0.0466559543764092,0.0468657207367819,0.0471795160110837,0.0304522634355611,0.0355142304874833,0.0339723471097228,0.0256119984584374,0.0316733929421559,0.0379263504907695,0.0151970517506161,0.0362959296762267,0.0422676409143763,0.039841703366547,0.0300743504302327,0.0202072461907783,0.0292483131074775,0.0420643343128579,0.0308384536620372,0.022788641313486,0.0210079338761849,0.0439937772424386,0.0204451338699118,0.0379422374380874,0.0424499214623652,0.0163307943008716,0.0240672357136971,0.0191965945725219,0.0282034558025755,0.026961481242494,0.0290908624514136,0.0552979405280639,0.0707969471427181,0.0615009298262677,0.0369593963295201,0.0297744404347454,0.0276614302498327,0.0298960793587294,0.0403847207832698,0.0336681319010651,0.0145964184061384,0.0210860149172598,0.0341259915108657,0.0494814672601522,0.0408257662833161,0.017115479940015,0.023712233756618,0.0364249738164967,0.0291766410996966,0.042137231688341,0.0162715338247172,0.0611877609244849,0.0159734376373725,0.049436965277098,0.0488541658462046,0.0167721959500512,0.0374117833381871,0.0191705445669482,0.0295085430315724,0.0237304663431199,0.0241230446070765,0.0344528916900522,0.0836346655325059,0.0261150665916542,0.0329475702589042,0.0379898555066865,0.0322508374355125,0.0274336002746175,0.0300447608012207,0.0319537401625457,0.0172415734797575,0.0255089931405887,0.0461110840886469,0.0380513751075453,0.0446452205356395,0.0193620261901221,0.0303285635207902,0.0446142966043285,0.0284084250401963,0.0286612678016012,0.0289812501715961,0.0442442452341147,0.0287766194645054,0.043975390342807,0.0409622496222465,0.0194510552397486,0.0204028400473204,0.0200233327526471,0.0277036638895369,0.0387001067527356,0.0211479708359097,0.0326512578728891,0.0583603615337054,0.052925616534219,0.0349180528665092,0.0396044954777201,0.0352452822029257,0.026994882685881
"FEDm_6",0.0359355757156125,0.033585922933473,0.0157801058902194,0.0230856245132765,0.053975383883347,0.0522637009907681,0.0342993117544582,0.0185451559363579,0.0266002680209502,0.034152635248826,0.029411247394498,0.0365027394569334,0.020503101876098,0.0516944221085363,0.0221654773530175,0.0408911278073046,0.0525540885419742,0.0167093154400917,0.0377192002531492,0.017986316644468,0.0247803315099285,0.0238785287495545,0.0282536747778143,0.0376347939184349,0.0571217956096934,0.0435327799486644,0.0380408691289784,0.0339516399629165,0.0315800410692565,0.0268648235613988,0.0347602610303637,0.0352627207711963,0.0144978171474278,0.0246918481203083,0.040203077596695,0.0393838967448829,0.0464765749416991,0.0192385861504184,0.0210467921703257,0.0297823821978262,0.0293240670034397,0.0382824379223393,0.0228790118591145,0.0681897689637974,0.0189538093959841,0.0514203042308569,0.0475696134204511,0.0189309645794654,0.0234659734097941,0.0189182251454058,0.0294599549829044,0.0357864665009533,0.0239533231645213,0.0281565051989027,0.079600090578738,0.0314983607377635,0.0325265331381268,0.0355625643030729,0.0355494459554772,0.0246286226377484,0.0473075471956696,0.0309524331511241,0.0140339544306753,0.0365036156470838,0.0401137974232488,0.0407732670988757,0.0520665719901758,0.019542570674662,0.0226732440045337,0.0374032894332301,0.043137736868076,0.0254551681202051,0.0195743522342836,0.0518717001608103,0.0181261550300675,0.0566688896477236,0.0364028030658001,0.0174883699395915,0.0307919006650233,0.0183382825708587,0.0228021293150187,0.0257486454131597,0.0177109725345328,0.0503074881610654,0.0457563799287571,0.0392944562803694,0.0275442454721416,0.0431772216444282,0.0368112597073627,0.0316215521914457,0.0296854017782855,0.0339104828735627,0.01743002084778,0.0449719826520493,0.0406101739003751,0.0438074519900183,0.0266552683283007,0.0156924558346534,0.0234983324871614,0.0373027374614934,0.0318425831919001,0.0215188172304022,0.0203676487510338,0.0474886259207679,0.0214384444335718,0.0523723858405411,0.0370841103000317,0.0182274053482161,0.0276876211731886,0.0199480691098388,0.0306612591347528,0.0236317037777428,0.0222781403299146,0.0470127505855922,0.0671111401855104,0.0542047284818498,0.0318078385181498,0.0460938552475035,0.0313353352286473,0.0343232290571651
"FEDm_7",0.0522848825793894,0.0313304816755241,0.0153889314822346,0.0345342226553915,0.042297108676264,0.0339492143881362,0.049893108746376,0.0186264347679691,0.0251375398106776,0.0425135234980216,0.0331356247537138,0.0197652621804371,0.0208391137460013,0.0356671096216608,0.0293584321967447,0.0576669470779466,0.037388730840983,0.0179323707850809,0.0266692290726749,0.0175962483620537,0.0218414664771925,0.0296500291194176,0.0190708357277695,0.0490843939982432,0.0505159334756607,0.052707047431259,0.0235554615905148,0.0442001740199041,0.0353628284967935,0.032037312745964,0.0261877042503635,0.0307835858676945,0.0143228249995693,0.049838300452482,0.0404909789318111,0.0431746912239876,0.0305462304714996,0.0158776054922422,0.0200447712221767,0.0326484367364704,0.0393384175761143,0.0184902264642636,0.0163155837971416,0.0633165729679253,0.0186246534937695,0.0570102618338666,0.0435717533795952,0.0166948151129203,0.0330506438336686,0.0172507832655578,0.0255768985782751,0.0213268582459001,0.0164144246350829,0.0676414141764286,0.0634126208615264,0.0424269194304254,0.0317876195408535,0.0399760070080992,0.0298348960034859,0.0340235001468031,0.0333713748981948,0.0305928122356542,0.0160231250278334,0.0267368637118632,0.0381344844684964,0.0440269086093548,0.0358598535963007,0.0174105082200787,0.0264476604495007,0.036262488220502,0.0295848776160805,0.0330848748137362,0.017314172849775,0.049872696842132,0.0183930613708663,0.0515426901134226,0.047533708064148,0.0172798185904639,0.0270303720184342,0.0185401934930003,0.0249773241961301,0.028961852362816,0.0292845059207382,0.0345132406708755,0.084672823710127,0.0431637275787049,0.0354074955114183,0.0407256473153562,0.0390104747016756,0.02424036282232,0.0344867476365368,0.0326365919442133,0.0165446146259287,0.0246406962823019,0.0510057284507815,0.0345213448785978,0.040575295430186,0.0161545278395462,0.0306706600354014,0.0387102160702126,0.0369836497656255,0.0370035013302178,0.0249732997777834,0.0293961167288785,0.0254666753571153,0.0411057181130462,0.0470983401755602,0.0217853386363058,0.0341422549046598,0.0218664365457265,0.026294333687695,0.02836785906088,0.0239321357666654,0.0384502233533113,0.0552536984354617,0.0580854574525495,0.020791571336233,0.0436117168947074,0.0397632520472407,0.0256819974366306
"FEDm_8",0.0349025201554945,0.0305721398430752,0.0161305533030159,0.029366448138648,0.0425466193100302,0.0433253698139431,0.0327545134663754,0.0174839184644661,0.0311402699359699,0.03287574531429,0.0252252417047065,0.0288160979974077,0.0216244026608592,0.0543097977320667,0.017614248873522,0.0550333570172058,0.0418660645842057,0.0177007749743813,0.0259181924905896,0.0188855139373905,0.0246571788383669,0.0284318567919085,0.0273911249570731,0.0400569674538802,0.0779859685936842,0.0412879277988563,0.0327598440965269,0.0418896503291051,0.0449493655343799,0.0224983258885757,0.0373250811724604,0.0322575680215024,0.0151188540310242,0.0222422037895248,0.041411192687655,0.04256717923592,0.0395365134951755,0.017913809692668,0.0322681876420986,0.0323821788640192,0.0373803215134423,0.0386222758107861,0.0199497549315912,0.0406768853658392,0.0251460908951677,0.0445744528699419,0.0452070149965818,0.0195175173782667,0.0316633122556541,0.0199072079663612,0.0241355577852746,0.0253977844777981,0.0223868732569055,0.032325802015848,0.0735137336415401,0.0536313815951915,0.0229390988864501,0.0426551491012865,0.0408418758940812,0.0265051407299445,0.0311087857072358,0.0325192551816224,0.0168298538623853,0.0266781683476082,0.0408682447264163,0.0448008939800196,0.0361513257478905,0.0205416487921157,0.0270031073551159,0.0338941033841968,0.0252249860726438,0.0339373775391578,0.0229922531473023,0.0603938339671636,0.0222603624153078,0.0442001789221921,0.0439847324728948,0.0189976639516302,0.0308262412239975,0.0204442905102723,0.0212706120853559,0.0257689858918889,0.0188678513576977,0.0336620505799559,0.0819888985369425,0.0435388651415854,0.0436195336561146,0.0379501593734001,0.0362003435750593,0.0234753924948311,0.0283849639922641,0.0367195900404453,0.0140490091060554,0.0202791103230558,0.0432111005762014,0.0351931181181987,0.0373859519374154,0.0144817084197291,0.0316380617871244,0.0432084908577916,0.0285877908923219,0.0432785737802254,0.020570422686064,0.0482834856976661,0.0206479555911931,0.0484800917656588,0.0467323335054136,0.0178763716265282,0.0358900478640175,0.0178968421781719,0.0230820431816715,0.0320814645732021,0.0246589991043578,0.0358117335987328,0.0523130312713745,0.050245939662294,0.0563106419840311,0.0383362982958534,0.0284964223634072,0.0258684052195338
"FEDm_9",0.0311087857072358,0.0325192551816224,0.0168298538623853,0.0266781683476082,0.0408682447264163,0.0448008939800196,0.0361513257478905,0.0205416487921157,0.0270031073551159,0.0338941033841968,0.0252249860726438,0.0339373775391578,0.0229922531473023,0.0603938339671636,0.0222603624153078,0.0442001789221921,0.0439847324728948,0.0189976639516302,0.0308262412239975,0.0204442905102723,0.0212706120853559,0.0257689858918889,0.0188678513576977,0.0336620505799559,0.0819888985369425,0.0435388651415854,0.0436195336561146,0.0379501593734001,0.0362003435750593,0.0234753924948311,0.0283849639922641,0.0367195900404453,0.0140490091060554,0.0202791103230558,0.0432111005762014,0.0351931181181987,0.0373859519374154,0.0144817084197291,0.0316380617871244,0.0432084908577916,0.0285877908923219,0.0432785737802254,0.020570422686064,0.0482834856976661,0.0206479555911931,0.0484800917656588,0.0467323335054136,0.0178763716265282,0.0358900478640175,0.0178968421781719,0.0230820431816715,0.0320814645732021,0.0246589991043578,0.0358117335987328,0.0523130312713745,0.050245939662294,0.0563106419840311,0.0383362982958534,0.0284964223634072,0.0258684052195338,0.0269138629295048,0.034615965269541,0.013895166461016,0.0316291695811939,0.0370685051297379,0.030052372993726,0.0318734788660249,0.0193421460506075,0.0234498694108496,0.0467827358713058,0.0430132324713549,0.0203857334174641,0.0194856261888664,0.0446719240494157,0.0280774742817456,0.0490954339738225,0.0416355483029388,0.0157582943717628,0.0200899356441476,0.0143870241433786,0.0213136898276963,0.0420973277142993,0.0231057832796591,0.02972675029201,0.0547937987378454,0.0654389822437947,0.0755231537078103,0.0509500546446612,0.0254906464059175,0.0193363137379017,0.0371619849806279,0.0348292992234116,0.0153915435514272,0.0307598688571575,0.0483478266012518,0.0442654765918615,0.0297892046258498,0.0171213399914673,0.0245961424353296,0.0410614035122632,0.0347038635119256,0.0248462364004307,0.0220740247726131,0.0510930929386927,0.0282072186482972,0.0444051216988571,0.0394865139728428,0.0214027051000636,0.023651945958545,0.0192327936921863,0.0223008912803516,0.0388801889642265,0.0216011541085765,0.0374463422586101,0.0524068415947937,0.0530020593780832,0.0367367177982978,0.0378654504960892,0.0351461993052536,0.0321865477506162
"FEDm_10",0.0312546982660493,0.0324314727828197,0.0148843740984537,0.0297332437996424,0.0508103951877531,0.0375074018475002,0.0367971693361933,0.0182598179401623,0.0239128139837598,0.0315555541971088,0.0434299625234583,0.0372214789983965,0.0194137526697472,0.0482471560327111,0.0280609746951102,0.0565748944769935,0.0328306259858315,0.017850735308497,0.0203987221418814,0.0143054556301902,0.0249010893860049,0.0371919763694835,0.0177615626635159,0.029624932098593,0.0534770178880779,0.0661409367756359,0.0434582477516809,0.0429482681343678,0.0310159424542343,0.0279993265761465,0.0378713192167478,0.0373362915655404,0.0149936053188487,0.0291060901742916,0.0472845816600382,0.038293772114406,0.0279419157012884,0.0190375682564577,0.0272179466070007,0.0413774768999763,0.0322298216789838,0.0232252760391777,0.0222530990284885,0.0492476914170878,0.0253897495329429,0.0531281053752885,0.0456424235187364,0.0205438302105606,0.0226006912768075,0.0166460281299019,0.0210604228988995,0.0311580291785142,0.0241523665202301,0.0299815948241617,0.0548356844091952,0.0499663833780991,0.0644227985844611,0.0396300555652712,0.0304954694507506,0.0229299114678458,0.0409629879479103,0.0287115823335972,0.0149681692311079,0.0223447632753167,0.044785029325241,0.0324883203643076,0.0334325776676168,0.0171572768152646,0.0377487406590374,0.0492006861126587,0.0297080943028364,0.0178134618623525,0.0244492182382819,0.0282335311735832,0.0283911679740616,0.0389684655636708,0.0461014362542403,0.0200476689389965,0.0272070888545665,0.0173484000912178,0.026441499282573,0.043306587653089,0.0228834144466655,0.036060228195361,0.0497382349986687,0.0558787753125028,0.0784903526466,0.0341098908306887,0.0361848405271695,0.016837509120816,0.0346728565366597,0.0329387516823325,0.0152118267027879,0.0285338641158251,0.0434789149730227,0.043526438148362,0.0346763052950482,0.0170037882747175,0.0284930628746603,0.0449225822779416,0.0339600498222093,0.0215433165164075,0.0194160780838561,0.0354465441191835,0.0285994246107168,0.0512886196974649,0.0621232781426808,0.0190129778999748,0.0324942178329724,0.0199821893245888,0.017262958283614,0.0392983307043284,0.0238472192576923,0.0382239793723078,0.0485709577754435,0.0464233115314122,0.0444758546173619,0.0383578153748644,0.0377117535286715,0.0185027326228918
"FEDm_11",0.0524695289066089,0.0269566219569846,0.0171172922180639,0.0204426350455034,0.0480295414759509,0.0368452140701206,0.0323838175264346,0.0170166781844189,0.0399894135250499,0.0535663793742283,0.0218389100091582,0.0302604276717021,0.0194778179503908,0.0352469636235222,0.0295209918021924,0.0346390193742604,0.0419727776504057,0.0189052665113933,0.0256994249100113,0.0187048535890242,0.028479216734926,0.0386494223767791,0.0252572432082826,0.0357441548727509,0.0521611335448151,0.0495595471094466,0.0464072677918632,0.0492383495628283,0.0291845950660474,0.0242354943568365,0.0348678140127243,0.0325058844216561,0.0147098358282658,0.0262887185982979,0.0417400291118581,0.0367179462704136,0.0335913194254724,0.015506127006683,0.030454103589342,0.0486589866980049,0.0306567517412478,0.0200693010825301,0.0177305560455903,0.033005048800217,0.0242282810412004,0.0460749992096734,0.061160330186178,0.0178056429019125,0.0360404810429757,0.0180333913574928,0.0173515910648073,0.0440187673120795,0.0250080403239783,0.0442669070813717,0.0472207130105645,0.0514608594339683,0.0612475330553169,0.0416154548246326,0.0302419731367839,0.0177226123847612,0.0269381482186152,0.0345056681177138,0.0159920404620216,0.0345406307428085,0.0385705332363017,0.0365810150785694,0.0295655205384957,0.0172980980612207,0.033043485548574,0.0346964807144876,0.0290983305150243,0.0205078855402146,0.0197401697984303,0.0422273452210456,0.0255814490390795,0.0436013018047604,0.0329083117324008,0.0199905961651516,0.0194759246081221,0.019904791601416,0.0270458266781369,0.0604706180380708,0.0203706860931356,0.0540230554630499,0.0599716087340545,0.0591189511291786,0.0578015810466888,0.0338552893155549,0.0305314488341839,0.0220432079234924,0.0290805938801529,0.0326446212796203,0.0154810507571815,0.017453814273494,0.0457436379060515,0.0349165978994858,0.0316760762005531,0.017671565322144,0.0280103195373294,0.0401937134019403,0.0317385124482393,0.0335533933352372,0.019767427823781,0.0505604823710457,0.0288048912049009,0.0519219536180497,0.0696742888224812,0.0173451468833813,0.0318807285409068,0.0200681764137867,0.0277811838166762,0.0251413981269323,0.017953361149992,0.031425267877379,0.0629293511528297,0.0411667574489281,0.0491118204498139,0.034360001519197,0.0339399035538414,0.0280039629846477
"FEDm_12",0.0279262956662624,0.0362967669774086,0.0146773585516835,0.033469364674237,0.0474217082384673,0.0337686039255503,0.0334436098204295,0.0151925416646529,0.0343309169559215,0.0371032854266585,0.0235168168485612,0.0200766913160429,0.019410074602815,0.0431530863189523,0.0221849866827766,0.0494774717275662,0.0334082508566099,0.0184906893361189,0.0191182996969175,0.0238802176930163,0.0259342663369467,0.062009180348092,0.0177336249053319,0.056317547742201,0.0626339397473783,0.0582683834398731,0.0414891914279806,0.0348384045712471,0.0290046639259258,0.0254237605743752,0.0311927415082837,0.0313308129211158,0.0154187964390786,0.0213140195696389,0.0453313482690216,0.0330792147590399,0.0337538817200935,0.0194871482901371,0.023536258055322,0.0375723342936207,0.0301309228383845,0.0287021300890861,0.0177972984904914,0.0520026362752391,0.0185694075388565,0.0513221604024151,0.0638849628326189,0.0168994807901213,0.0318293752813041,0.0196661703993832,0.032064404195737,0.0258861405178333,0.0194901326252904,0.0366830040430237,0.0737827485977826,0.0453985494311395,0.0533834048792857,0.0274846525406469,0.0324392293530787,0.0305666330529302,0.0392897231761177,0.0312229189596243,0.0180131538787499,0.0195048264024669,0.0451451231530359,0.0321867664039474,0.0357607268322739,0.016260360845509,0.035712711505408,0.0454793738359717,0.0351467988534372,0.0248386853110505,0.0239435639642887,0.0363873131383028,0.0351602437624003,0.0345330881356185,0.0278822824841927,0.0183559137467744,0.0260918331764011,0.0157554317367857,0.0279760433725104,0.0324902328663858,0.022476351574294,0.0386373335067842,0.0439125183020379,0.0694578818715777,0.0683613496623267,0.0336946102823884,0.0441153698482266,0.0222074694111115,0.0357182848752934,0.0364994087532067,0.0151877336907316,0.0269217734977666,0.0387246790519663,0.031815803693542,0.0287633431422725,0.0152515602551017,0.0209579996054511,0.0400338015836155,0.0283588876858416,0.0256411146213943,0.020790640653346,0.0454780283258338,0.023466664647113,0.0615852766360746,0.0598058825638426,0.0256413707809659,0.0239043121215794,0.0167404538026211,0.0226224401181365,0.0340041900438778,0.0246904394156056,0.0381801743289789,0.0652829106333932,0.0614159711698771,0.0410953327405954,0.0283119510143871,0.042571117739558,0.0205384528080307
"FEDm_13",0.0330321737402376,0.0291117943648971,0.0197067739594535,0.0210447743221311,0.0531522511346193,0.0288528692172347,0.0257735985718788,0.0171768180122749,0.0431786496380568,0.0544784501503293,0.0299790111552623,0.021604775657448,0.0286406092216178,0.0369041189908004,0.0400487760839581,0.0328490371980446,0.0293098368939256,0.0189080628033878,0.022739331407631,0.0175888810727184,0.0290943486003901,0.0387725061721463,0.0225304248564329,0.0393134377015391,0.0494438598972315,0.068758590956641,0.0574547721653196,0.0355431665977082,0.036732037431152,0.0182762620255325,0.037266199915277,0.031101250112635,0.0155562296221959,0.0212185862780753,0.0332599829000891,0.0385936177044507,0.0388060271668741,0.015776748840156,0.0328670210980937,0.044263217983791,0.028671246625216,0.0266315394340102,0.0165957594197284,0.0448906729327376,0.0250976805318489,0.0428327807824032,0.046019630906187,0.0201144602133927,0.0239132112153718,0.0165691405448134,0.0240861778695016,0.029215343633179,0.0221395200796076,0.0413755631516399,0.0543022373143528,0.0711949357027469,0.0598463087440189,0.0343372263937042,0.0400169269546371,0.0234407559292647,0.0306933334131332,0.0297011085354456,0.017857319210424,0.0234609364846008,0.0433795593492702,0.0393566332266812,0.0423727051279086,0.0201835977138814,0.0245175684566215,0.0463806986267895,0.0296295500751309,0.0327907334374299,0.0219080746566472,0.0533972538748738,0.0235823436423243,0.0491747480508588,0.0474618318923672,0.0190461804707022,0.0243083907473203,0.0183013405193753,0.0234232413851014,0.0555678888052997,0.0202605231979072,0.0304852153227947,0.0406977405902418,0.0445639849217525,0.0553194936287032,0.0338935818189057,0.0345355861377279,0.0237488366797801,0.0289190791520329,0.0298636160770943,0.0159436406599746,0.0273403768921039,0.0564306663295706,0.0357406760297159,0.038183163360556,0.0159731012986775,0.0321135592350297,0.041734720985422,0.0268409959991801,0.0269424825941707,0.0275824567793904,0.045290549690213,0.0241992255041368,0.0514898415331551,0.0383549917744895,0.0166734421602149,0.0301837533215009,0.0224627165310169,0.0197978697597387,0.0368979879432858,0.021637839492606,0.0345203777268055,0.0578656812043013,0.0615421171298153,0.0334142290462343,0.0383032738890569,0.0385062552464744,0.025251312654036
"FEDm_14",0.0281074250544596,0.0285600546763564,0.0171775702026353,0.0228909634348952,0.0447276417163174,0.0389305705539352,0.0366239030645447,0.0203846539760201,0.0288389931669529,0.0504367209257692,0.0341384340122655,0.0339340858582558,0.019863552732161,0.0521128740836702,0.0221873897815519,0.043931603412872,0.0483516319506539,0.0180957657518234,0.0289246183675907,0.0190260407910437,0.0229762118155715,0.0391017764894754,0.0234028772312793,0.0378571761815527,0.0507531527879958,0.0463640790609528,0.0457111747950624,0.0341454290571727,0.0378138641516066,0.0246297649155569,0.0314287736395255,0.0313281667502071,0.0154482126384937,0.0261761347076261,0.0545834595097038,0.0378306262639654,0.0436689779437438,0.0180000138969748,0.0258939062376483,0.0391781678691162,0.0261083594029881,0.0379283316296623,0.0234740991416181,0.040545411820665,0.0220743873650336,0.0554988009210328,0.0388880738324082,0.0182751917689158,0.0297429583683818,0.0207538501135265,0.0215151146518047,0.0508850450923714,0.019637010714438,0.037999177616837,0.0461738000676669,0.0532648804751075,0.0474342524863718,0.0368344276355001,0.0315364681415046,0.0178939192971608,0.0240887031679264,0.0295134867760923,0.016682115819982,0.039744134008248,0.0320984484312673,0.0478671757431308,0.0343075526196492,0.0197836372998133,0.0375610058586498,0.0409127863208174,0.0296877211327349,0.0300704138178328,0.019379070739379,0.0620997679039425,0.0247513938023621,0.0447267388649172,0.0471674989441231,0.018221634641994,0.0251507466088397,0.0163399408606114,0.0221815461616608,0.0374625994155433,0.018585153454199,0.0399505391447658,0.0600243354540485,0.0427729332486274,0.0543167065625782,0.0340086143320229,0.0288461757862148,0.0216974230780263,0.0355833440504095,0.0338556452983759,0.0154920624624869,0.0246429912653729,0.0305259650437859,0.0415502676681594,0.0310111371280367,0.0175624815012012,0.0203414620496068,0.0611199768446268,0.0315177742110343,0.0291931665143298,0.0200977320681667,0.045071301614666,0.0240767988113722,0.0550559072576475,0.0360529479497436,0.0176441690310538,0.0267245248244386,0.0160606264549451,0.0226619734346305,0.0463800442028037,0.0257271253226765,0.0301854661451416,0.0573371122200763,0.0657420523784669,0.0461120153945869,0.0382429416021851,0.0318832122988412,0.0225477749511317
"FEDm_15",0.0268026648280708,0.0312829520676881,0.0166757260898318,0.0333980223381298,0.0391886635741503,0.0373739996766204,0.034688342268997,0.0185652254232356,0.0390022126408462,0.0466322515324359,0.0337851326901091,0.0279532411124119,0.020186560130438,0.0626144575937742,0.0281395293360552,0.0462147486069055,0.0599677546619579,0.0157950071225515,0.0241865567950617,0.0155120952360315,0.0233918327900579,0.0357078067607666,0.0249173280604824,0.0371169942804093,0.0603039809102536,0.041178502720037,0.0259051217318319,0.0349233572789856,0.0386528169169229,0.0199371148249502,0.0334950791791016,0.0343975283222868,0.0176391917272876,0.0251699735191314,0.0388804680592686,0.0424090875689651,0.0287025107756645,0.0178375647998397,0.0296560271304068,0.0467166792687564,0.0370416862401907,0.0285799384723991,0.0193240823704147,0.0505038607932374,0.0243406586490105,0.0536047459910229,0.0379148625715214,0.0184542464948246,0.0289419461566885,0.0198035669771852,0.0204682063324905,0.0411676437726888,0.0241474406062475,0.0369130998454341,0.0397650913912736,0.05175344880002,0.0678453084046885,0.0297599065634308,0.0309856206866059,0.0237805285299169,0.0322919681039818,0.0261457185983425,0.0137256210316832,0.0191125402971257,0.0394749105809114,0.0453801421153565,0.0396975314729953,0.0168252587673138,0.0273032766786044,0.0498415548507697,0.0305073826007334,0.0579102360296973,0.0168054727241236,0.0396071971062188,0.0191113558851869,0.0528559173785858,0.0601284111345514,0.0147747392638969,0.0336246048126899,0.0123621698290962,0.0183698960257183,0.0389590158997419,0.0235001664926449,0.035601163555202,0.0450173720652315,0.0524207198960463,0.0375797530560609,0.0481400758454909,0.0335617849960724,0.0193640429059266,0.0297285726165953,0.0425587171240262,0.0164586101931492,0.0211347318502623,0.0495613529258782,0.0383400688489181,0.031940205433197,0.0188456202313557,0.0314857861717179,0.0427605624690701,0.0290386370633202,0.0276794242525655,0.0237209286719688,0.0434795467539044,0.0175161153789043,0.0399276901140107,0.042433092086114,0.0181462219405321,0.0259801306449672,0.0230079201100893,0.0190612080790593,0.0549117313211108,0.0231595244780923,0.0868856428342965,0.038343364224416,0.0452011326274626,0.0327352767042486,0.0308258197772375,0.0366553777424999,0.0184769873310302
"FEDm_16",0.0310142439274056,0.025481747379928,0.0150432857392987,0.0203464117912592,0.0446747504857268,0.0494166529461037,0.0339444284914927,0.016706660480379,0.0320299813763322,0.0581898912981726,0.0281315879887631,0.0531270792475265,0.0191258624516384,0.043724737482916,0.0270097535440113,0.0471178571329135,0.0560191394886994,0.0149700659712092,0.035748017969467,0.0132245918750016,0.0178923818306362,0.0460451065797575,0.0292765431949696,0.0203933402592128,0.0452161900017061,0.0515205464152751,0.0323778543027811,0.0385215019741646,0.0325964966379175,0.0211132917353349,0.0296747887974271,0.0401081790774941,0.0146644837497009,0.0189711282612982,0.0435403928803746,0.0345371296254715,0.037181567691352,0.0180155919680616,0.0298997047289151,0.0451423543746258,0.0311149188673385,0.0310889374508804,0.0223885207124186,0.0443757690640644,0.0168525024783683,0.0424525070669505,0.0349373197862377,0.0173976305495436,0.0211201065138649,0.0187786354697231,0.0222201180971413,0.0544523669951791,0.0238951480723597,0.083680673176461,0.0437709019268585,0.0545497850322224,0.0391592522261986,0.0380741604236503,0.0288334642442793,0.019121960691539,0.036463893820924,0.0481950890501619,0.0145982000826317,0.0181452258469884,0.0416437549792175,0.0399844745608531,0.0358301738541146,0.0167890404815237,0.0312502134875203,0.0339072103465276,0.0264604470034791,0.0299816225716738,0.0204931541382445,0.0557029782894602,0.0193188397935483,0.0555174217960864,0.0450834337245313,0.0172137027957872,0.017297371636759,0.0208477964234944,0.017239809363916,0.0380150991676518,0.0322793054270041,0.0601722282778556,0.0421388794460357,0.0489119028692493,0.044739459071364,0.0375009271862393,0.0328356134887456,0.0214427310184116,0.0385281240330086,0.0329462420104074,0.0149923831947418,0.0248689220103804,0.0414131029991272,0.0349014841582012,0.0323749845855883,0.0162788483342883,0.0272093473130303,0.0471102161651129,0.0255596167161976,0.0366275631459961,0.0174782331559142,0.0376911601453354,0.0225356822274049,0.0511278150826834,0.0399564209319282,0.0171633910965846,0.0295720667896307,0.01968546012914,0.0274417471298274,0.0438056719468455,0.0235171559740277,0.0401582868747388,0.0620063394058795,0.0518125446813149,0.0343676398430667,0.037124208245197,0.0342810315819838,0.0374643100924174
"FEDm_17",0.0326961163966676,0.0420525226598418,0.0160780914908815,0.0180622518933313,0.0457383273744762,0.0353147782843849,0.0330077580507565,0.0167055067877466,0.0552039881818983,0.0346713277973908,0.0268835314224294,0.0332575061747185,0.0228098737275753,0.0461325374109006,0.0202192927443217,0.0465672263347441,0.0444559504643137,0.0169055435638776,0.02085400243713,0.0232285589826269,0.0166866617231894,0.0336220289012938,0.0283863857285366,0.0499864467818233,0.0432224208895285,0.0483416357194424,0.0493907678070856,0.0448743641091396,0.0326465369420275,0.0219980592179202,0.0357563372458233,0.0364063051842241,0.0146986303928036,0.0242590204905261,0.0453467271498104,0.0404547731993464,0.0318257045373888,0.0174425676608492,0.0294262524364158,0.0465092941596924,0.0253019706967264,0.0369128250690265,0.0188814377888019,0.0390554628232717,0.0202111590019398,0.0469403588650413,0.0412880979827073,0.0169573286615151,0.0258641468297433,0.0182374565899813,0.027655326770364,0.0394142709366611,0.0286680602132933,0.0421071150162852,0.0556021306931519,0.049478220228209,0.0433436332007193,0.0353871842691826,0.0337869010110817,0.0327813008954172,0.0335751057503185,0.0263792932742407,0.0155614978634488,0.0177955076094753,0.0521980024489148,0.0438371177801834,0.0445527861460503,0.0160397730714465,0.0278879612191445,0.039954583707676,0.0337096008698965,0.0372311084337772,0.0223929160787823,0.0412860865449836,0.0168260344199617,0.0521510574203869,0.0563225909346441,0.0174632973072454,0.0445061266669499,0.0208105078596432,0.018160932412155,0.0301343001686215,0.0237865287515092,0.0384563646063767,0.0300835837148865,0.0498454857604996,0.0454956310532873,0.0460560745112633,0.0353722081454187,0.0221279354688125,0.0311032051627733,0.0387440564559978,0.0142887246907813,0.0215547414367755,0.0498496938694577,0.0389607786216627,0.0271127421117355,0.0171449428985894,0.0377809475665659,0.0442882299258809,0.0286702470752456,0.0297314183010727,0.0259364916844828,0.0384291994557255,0.0185177872362884,0.0353580422355484,0.0412014834262307,0.0166197754985886,0.0456789475264445,0.0255500989657434,0.0205018935563583,0.0363501870836219,0.0257388085742908,0.0551066817019793,0.0455388954886266,0.0527167296014541,0.03315484034389,0.0446337162238315,0.0433904975093281,0.0163461957710287
"FEDm_18",0.0383061575319682,0.032226545514171,0.0149430847658508,0.0160803973683352,0.0469435293502126,0.0399525459054636,0.0371029574873456,0.0137425124009243,0.0346231048366842,0.0685112495005581,0.0282325382567036,0.0265519018876047,0.0232657252827588,0.02985083779161,0.0189173128213302,0.0486222460968559,0.0434367926528456,0.0192797175577587,0.0383502200197415,0.0182654998384604,0.0206031022576253,0.0434150373397198,0.0304149934136886,0.0564227886961539,0.0243172618061178,0.0528024027615222,0.0242166010476621,0.0527135011495577,0.0322702697837321,0.0256191648770374,0.0349868727297562,0.0333554153010604,0.0159329059446236,0.0179605887466787,0.0480566707502141,0.0432158448896767,0.0354637085899262,0.0168905513531456,0.0339601134467151,0.0334558362913894,0.0345374205487133,0.0358145966439509,0.0178383386805439,0.0371967473870717,0.017419550604001,0.0387381057429326,0.0494690668218484,0.0150731765035552,0.0421217073337774,0.0225258011560286,0.0286777804717685,0.0302404559672331,0.0261974882389037,0.0472022966343185,0.0425741835937192,0.0570771633065963,0.0422848925826302,0.0420002173381447,0.033566113684102,0.0261663887169748,0.0320800447143084,0.0396649565328119,0.0167475735240889,0.0231201142421742,0.0366613499521306,0.0456492059958422,0.0315103924655577,0.0174461021044952,0.031497146840452,0.0579342071307801,0.0256518519018937,0.051031844511364,0.0190046029460475,0.0457850014267331,0.0160796438820316,0.05652686869381,0.0398191559111799,0.0182686966394958,0.0267915914759354,0.0164494140439139,0.0280827721801529,0.0311085525731782,0.0251789621395003,0.0387867056997777,0.0457027122578471,0.0423029774770997,0.0354570570646798,0.0375207669656511,0.0397349080010587,0.0284048207060084,0.0271274869194844,0.0308080288164778,0.0168699543755172,0.0322089384432507,0.0481560384250846,0.0407915161569165,0.0400400437890333,0.0186286402747602,0.0229403004840019,0.0309482029924695,0.0353571114812599,0.0304515929877857,0.0243720047862867,0.0359063668260323,0.0179233516522381,0.0512219342651308,0.0571729222771898,0.0188260090365572,0.0466303038066658,0.0234970698908986,0.034769802411573,0.0234555041531183,0.0139752798540162,0.0507105514063184,0.0366708886716298,0.0493310145007308,0.0317211784209679,0.047801700173785,0.0352894604971639,0.0263968022236555
"FEDm_19",0.0378402858107257,0.033094046345932,0.0154422938303328,0.0209839450748549,0.0397987420948391,0.0376272571106446,0.0303344888698142,0.0147499498682725,0.0347951308914807,0.0519532402842257,0.0282310169389444,0.0431422588498855,0.0177380208263659,0.044564594636023,0.0160042175071362,0.0514946561417816,0.0403630989165952,0.0179129590158496,0.0286711087478979,0.0164344754204096,0.033509897808678,0.0311533234854912,0.0259511959589903,0.0422183351047319,0.0373844021509255,0.0611848963558404,0.0352415717164165,0.0432750458323963,0.0423599594458339,0.0265455849586849,0.0286584916396888,0.0317115263790214,0.0165043817499107,0.0313459636422493,0.0437781607294033,0.0413605380142759,0.0346934543253509,0.0192121192109759,0.0307609986820363,0.0395236991503696,0.025293059305949,0.0493452068066665,0.0224171559704142,0.0371723325787099,0.0155557578414322,0.0510003119645092,0.0423021578726846,0.0202214480281771,0.0443426304511187,0.0174864103735979,0.0325174375573864,0.030784317620671,0.0192083223916253,0.0482361048487245,0.0421698384987799,0.0465353008221011,0.0373274652906258,0.0412193348612558,0.0342273225726902,0.0250887508195984,0.0339200491937389,0.0408568918439492,0.0164239061532063,0.0293216935038092,0.0482065652001693,0.034283857598601,0.0385905107753142,0.0197015055697978,0.0243591514170201,0.0313322206361012,0.0248704092552906,0.0232278110349016,0.0206504080359297,0.0549538495937241,0.012827794910728,0.0473477147796731,0.0258431829356378,0.015289452683732,0.0177763053129191,0.0202970632116654,0.0313999840098109,0.0305974331406937,0.0277031154669768,0.0465489256493855,0.072047385368796,0.0599576099643406,0.0585180218180892,0.037504257128084,0.0264036739039342,0.0292392499039803,0.0257811448332342,0.0392769701729857,0.0152882103508149,0.0258218472192092,0.0426361797558749,0.0284549189252174,0.0296200457904899,0.0167439372344447,0.0285865342349614,0.0558292039839237,0.0223596750331312,0.0288236591053862,0.019925402404464,0.0357069869954088,0.0162902676514822,0.0511792321341826,0.0351940476640517,0.0170313238594358,0.0332244253308392,0.0228936843802788,0.0288812318355623,0.0419764238864412,0.0238596911038334,0.0480889463130404,0.0457753176967724,0.0725646031681407,0.0541692258247337,0.0451642877875529,0.0250979986682277,0.0237545766558789
"FEDm_20",0.0346900386532587,0.0371820755015314,0.0161948326072943,0.0287322526047372,0.0567778362892997,0.0410869861700809,0.0385769337267894,0.0188426984041788,0.0267364016312934,0.0306481600492602,0.0198978188992913,0.0270351700729084,0.0220855533701767,0.0538186262549692,0.0148719824766405,0.045932794371485,0.0250123541843729,0.0157402461719864,0.0240173576704143,0.0204756562699916,0.0298514408104273,0.0282990037609123,0.0264251613414196,0.0446289933063183,0.0635529717705259,0.0572720423804425,0.0563880820368142,0.0355079717556552,0.0304348834948517,0.0292836739626727,0.0255738615505887,0.040739599928753,0.0147322989240878,0.027041365991255,0.0439532855904453,0.0313305716322145,0.0293200305982925,0.0183139336952812,0.0269635114742815,0.0442526474397564,0.0230020940398382,0.0295464000544987,0.0192754980864437,0.0415579837994789,0.0150581780827877,0.0505720370349526,0.0396017143100412,0.0172186331893308,0.0318680845855734,0.0230853476728772,0.0291824133051484,0.036442915119093,0.0290790659957937,0.0504253638998995,0.0381143577140778,0.0658487209070743,0.0664770646287873,0.0416796488515377,0.0272675092830234,0.0224758626147863,0.0304772912517129,0.0280423282642048,0.0156343089700902,0.0219031812374509,0.0407356796092524,0.0459027262204541,0.0305320757139875,0.0225801386848992,0.0336748427063952,0.0487204855028097,0.0455932138866661,0.0252829420556727,0.0176937024975818,0.0266204300434252,0.019377800199794,0.0496676535337753,0.080702043795411,0.0208114371506467,0.0259754592590357,0.0152125907976258,0.0265315701728234,0.0269157898420378,0.0307530517437074,0.0507695877279552,0.0300333909785202,0.044779715219269,0.0458838037500151,0.0369223401526796,0.032729814795025,0.0295406042370761,0.0297644737300124,0.0230828182259673,0.018321265054363,0.0281560463193791,0.0671503136264648,0.034459478529855,0.034259974333485,0.0184791283149677,0.0286050792794405,0.0401431131979458,0.0297908833087242,0.0310799275829299,0.022209758551625,0.0355625619412845,0.0174226900013201,0.0477932334892167,0.047958767618117,0.0168089563518979,0.0293727137863735,0.0249458504284928,0.0304888139594018,0.029670867220937,0.0305881666585387,0.047996573217166,0.0280152984057861,0.0639439520000228,0.0421883257913084,0.0346125400369576,0.0379445477247376,0.029183881313282
"FEDm_21",0.0251870966301947,0.0328251295605788,0.0151741988805486,0.0211814602191147,0.0624580970682133,0.0366816133882301,0.0298614284912734,0.0208552961615819,0.0415567100724844,0.0400223745975551,0.0395262663975445,0.0216488740189253,0.0303164645406076,0.0236326100920421,0.0214344431447583,0.0407890168593829,0.0743484843046835,0.0192292998204331,0.0270380759952797,0.0198540141607942,0.0220219041515457,0.0226463131538392,0.018429017761165,0.0655711375929017,0.0289577059247154,0.0413117694671959,0.0401195617412297,0.0361478444821359,0.0467050445740797,0.0344687467469656,0.0371259068712121,0.0251680925441365,0.0181722669968873,0.0179436459484595,0.0692681827796878,0.0413425237645079,0.0293898546529093,0.0179454722995236,0.0297425142548816,0.0406203152249758,0.0346845091552294,0.0237782257472959,0.0220883501780655,0.0340699578169947,0.0190164876384303,0.0513239142486543,0.0528613504163146,0.0187013410128227,0.0299396123805548,0.0178846447393158,0.0296548773956982,0.0292427215906387,0.0294110989965727,0.0385371181860547,0.0237858081919623,0.05592514813175,0.059502800871219,0.0388840282985697,0.0390162736959235,0.0249729559707517,0.0375903247762124,0.0320175217127572,0.0168397356374732,0.0176152729980609,0.0424828979066343,0.0366452738554092,0.0407017362699369,0.021698312041431,0.023433669129744,0.0449798518642117,0.030143764408137,0.0426725911685639,0.0282884500628892,0.0347280363322668,0.0199350965725632,0.0537564938030643,0.0490409424219369,0.0219370107822874,0.034618115959479,0.020232595753995,0.0369243276365159,0.0231673583726785,0.0300006941955741,0.0389279511286585,0.0318472097666885,0.053046668127406,0.0479977177945504,0.0312569602121836,0.0328245968422532,0.0246488224664377,0.0337052751334264,0.0310911109531296,0.0179612173829748,0.0220720699718064,0.0614718119847296,0.0398823521046392,0.0274577379683917,0.019443521449346,0.0320009317148136,0.0601196195772701,0.035719227292969,0.0278646733243114,0.0264093068945281,0.0377390066609696,0.0230040416502076,0.0509907772295541,0.0413170602622285,0.0187920139643573,0.0307082790851472,0.0301870706174306,0.0295960365067062,0.0352126378791454,0.0298581919487146,0.0259737816524848,0.0430588468772296,0.0583324717890615,0.0330219749794114,0.0312488074934625,0.0292090285229712,0.0165511171285822
"FEDm_22",0.0372151875532464,0.0298144210730293,0.0157015055611195,0.0210630151382341,0.0445553425715606,0.0396035600654236,0.0395490996368424,0.0203469296534581,0.0302699399894283,0.040074763378243,0.02932837976657,0.0461557211794095,0.026737535458857,0.034331273787232,0.0181080767795745,0.0438124622241567,0.0424788440719698,0.0203014783098871,0.0339113643558926,0.0172366627049434,0.0370266465766601,0.0246658820795187,0.032003877130657,0.0446925516394977,0.0495009741908973,0.048655186323101,0.0350552704370628,0.0419603190292546,0.0328050838380207,0.0230386454962521,0.0487503133489458,0.0306520404833743,0.0210444067321111,0.0177456797106997,0.0728215496536689,0.0367290080088288,0.0336494015480168,0.0259021230736308,0.0416672210348373,0.035441380649136,0.0381874449732255,0.0346537324348875,0.0272438837862744,0.0313147179701535,0.022328760022007,0.0462325926220088,0.0245203629056403,0.0206893330262778,0.0239726790950911,0.0288978298000188,0.0308544705154843,0.0282009016875646,0.0305698362981824,0.023722871704661,0.0293253307370419,0.0690351530485384,0.0507967072228007,0.0262938601300266,0.0275005643780032,0.0212558433988627,0.0344539213910098,0.0342945489915169,0.016643126450873,0.0356466561440629,0.0361790499133639,0.0388440989174821,0.0299877639539287,0.0161261242762483,0.0343942921277741,0.0476550045692673,0.0306122075483927,0.0630258808839867,0.0184973484321819,0.0401911448135391,0.0184376083737452,0.0490863346540253,0.0357801534588199,0.0173463218306879,0.0372793660718535,0.0183800811206098,0.0249640856116474,0.0359652426463633,0.0258781607769546,0.0453095939069588,0.0379075424421799,0.0639803898970306,0.02775009049101,0.0406822826513173,0.0303669275874998,0.014334650065669,0.0326736533713799,0.0420763413565891,0.0155862677260694,0.0279985180316339,0.0435533404215694,0.0515494415883175,0.0359736943664044,0.0190660566296694,0.0260605059784121,0.0499673971072347,0.0359540156337197,0.0713468735654518,0.0161584376798552,0.0541315740123069,0.0174003570653883,0.0680671730246431,0.0467111167738665,0.0187859507738547,0.0271351374367347,0.0190841292962527,0.0168435992895061,0.0220071191644893,0.0206788431434054,0.0329902913749369,0.052322308849443,0.0305432478099001,0.027857082436957,0.0312473225845059,0.0269718767276728,0.01925832677983
"FEDm_23",0.0326379573277496,0.0333071755639382,0.0171250644526489,0.0308292459352438,0.0306981938798675,0.0431405893148066,0.0283881242351326,0.0188773552327768,0.0319232845368278,0.0484362083540049,0.0258631660341791,0.0516548142359465,0.0166580494626793,0.040856682831639,0.0264806138356439,0.0466917313004459,0.0349758880695332,0.0211626013335743,0.0397408900373217,0.0160283724933658,0.0267097891241248,0.0377219567402006,0.0270341979786608,0.0484139861968958,0.0422691146116149,0.0751830668776379,0.0283095855346584,0.0379152292838594,0.0249430317102915,0.0160240334747305,0.0349623443564683,0.0382400796324546,0.0176147718293497,0.0364537226867937,0.0361531084728269,0.0513905907921571,0.0346895663423117,0.0203316567803747,0.0247001618382773,0.0406389998487098,0.0381247260718367,0.0760915158014261,0.0154968759624568,0.0495707205824338,0.0182767054614293,0.0614341967752614,0.0363752722532914,0.017567781371853,0.0242593581927178,0.0175685314702556,0.0229418277758174,0.0194238514101649,0.0245818454130423,0.0354214548086633,0.0489146942001501,0.0447580403541661,0.0314783318352773,0.0353416720377012,0.0278330338124949,0.0193645618298369,0.0420289507213483,0.0341436831992442,0.0173928821787079,0.0228837539230522,0.0341739968969122,0.0433353338596174,0.0420435300321168,0.0173640261084481,0.028638749585262,0.0547198087867238,0.0299934053042433,0.0490275068746528,0.0150744098376102,0.0499898692229985,0.0190674232053838,0.0418662856837205,0.0512872316028147,0.0173585327452552,0.0228636898495747,0.0174983923798099,0.0376293689841979,0.0325166471247548,0.0167059373129295,0.0269776375096151,0.0577986347222707,0.0474262926316731,0.0445846513096439,0.0368973796516251,0.0247218401901401,0.0239901485656532,0.0375148962772237,0.0383896575297931,0.0154992205099788,0.0261565229574718,0.0511865077480782,0.0432953137927657,0.02932714741189,0.019150212343081,0.0287371582516913,0.0347536880709423,0.0338322131673836,0.0256257426713867,0.0222535334091884,0.0425161635991337,0.0195287723083869,0.0540769176531245,0.0394308842219756,0.0175013889755409,0.0263188979363843,0.0202880051985152,0.0285936731664056,0.0288767135759867,0.0284771168446694,0.0301993266365558,0.066724212244168,0.0445445692443687,0.0310588618054716,0.0408910923986525,0.040103854478709,0.0351477355710768
"FEDm_24",0.0399763466795246,0.02861297448708,0.013930859685589,0.0247222098460634,0.0444816621083885,0.039266074110327,0.0371039651923769,0.0152909035141604,0.022004926783009,0.0360715846026843,0.0323303041388078,0.0381600018874389,0.0158820009984567,0.0411214878697167,0.022866914792098,0.0489453238706567,0.0597386084115648,0.0158823702746746,0.022705187399631,0.0171036430240567,0.0488655902455414,0.0341072145960017,0.0160971144127909,0.0277154165448373,0.0704401606419598,0.0524639865227187,0.0353632643946066,0.0372815928296426,0.0339356943532007,0.0275326157823953,0.0345740946691308,0.0345308858936196,0.0177635726887552,0.0188100804068053,0.040285933203416,0.0458313069642996,0.0287400862188425,0.0191693085103854,0.0243738969402589,0.0447898780108811,0.0276600784418394,0.0448433602899625,0.0149534252270379,0.0468093007581972,0.0228626159841971,0.0529382139244118,0.0374677989350363,0.0197463457566663,0.0244552609061331,0.0189762365538593,0.0252043351006623,0.0285301078473995,0.0306997707202102,0.0262942943143721,0.0484434738522917,0.0560435375927502,0.0577356688007748,0.0401002724720722,0.0303717907572401,0.0369950682584916,0.0313738304618975,0.0338299516812629,0.0166211711840696,0.0260060607135891,0.0395731661403694,0.0349930213236258,0.0424639595679409,0.0192544994231582,0.0377131653716583,0.0334421470752396,0.0313850172416682,0.0469513072024573,0.0228573601149247,0.0348248768010071,0.0216957835755761,0.0422278042434876,0.0390211960873133,0.0170227763434613,0.0369186015861349,0.0188483141487607,0.033701210372038,0.0327996831275774,0.0270462661583581,0.0314195887616995,0.0629808394130821,0.0523797502253959,0.0367230357766138,0.0432622860924176,0.0319074482683069,0.0207558815169081,0.025174749366581,0.0378367071030291,0.0150668618721075,0.0304714885398653,0.0405374649206084,0.0293353299412127,0.0326923759057571,0.0133971599983875,0.0282212901040433,0.0410083622030698,0.0306217452204107,0.0339616643230823,0.0166239029589823,0.0393209274136271,0.0156896918164132,0.0575334235703487,0.0461680004246164,0.0228782145257423,0.0226819076396495,0.0202697201195855,0.0322245649647556,0.0373628122827829,0.0177044836671316,0.0227577599614337,0.0789901592023216,0.0630772171526142,0.0325765298568802,0.0431120019996138,0.0412909697899124,0.0314125131554343
"FEDm_25",0.0323173971551786,0.0334777499167946,0.0152350081749291,0.0299933605979379,0.0523991512260076,0.0319763474485931,0.0389039753241821,0.0185610726570121,0.0297630425167819,0.0343582149866547,0.0310067343944322,0.0472388517871913,0.0242193554699639,0.0386010935530741,0.0209999038769381,0.0437348495180411,0.0349569725791607,0.0170089042111845,0.0401541541937007,0.0170553017397086,0.0352227687263081,0.0391940811137665,0.0273686309446933,0.0388099839165545,0.0566812117304316,0.0406915331563002,0.0340284511150813,0.0441995259591917,0.028327325639004,0.023515046371202,0.0275452257712307,0.0379843629013336,0.0160499298797358,0.0301255456137946,0.0335805049101033,0.0342839757569012,0.0341143130558998,0.0162907700834305,0.0346622404111588,0.0342072230210119,0.0354721450591979,0.0309051591133179,0.0170916371308442,0.0460997843998704,0.0201272003549026,0.0535510350536565,0.0447075097793308,0.0223288926699402,0.0247417525869725,0.0188378100754132,0.030811849579605,0.0281894890146148,0.0144453132945225,0.0239600640376546,0.0775383444613217,0.0504135440077442,0.0441143272050731,0.0395657216191053,0.045529749946879,0.0327245792054329,0.0333541670654539,0.0347711327136979,0.017911629862508,0.0318889227741166,0.0422360545423744,0.0430221834269573,0.0457592937396244,0.0189536258342402,0.0229784048926265,0.0410922692562113,0.0366016402899064,0.0303306744406647,0.0236313570959074,0.0432915098131361,0.0189924248853953,0.0435048296085434,0.0581451886383808,0.0177352030601056,0.0312574679447228,0.0187600964343717,0.0351307215590897,0.0223208784333921,0.0173369730499719,0.029195993291167,0.0601911367318776,0.0466283389690253,0.0342405229192256,0.0355211556302001,0.0326222981877696,0.0325939049093364,0.0263861938694973,0.0356432951884887,0.0157346389270921,0.0192460067640652,0.0483606335160299,0.0378218885106398,0.0297855007167623,0.0164978707755506,0.0384280673186466,0.0553143145125339,0.0307975414759066,0.0304095869860812,0.0256685728208095,0.0516669068339622,0.0202200805127313,0.0480146212454632,0.044383762452451,0.0177715472313309,0.0323552364302154,0.0218663291163559,0.0232296877624584,0.0330136979384492,0.0246505807668101,0.0297504631729616,0.0449240178043692,0.0593062210328791,0.0314516480540808,0.0427874897672292,0.0272732047674743,0.0372403937286747
"FEDm_26",0.0434790750168387,0.0324616334974583,0.0183334762560962,0.0309129468259068,0.0493336969140963,0.0440815283362516,0.0383060674632543,0.0170202970136233,0.0220397988747119,0.0283044786354309,0.0354988420147863,0.0323110101443957,0.0240309021732225,0.0380972518151796,0.0217916648003455,0.0462493334999428,0.0633018615973675,0.0167519872551109,0.0380129017370202,0.0193177618346155,0.0321242747460431,0.0315782857285838,0.0213761520532136,0.0246577741627066,0.0549811010181049,0.0379469316400063,0.0233843060617397,0.0380013272685192,0.0421900069610616,0.0341233246543664,0.0272709686528328,0.037833327416297,0.0151699036403997,0.020630296704488,0.0494328714156919,0.0395491605983885,0.0356881212865664,0.018148545214255,0.0319529088699053,0.0528409867319387,0.0347546209107147,0.0306077924786469,0.022013094171039,0.0605448081096851,0.0195570110990737,0.0468368528743298,0.0396852255695963,0.0178645441206017,0.0333854418471867,0.0197293055606466,0.022277244380397,0.0270766283401641,0.0246637013281725,0.0231507348234746,0.0548677434445617,0.051237329557803,0.0348367647373867,0.038072444428024,0.0274563804816576,0.0428652412060748,0.0364739849448542,0.0274430043656482,0.0209556860349626,0.0302327454106752,0.0415733650537049,0.044182657741752,0.030742981013535,0.0186034898270423,0.0306291116727818,0.0521021020510768,0.0269594984950258,0.027311823857118,0.0144395500406891,0.0462136038279511,0.0252448372629492,0.0424845011426594,0.0626176788953295,0.0203236166164369,0.0310167049386891,0.0209845860051151,0.0231625292392885,0.0332569488745291,0.0183433790549723,0.0291255079452559,0.0493074546577438,0.0680736030091141,0.0405674605354823,0.0341623191190484,0.0288759292593825,0.0245893391071869,0.0302844683304589,0.037524525915474,0.0188319804552116,0.0205536772081982,0.0536792039182395,0.0333532340407457,0.0401947501906246,0.0174196624345997,0.0365928128326931,0.0430898601666886,0.0276804248930017,0.0325602728932768,0.0370259034031435,0.0291349675723994,0.0222075490710252,0.0424683603870539,0.0379515645737655,0.0171261056088636,0.032152232699502,0.030049140647254,0.0214692450864281,0.0340004096113695,0.0278710264552303,0.0404388237095387,0.0456595831005934,0.0504624226407404,0.034134275963347,0.0479226944335809,0.0357365382799924,0.0224242834769597
"FEDm_27",0.0414839996514242,0.0231916666331533,0.0217791069550022,0.025482745627197,0.0562803721546916,0.033255702638614,0.02807433787017,0.0181686817087613,0.036379268270344,0.0554808979200799,0.0257876072344133,0.0260224416488555,0.0248824581467098,0.0362847362653766,0.0326112218043366,0.0375172774661656,0.0611636775405507,0.0195179312427545,0.0360015946774412,0.0197107384850692,0.0255911196103478,0.0316160105098421,0.0228254360211445,0.0323193638279548,0.0341449982874291,0.0576542077888379,0.0414255145228814,0.0434323485964667,0.0306463747767837,0.0212681621172016,0.0309348047099614,0.0328553865493719,0.0194320800793968,0.0234534088259133,0.0553987030487087,0.0346105813163913,0.0320755161512872,0.0180695917813512,0.03451291554833,0.0644235226906834,0.023693231861608,0.0342246466167327,0.0283596712821582,0.031670084364104,0.0250973963851992,0.0450430614527002,0.0350416086875446,0.0192152263276989,0.0246086851633706,0.022477318936846,0.0273838910117062,0.0454117493379986,0.0250433168339075,0.0310470665375061,0.0413198413483932,0.058466188556518,0.0387615612688523,0.0418861248745731,0.0269837313117801,0.0284990871394073,0.0305031591578789,0.0290328058582435,0.0148141451100493,0.0296186581003496,0.0481192312658595,0.0361107401600322,0.0250222767478207,0.02301609504894,0.0431870808224223,0.0334006383259236,0.0275397014049845,0.0223107410793774,0.0264916431829082,0.0589787026799412,0.0180703080856204,0.0480122585210033,0.0427865660932743,0.0225098025990347,0.0227861250232306,0.0226499652455519,0.0319502837404513,0.0314783164245284,0.0183351258259551,0.0283696303866114,0.0775953108420895,0.0536638523848927,0.0509673105000411,0.0334828988005377,0.0247835547187701,0.0244130718636769,0.0407938557090266,0.0357970739423327,0.0167359060863399,0.0218774914899991,0.0454675889763733,0.0443720661846741,0.0278283212069162,0.0141806765225132,0.0243422072238377,0.0383146474516182,0.0272048610555998,0.0225804961566999,0.0181531008505083,0.0433262341372284,0.0197773382864179,0.0553868181586531,0.0411233142346114,0.0220254143158181,0.0260130836273403,0.0237913164401267,0.0210872869709951,0.0346590154019849,0.0214213522827731,0.0411936595892319,0.0634454171592087,0.0573063528230934,0.0423650432551841,0.0427646960814955,0.0306660426884509,0.0359993216909474
"FEDm_28",0.031826894665345,0.0289582622378784,0.0157233286581241,0.035438982713254,0.0489653206502396,0.0410625129647192,0.0274990217748704,0.0220232441511603,0.0371902857896231,0.0386711276550445,0.0260829701452848,0.0219151293792065,0.0295566214598728,0.0608007498783479,0.0198775338509092,0.0462729921916239,0.0406938526830478,0.0215838302596976,0.0188988163213794,0.0220514649354646,0.0359416711376223,0.0294467573944428,0.0204382386358317,0.028783321059526,0.0733640489374232,0.0502127058454607,0.0408675169842824,0.0323731778469063,0.0278376192272291,0.0256420005661824,0.0370888835395178,0.0363414454531717,0.0162917182332184,0.0196744726358862,0.0497345416041863,0.0374983947043749,0.0275944035790052,0.0172177215835522,0.0218995323099049,0.0288288959638532,0.0317866268591245,0.0239070050270978,0.0195917277579766,0.0480980836053912,0.0180758339003126,0.0518852165424232,0.0423167940088141,0.0219342523838015,0.0243769861654021,0.0249529851724745,0.0247337551310708,0.0306109410840501,0.0233525535353166,0.0402539255245699,0.0750269642480299,0.0552487503292882,0.0487539401980394,0.0341600131038791,0.0282386751457847,0.0405249606704822,0.0336445603140748,0.0307124228183777,0.0161435475311199,0.0306408826731447,0.0430647012743291,0.0330223077240139,0.0354060571265828,0.0182966869483797,0.0335819092358725,0.034935978336438,0.0373238016032753,0.0532305976883825,0.0197143788240302,0.0478897149567604,0.0212703161657936,0.0376994610167915,0.0364728821832642,0.0201401717131947,0.0238748968256402,0.019349422322831,0.0390827745276329,0.0254548518786057,0.0188715278788709,0.0330028889214718,0.059790748777353,0.0606133565757469,0.0480507064980751,0.0385398023830374,0.0268769927924388,0.0233016524844707,0.0290134837400167,0.0315196848815101,0.0181120957571275,0.0244359972725514,0.0554130394752979,0.0297008691041885,0.0363645444985163,0.0158445667604183,0.0307824713912112,0.0428622692192349,0.0468774536584439,0.0250668596678628,0.0235515222221959,0.047737588404639,0.0213438928900679,0.0615323217842865,0.0331658166277494,0.017923163594868,0.0286876759618266,0.0281896170191522,0.0235911837205204,0.0344532739251622,0.0238108761853042,0.031834055977699,0.0403665588722355,0.0659365970902737,0.0415329095412815,0.0322277362773257,0.0265381536426731,0.0315837208363594
"FEDm_29",0.0227302711712922,0.0252931634471015,0.0148653924589818,0.0214182411317309,0.0699232124031927,0.0358011915195187,0.0287123167678213,0.0167341117847414,0.0389313738287866,0.0400100815895706,0.0333008197351885,0.0355467044470361,0.0301052666735354,0.0497031896643802,0.0281731317353325,0.0452099161302948,0.0351900264689259,0.0211880549370782,0.0295264517585551,0.0207514954290415,0.029907766323722,0.0205945419741874,0.0234235618686964,0.0227650403799188,0.0525408239949977,0.0732495341125161,0.037762948640142,0.0378696981942288,0.0306802779573055,0.0280913934721795,0.0371967347654877,0.0355374648337634,0.0193119564375031,0.0271612489682796,0.0506343946331184,0.0260647311262736,0.0368236985074612,0.0175609473944866,0.0320426328515834,0.0284741878915558,0.0491779656382484,0.0415334951479048,0.0245952094427003,0.0410966477371946,0.0193954784168925,0.0473724666082338,0.0323119639751336,0.0173958046761721,0.0239267064787517,0.025388627176757,0.0362703825351378,0.0323910699284042,0.0215682466252076,0.03226471382243,0.0446436027622148,0.0626791709710408,0.0387023566375542,0.0306780471487074,0.0276596991617624,0.0401403477000392,0.0348445843102524,0.033872260574235,0.0199681418906704,0.0198713967682229,0.0452066071316327,0.0425598994823473,0.0367414635507466,0.0199824453705915,0.027043657385475,0.0367466517919397,0.0363022543552469,0.0316919436389673,0.0173211986359157,0.0511914471466902,0.0211872476373475,0.0461422854672668,0.0343650031975214,0.0199362762146528,0.0317121407626853,0.0222915396690767,0.0282724368715667,0.0266059827099056,0.0233432123911687,0.0261045007683246,0.048270184580582,0.0579623490265333,0.0697400186266139,0.0363818213891437,0.0290004701533552,0.0253405785013222,0.0441044853023006,0.0375781112859232,0.0181990078258682,0.0162108653561679,0.0537183956135316,0.038560927036247,0.0298046853620518,0.0156923704604908,0.0342160660776606,0.0396645390079351,0.0300401354496674,0.0361652812845942,0.0218865629094102,0.0414116215896181,0.0176711972842857,0.0531449143790543,0.0441819136062926,0.017909547808411,0.0284167333013112,0.0284332829915642,0.0351553576211276,0.0297293811472605,0.0185463855376354,0.0257351067338737,0.04212561682478,0.0656396011832146,0.0401658143515541,0.0351846286938359,0.0282919865447232,0.0324154774296094
"FEDm_30",0.0287744592331922,0.0377609874190579,0.0194888437286425,0.0240554265224195,0.0470029244199045,0.0407242731588748,0.0359467379247019,0.0184342671592503,0.0266551076870663,0.0306632818531575,0.0288618612929002,0.027531960464396,0.0186031631933171,0.0582754295169624,0.0178125671033034,0.0516430610627182,0.0509646261204895,0.0173911247354533,0.0365235274895933,0.0212553050616586,0.026533595476472,0.0230835097510052,0.0272486015602518,0.0291104527422135,0.0445918418821143,0.0528292823528332,0.0702326598955645,0.0305585060511228,0.0338089724245645,0.0236336427167989,0.0428395676124969,0.0342486996754822,0.0212480222642226,0.0193080824271807,0.0615082075804796,0.0413267747786392,0.0377379635483796,0.0174558184745203,0.0325128951065946,0.0393305941789001,0.0391175298329441,0.0411857320790821,0.020438951546759,0.0424826675322402,0.020039614617961,0.051157492862517,0.0418051910565755,0.01907631546016,0.0248181065843477,0.025433112166322,0.0374353035858258,0.0355602151647721,0.022806755695245,0.0239081810123176,0.0373910637586408,0.0502203242257048,0.0403294431214654,0.0279954352936391,0.0230832156383222,0.0281987231182627,0.037540446501214,0.037410212272757,0.0164097386600904,0.0246739520775022,0.042510867682813,0.0441076872817948,0.0419965425583109,0.0183068134291182,0.0199076776651304,0.0436262159677308,0.0371156304846234,0.045986181386172,0.0180381347028729,0.0597704436210588,0.0272702376549842,0.0463584597380576,0.0492061757547624,0.0180956963749766,0.0225423117420817,0.0211689779408717,0.02865072123868,0.0232094029422424,0.023701978606387,0.0284349419217314,0.0498007440041153,0.052377978980537,0.0312457878848525,0.0324277925338361,0.0303187697124394,0.0277894786782561,0.0323144459236268,0.0270053701299407,0.017044833334195,0.040058188743196,0.0496599445727968,0.0574388879093197,0.0321474185731097,0.0186113933100284,0.0214460494813242,0.0420662262161622,0.0310426811660291,0.0268568636214204,0.0256677985414435,0.04998530542833,0.0151223766722268,0.0555900376842443,0.0538148701291072,0.0183268961733944,0.02809674214188,0.0182382378696366,0.0216796798602457,0.0246475890015011,0.0193825294713606,0.0294966318263877,0.0528701001424535,0.0471623791326819,0.0326215521001506,0.0430827374093108,0.0460706172552436,0.0224516161792529
"FEDm_31",0.0370126168011874,0.0339397411837417,0.0152282682084936,0.0204838142692059,0.0557942580630054,0.029601094584085,0.0391935267723104,0.0162442422545151,0.0278958159146402,0.0559721836636245,0.0373937571269185,0.0365940664814977,0.0220984088770452,0.047924582094104,0.0188144398293565,0.0458956412240958,0.0658260474585359,0.0170928591456753,0.0234276124934521,0.024748100152884,0.036254295543292,0.0267163011705766,0.0237602003205335,0.0310995676916957,0.0334950264159577,0.0532057602920842,0.0237745351292732,0.0335287441937231,0.0399130960029369,0.0270713966415527,0.032071970053022,0.0368140007018404,0.0162237252367654,0.0299022635808468,0.0502292568968192,0.0393314404491005,0.0282198144160361,0.0175900475681157,0.0243678128106504,0.0282133630657545,0.0339590595367544,0.0254282651483959,0.0249133200473128,0.0533596356482352,0.0325322513619656,0.0522251728806754,0.0461917022489117,0.0181219651093683,0.0275666526250291,0.0197971024109711,0.0238560924804924,0.024306550933091,0.0225764250738904,0.0269584857138677,0.0659971579074807,0.0529307011980293,0.0386579679900328,0.0458232886156071,0.0395413922859551,0.0222931160049832,0.0360320394502693,0.0266523438458004,0.0158804786487557,0.0289011775639202,0.0430018062283103,0.0412032012059066,0.0373955618825356,0.0175093862593607,0.0300713631109709,0.0384874283955598,0.035829297091765,0.0224294747943393,0.0247614329325881,0.0445983635711098,0.016962694700415,0.0558749805362082,0.0361467441475472,0.0192179195079827,0.0251097033267609,0.0163021089953737,0.0357324621884362,0.0271924874525646,0.0226063237563164,0.0377887348840477,0.0593857267575674,0.0543757757889546,0.0435618129407386,0.0450227389273084,0.0418995898405818,0.0200668412680048,0.0330488855264003,0.0364926288958321,0.0212098364714591,0.027038027196362,0.0458864317033306,0.0329341841112534,0.0309032496871563,0.0172171921067243,0.0393127514770547,0.0435897228955441,0.0328884193142483,0.0397390671892445,0.0200008388592776,0.0389851428663998,0.0265172769952513,0.0462883707973789,0.0354652863308268,0.0190339754993831,0.0313691327974702,0.0392466790318361,0.0266380292561039,0.0338599647879638,0.0262463418603739,0.0316331637770392,0.0394761119134186,0.0504715537794223,0.0300451285185765,0.0418600563843789,0.0415951152646069,0.0210074347056826
"FEDm_32",0.0379255347957633,0.028038369830201,0.0160378674738685,0.0263579997296011,0.0549964494812464,0.0364269552360759,0.032516291901635,0.0170857121802919,0.0281815459371522,0.0343143803662038,0.0331411275865762,0.024915491814463,0.0181146496529729,0.0518092432459847,0.0284966198730207,0.0577108475292204,0.0357128352731953,0.0190263409739119,0.023609121790094,0.0187548705536161,0.0358466269192297,0.028463816071505,0.0211244469761012,0.0312961846750204,0.0562338233264699,0.0598794565930924,0.0400898343162396,0.0352167174474568,0.0424155106932526,0.0262613277565381,0.0281664982253092,0.0279329731141864,0.0185528022311657,0.0339384205045068,0.0494143751056128,0.0352309612085076,0.0298471448532719,0.0193172247928729,0.0377000747325606,0.0499047740537229,0.0349862804612327,0.0213497724298491,0.0225700867289588,0.0495175531220516,0.0287169773837341,0.0486388329141134,0.0252713926592905,0.0192493201744128,0.0253480799688694,0.0225579110904113,0.0321644050397569,0.0315213961813208,0.0275115661674493,0.0342082291426304,0.0382211472838779,0.066019019064449,0.0521296716204319,0.0365431756766186,0.032962217912969,0.0205077161558556,0.0351426996385223,0.0268033217582043,0.0158202920678133,0.0259729429070125,0.0528767924755787,0.042101701137751,0.0302496352160068,0.0154186196902388,0.0227168380012764,0.0386558977488958,0.0356227667378828,0.0251345228678177,0.0219354706740965,0.0451755103181693,0.0169487545505907,0.0684543200983499,0.0659710153084954,0.019356046808206,0.0321322077234217,0.0232671101997211,0.0206912885813174,0.0372538221943541,0.0211240139840417,0.0284390552738941,0.0479866842761652,0.0529379670165588,0.0345026934491951,0.0389602850844212,0.0304997666038261,0.0278479576081754,0.0370789366495274,0.0302351903786817,0.0161013723925911,0.0246908879004251,0.0527336396644163,0.043750154318049,0.0378175937899154,0.0150377860622295,0.0286081570491814,0.0371580107358733,0.0462573059843497,0.0393988992473047,0.0194842464353419,0.0523011557391719,0.0220302027326262,0.0600498161699954,0.0542559304346144,0.0215723782422945,0.0269471184744061,0.0201994955380538,0.0258510684497405,0.0203886009380101,0.0210128653396337,0.0347370371325868,0.0390992327121206,0.0403107797910985,0.0335181459852511,0.0313536951340894,0.0311436427004476,0.0368766538779729
"FEDm_33",0.0440392876024593,0.0318734342921941,0.0171275812396311,0.0248172209902506,0.0475399836335396,0.0416506172785755,0.0269300794931366,0.0148393417071714,0.0215576581759191,0.0382481696329159,0.042363058021438,0.031938206716535,0.0218787812175982,0.0504438897416696,0.0182757258971175,0.0710668734167424,0.0545475008647407,0.0202673628553876,0.0279208474849462,0.0184843383519208,0.0179490137813281,0.0378231010687212,0.0181871529769521,0.0259902832399162,0.0552779969535642,0.0502403984741579,0.030540139500272,0.0368757883416587,0.0302129869560116,0.0310931800935289,0.0318293875173754,0.0300955903714256,0.0152930834794161,0.0190751275454487,0.0535727067043524,0.0439485962388485,0.0405778755478389,0.016160271405451,0.0239994711722412,0.0333554269820588,0.0433560522921745,0.0379911961435735,0.018237561722791,0.0487672905309994,0.0225485102770475,0.0651739955428271,0.0608072179684028,0.0194327769614284,0.0300426372420151,0.0196356084328383,0.0196957155739155,0.0224495203468343,0.0199278237914743,0.0291201500988325,0.046438673631337,0.0436123953848323,0.0442960154703938,0.0397189132182547,0.0299684445669412,0.0308719638386302,0.0354163494275349,0.0343895781175449,0.0152245780941003,0.0311212576629147,0.0395408087693425,0.0383148488822018,0.038877735908577,0.0168480289784021,0.0256882929392596,0.02999825489687,0.0364389706508968,0.0320336544092489,0.0185408334467069,0.044234961698106,0.0183410843464504,0.0606354316980593,0.0588018705958663,0.0211849316208102,0.0458338541433575,0.0223863361015404,0.0200429955690188,0.0279431524676505,0.0169932640093264,0.0215137754184853,0.049578340017315,0.0481182370190155,0.0571786774242854,0.0368983457845453,0.0318320927588671,0.0260494571437004,0.0308866255626892,0.039326886316701,0.0174882649665339,0.022777526631985,0.0538424027892715,0.0310633648351938,0.0309150217430087,0.0178167367998353,0.0310564136563127,0.0323440182795047,0.0300696380434054,0.0239863281628827,0.0154552421021025,0.03028619573546,0.0148318000423693,0.061982942464677,0.0372972013119866,0.0230429100258216,0.0361594115825192,0.0240397135785747,0.0194529157545239,0.0495691926312637,0.0245502177790985,0.0281368981275156,0.0765174732906277,0.0644070235733134,0.044634876951266,0.0320598463999842,0.0270598101286144,0.0289431007329578
"FEDm_34",0.038192423904551,0.0334541390600525,0.0137506828421758,0.0288895561869163,0.0417908944257662,0.0423217608613292,0.039497199846125,0.0164186055440731,0.0203836422067338,0.0245541816189749,0.040457354703809,0.0342749824638282,0.0169273602851544,0.0461271183947633,0.0203972593162088,0.0664173928831532,0.0689775867786394,0.0189633131887612,0.0471363189395852,0.0172939559508654,0.0255373770323195,0.0256560577054987,0.0181876885046727,0.0232327523460462,0.0568201932348229,0.0426665185166278,0.0362625184915397,0.034758955892536,0.0328469829294047,0.027805225945066,0.030787534189772,0.0366241869789154,0.0182874388327088,0.0243294101726064,0.0473263318332878,0.0335571645346911,0.0307939384689554,0.0188833943529797,0.0285350048229736,0.0350960901312189,0.0306181269038026,0.0367459525242914,0.0223222901141926,0.0338529927747022,0.01655616554716,0.060099881195716,0.0400384750289194,0.0247557981496945,0.0318688792509884,0.0245138323315394,0.0211936087163709,0.0305178400962122,0.0239605280833702,0.0283279242161071,0.0581095288882531,0.0536167864639334,0.0621351152678669,0.0357103297690047,0.0313197902079384,0.0295156601518276,0.0391246436331465,0.0346265956672063,0.0159287227139268,0.027766754931606,0.0510229845321047,0.055117492659458,0.038206527344425,0.017037753692373,0.0225484842186029,0.0307231069549456,0.0473677649221458,0.0372192747603889,0.0197722092576543,0.038010758171564,0.0209212516276669,0.0496517958625459,0.0415381919233298,0.0202952564651657,0.0311736551433852,0.0258406668338205,0.0264090188543351,0.0227701667808289,0.0200847862605029,0.0292363319883923,0.0413932572842449,0.0465040502503003,0.0606667379939656,0.0372790608701554,0.0321543779790841,0.0196083204227286,0.0299253787953312,0.0294889897251481,0.0142994179116008,0.0373425647103973,0.0441161921495726,0.0355875518117789,0.028871955165825,0.0170237966009108,0.0265689199327075,0.0483003667615638,0.0309805175440096,0.0314424852539871,0.0159395837680544,0.0545347282471421,0.0155338314244976,0.0437467759453917,0.0334638541595849,0.0188426290780346,0.0235693444160579,0.0220910183961804,0.0576055303925768,0.026191252307275,0.024856235872394,0.0343926720211084,0.0757767953915624,0.0468833902309168,0.0308637220722327,0.0354415208875955,0.0314050453125532,0.0349139337140086
"FEDm_35",0.0385277829515816,0.0333629603341324,0.0163691666616411,0.0228062967795335,0.0576546793132498,0.0529383303881428,0.032004750919318,0.0168045603184553,0.0240003785329248,0.0426697242000618,0.037695208425511,0.0295528107189335,0.021839071546946,0.0349524498597096,0.0276000169855976,0.0395844124799194,0.0392935696467315,0.0162818726356809,0.0351745035804343,0.0231939806653901,0.0307933934503467,0.0280160931035435,0.0240780073394948,0.0248499940415175,0.0394016561325167,0.0595586529824523,0.0541613644318308,0.0443099656117484,0.0334154122422704,0.0191089337203837,0.0292148694968957,0.0300554017605663,0.0135742942495541,0.0373234626260488,0.0419692353108827,0.0399024883880336,0.0366515710292401,0.0179386539913284,0.0246324041491931,0.0476834148306896,0.0351377484591975,0.0426020715059551,0.0173363679433166,0.0515394286509037,0.0169062410596452,0.0436224747264286,0.0349984841832684,0.0171452137560867,0.018707332800029,0.0215283475456803,0.0307704038485087,0.0272460471407326,0.0224690151009654,0.0307961565529451,0.0696913152906926,0.0514986661653431,0.0468703916596361,0.0394253958853235,0.030628185252424,0.0321349166404858,0.0332112171087811,0.0282281018291471,0.0138611603711168,0.0400349149549049,0.0414976417094223,0.0379669937878724,0.036861787012263,0.0173428982383829,0.0403675558822747,0.0368441277723717,0.0330507518245268,0.0400096030917271,0.0187904928098638,0.0419895270872497,0.0200522444041624,0.0499201615851369,0.0645917967057123,0.0195574239070584,0.0313377127433689,0.022729564434772,0.0193940960713067,0.0375028146038385,0.0215594500646826,0.0335714025279953,0.0377712450952877,0.0548872372153229,0.0421183219606853,0.0371043657780535,0.0256187581945817,0.0222266312281306,0.0365801588215217,0.0340495095539789,0.0153971508782238,0.0200370644524947,0.0570040529746206,0.0383716150162237,0.0307376075324309,0.0189806926184658,0.0342548291477403,0.040486065203306,0.0303794096892326,0.0418662042328157,0.0176155540601137,0.0443113724925147,0.0216322449891562,0.0424137600852139,0.0398725990013981,0.0176818632642627,0.0256553729870257,0.0218471263704058,0.0187851148052802,0.032009400198781,0.0350910768086938,0.0415586170763427,0.0416514891566457,0.0597107220920911,0.0369669598828109,0.0376223912215389,0.0367535155214212,0.0306764598652489
"FEDm_36",0.0350692851871278,0.0313418625033741,0.0139944396411239,0.0388964078313079,0.0436888658962544,0.0445368193319629,0.0381268684026141,0.0165859075777487,0.0342344848532571,0.040046814752213,0.0317697437345428,0.0439840507045869,0.0215148755541841,0.04096372670564,0.0178042958037298,0.0504038807479589,0.0659694299753887,0.0174480111788057,0.0330037117040163,0.0216552333916273,0.0155700745279699,0.0375123231641881,0.0184303232326446,0.0342518847837587,0.0368110000926987,0.0542406079909223,0.0312990153515938,0.0378876515687,0.0292584569633879,0.0236999468466713,0.0368873603672181,0.0354816371956561,0.0160382345995051,0.0320657660609877,0.0553549363787916,0.0403003865048646,0.0280853576450532,0.0181449988644491,0.0270729221398518,0.0227604172695353,0.0316992004442942,0.0358890880483245,0.0194224557316115,0.0423488605064732,0.0203005213213723,0.0423658741311114,0.0333507049515554,0.0227100260026374,0.020287325527223,0.0247190857596243,0.0236918373309186,0.0346155962259518,0.0344133928687487,0.0388327156493683,0.0477079552604015,0.0623812902001165,0.050881634982875,0.0379612735090495,0.0349785640979602,0.0292505804244703,0.0237326627839906,0.0479645203441129,0.0196309620728671,0.0323250453391429,0.0552621725258461,0.0292956476039065,0.0396374174343255,0.0183690690542774,0.0267120139299725,0.0381418457805069,0.0377202208909735,0.0215535446777871,0.0214839196992847,0.0287596416496966,0.0250324994621401,0.0652612572807555,0.048912477349275,0.0182602268738116,0.0303616171574749,0.0235590559078405,0.0243371614286504,0.0356212752218192,0.0214588868705445,0.0281127624096949,0.0461295797074076,0.0616528119479335,0.0393919251732037,0.0288892657516328,0.0324337666835614,0.0299967469875642,0.0305884808907426,0.0363451361214068,0.0127164669361995,0.0273046919775318,0.0436081327448586,0.0304474535501816,0.0254360171029726,0.0167636343321541,0.0210630593603655,0.0402624996791667,0.0360372412075097,0.0150825563782595,0.018268944659682,0.0238185775541729,0.0224601121350041,0.0815954913809731,0.0493334917010789,0.0211296325589335,0.0375141558561002,0.0202012969293352,0.02347502289087,0.0359726707687992,0.0262402358476387,0.0333575922464443,0.0469263979221502,0.0756025138181587,0.038180078642232,0.0394647739681154,0.0358526598687674,0.0349509809701954
"FEDm_37",0.0276002695081794,0.0436316050260639,0.0163943455762655,0.0376111446129345,0.0568440720616394,0.0366746687873632,0.0401640959496287,0.0153319902973321,0.0236036994096997,0.0348498222181956,0.0401271054578184,0.0220447339150453,0.0237693883427021,0.0310410558102308,0.0290669823175698,0.0630395680446349,0.0443154628640973,0.0174500273803704,0.0347771325138984,0.0180510066166024,0.0189009666272842,0.0343605026729811,0.0247850820616314,0.0275741020426729,0.0515458060083865,0.0643888986026532,0.0269532589271171,0.0278484742756742,0.0387837310995419,0.0284710009717857,0.0304964742240433,0.0373790484925433,0.0146205210680315,0.0298739568938844,0.0474226086952016,0.0362428944836011,0.0286995382967108,0.0170172686014184,0.0253444067518474,0.0372477500851177,0.0385861146260879,0.0172098094151087,0.0195611987803455,0.0273953370146772,0.0209400616258146,0.0707491163383037,0.0461283270386609,0.0213882793247098,0.0348734156661462,0.0208024607328455,0.0199232549805716,0.0349327528059689,0.0235881895425113,0.0343917436516277,0.0539000616834792,0.0622743855807132,0.0474382377435697,0.0337521867081002,0.0316052833776813,0.0362153157706772,0.0262987602145144,0.0285622251985804,0.0209947471857218,0.0324579783993028,0.085221556865998,0.0355768374441438,0.0304822228541723,0.019703754949036,0.0298458890421966,0.0453255880113636,0.0313360207216372,0.0318303978094047,0.024306256231627,0.0400956418114498,0.0187648746284562,0.0329384369921865,0.0465844518713604,0.0200253122313331,0.0283818632133078,0.0314973021780299,0.0325894363568824,0.0241366331523107,0.0189403362075451,0.0268656147915594,0.0458304252312069,0.0544833444390182,0.0459934709817187,0.0377078650720943,0.0248920324637989,0.0283307234500429,0.0281706226244161,0.0324780904870196,0.0169505553120458,0.0292928220809861,0.0529742722244588,0.0332073030580701,0.0385111995433213,0.0167361294635383,0.024928458783367,0.0536756160803207,0.0384966032900048,0.0294978597916696,0.0212933014779415,0.0309793662919011,0.0220611915439689,0.0415228548992999,0.0548308319109743,0.019364511627837,0.0320069946685122,0.020005039232119,0.0217056077405684,0.0382408057103234,0.0270422293338659,0.0279654472592998,0.0353116250671939,0.0632729354765198,0.0376115899733342,0.0408802312158403,0.0338490987410409,0.0371368050902414
"FEDm_38",0.0349629590110394,0.0281861533829517,0.0193657120119818,0.0331463905848654,0.0718764011257204,0.029280442549014,0.0398494511288613,0.0175840490922323,0.0333565764220542,0.0544771002017062,0.0290266917996619,0.0348010014314494,0.0235785778775593,0.0476055780092781,0.0181560521345683,0.0352873923002169,0.0354541383273936,0.0169263575807757,0.0279238841237509,0.0250669079223076,0.0298265537878085,0.0246712276177322,0.0222883782594677,0.0261067003163657,0.0517647792618706,0.0612881506738379,0.0385886133270225,0.0385025937697152,0.0272023210101702,0.0238488649586214,0.0302995973768701,0.0357182445489196,0.0184579959919283,0.0250661691032714,0.060924153126619,0.0347931398508851,0.0362428705857514,0.0168273482164633,0.0316313252382264,0.0430726811339531,0.0434120072388064,0.0301521642748595,0.0224503195986484,0.0297783265103485,0.0217690821023798,0.0395512733422995,0.0540613493901136,0.0185908799665351,0.0299468971523508,0.0209182961887308,0.0270039884318987,0.0347409923584215,0.0239699664988864,0.0337738502787392,0.035230425376525,0.0483194725259304,0.041295549717537,0.03951426598574,0.0355859029268655,0.0369014649614964,0.0261067016962242,0.0390158649131455,0.0133627194338781,0.0382325726151937,0.0559467215034831,0.0421434982286223,0.0260671976477185,0.0145086247015741,0.0288512713074785,0.0450582612862382,0.0375308911621308,0.0299511717635567,0.0196208661961959,0.065833485966511,0.0164311278020395,0.0429837101382214,0.0425984588287026,0.0156368062427478,0.0277238505707032,0.017203396156739,0.0233340328386228,0.0243997336407039,0.0223156771987914,0.0491977550082066,0.0621421861764601,0.0521087036348975,0.0299801017839946,0.0320915690918169,0.0290631819904298,0.0305598604749724,0.0383495340125698,0.0317882832932833,0.0155907944014191,0.0387359443218947,0.042581460628139,0.0428036015034132,0.0224442617909745,0.0166880113293528,0.0306484816227721,0.041227150780435,0.0303880713126182,0.0242971421510064,0.0219009986823387,0.0408988137159608,0.0248753152145429,0.0389682982693187,0.0378528546556853,0.0202742682121323,0.0188953650605929,0.0190644958159354,0.028918513207958,0.0428856264088181,0.0383233153925736,0.0536676385097978,0.0713630715876724,0.0462549478486067,0.0338297868992207,0.0336058387743475,0.0314974687658938,0.0213806458307262
"FEDm_39",0.0266659825230436,0.037961695586775,0.0139370794704813,0.0350393261069727,0.0564957081092065,0.036403315661592,0.026589063573577,0.0138597784150024,0.0306839704798865,0.0490760374722346,0.0375524639135169,0.0271708676554355,0.0215404790401816,0.0616036342147749,0.0200966195463968,0.0457072319931512,0.0430241838370782,0.0144949852995794,0.0283282596263799,0.0183997298541318,0.0206415889624971,0.027612203274711,0.022455576944628,0.0449967654892189,0.0594446338561503,0.0495645205061734,0.03044194950264,0.0358296312661364,0.0332591262981712,0.0311235915202759,0.0390032365569304,0.0404510926502094,0.0162978403646926,0.0404118480733535,0.0362582305621179,0.0461386270273254,0.0218968706610613,0.0163795560332294,0.0286142736690283,0.0388391502546532,0.0303760538289408,0.0212148629907199,0.020773844321559,0.0420351904913546,0.0202672121604642,0.0387202353111601,0.037800996896961,0.0210422238915928,0.0191369621902206,0.0188488072347319,0.027399842335791,0.042396697609668,0.0369133041449246,0.0543090657956553,0.0675501102976589,0.0488214951678907,0.0391272220616298,0.0344590858104096,0.0302757508545941,0.0242403107514718,0.0312463172339517,0.0438667311517893,0.0131707365834798,0.0487692587776445,0.0467366421980524,0.0367441361201675,0.0294332805708246,0.0173528057602546,0.0237240248934076,0.0321501949718919,0.0453817609290508,0.0308574443067108,0.0189138309522661,0.0436623064876211,0.0221622064347076,0.0526070579862988,0.036263502069688,0.0183755336181588,0.0270263594839506,0.0153676841474095,0.0317611126793716,0.0291510044909945,0.0381703882175815,0.0575874094917475,0.0543115568708829,0.0403218123580758,0.0302093706171269,0.0296814967919846,0.0323516058531402,0.0226424279517687,0.0256115122774569,0.0378935147321683,0.0152413358398179,0.0530883400207863,0.0395219171600191,0.0377113374829487,0.026210934094656,0.0200339459804291,0.0295839989199831,0.0298694908403088,0.0234639349938618,0.0292851953120628,0.0191875052385117,0.0570678187216465,0.014871433752488,0.0474593555802682,0.0345957042711154,0.0188953188871857,0.0227451769830424,0.0178612497915348,0.0247051589329011,0.0320573074457975,0.0364827457280687,0.0854284013597514,0.0662142171836384,0.0480303145247256,0.0269718834050577,0.0302731313876566,0.0282351817340721,0.0214026374180395
"FEDm_40",0.0328755546875178,0.0421234640702787,0.0142379875036728,0.052346946466756,0.0394015336495731,0.0364217378817584,0.0312850019586893,0.0162037926258932,0.0238727302237744,0.0324109651790529,0.0426199534732564,0.0246454252313636,0.0148628850628281,0.0365764591313803,0.0193219198889189,0.0535007443403273,0.0501355465800656,0.0185446205553488,0.0302875938676877,0.01515321541134,0.0303678533294455,0.0373098896554756,0.0453015036429294,0.0540191468258012,0.0516381668450981,0.0370439505132021,0.023660144280856,0.0332208249432663,0.0392258108323255,0.021384631342117,0.0286012159125671,0.0407654147145914,0.0147639066852907,0.0422617224285963,0.0381820733561029,0.04004106279011,0.0268607352125736,0.0186073831965632,0.027548231816969,0.027425813696558,0.0297783714145374,0.0373047624096492,0.0152841268621057,0.0657538699778734,0.0175852284805391,0.0468218837538153,0.0300911293745271,0.0195453653929583,0.0215810747905448,0.0169327521197673,0.0247326178577099,0.0288197133479877,0.0356622658299922,0.0829034241515185,0.0673749193266849,0.0472643179155525,0.0332786791189484,0.0262193390970615,0.0256924855663308,0.0223161134019738,0.0262814867375234,0.0460770235244745,0.015296721681237,0.0570298571045218,0.0436181076820094,0.0352146065987941,0.0327069781224863,0.0171895254206012,0.0240370898903605,0.0250319737487355,0.0316127364228236,0.0423893884377142,0.0205120655533667,0.040511890185786,0.0174698288192051,0.0587051196495422,0.0630977011253557,0.0187304234579112,0.0250379143981299,0.0240386273805776,0.0184451260372601,0.0260941653150012,0.0297362088823123,0.0442046861366168,0.0378567548379888,0.0452630314466649,0.0374870085993797,0.0420909734572931,0.0308874493059371,0.0233455300403903,0.0362709326970547,0.0442024141338456,0.0138896745199214,0.0394892886516555,0.0452920748813243,0.0428211442707789,0.0349091940885058,0.0181943271363419,0.0195843212372485,0.0339136390411037,0.0420793919931109,0.0358124007200523,0.0177250944058872,0.0368267606456701,0.0218239021883158,0.059719053630343,0.038511806846629,0.0206229758236539,0.0269003440564318,0.0207412951944461,0.0281871741277547,0.0366258406458727,0.0327758032255715,0.0368804395955786,0.0558238170698402,0.0378427507815392,0.0255336723275578,0.0287383021945738,0.0351903640450682,0.0330717998243225
"FEDm_41",0.0254790555853588,0.0434358017669906,0.0141732251942497,0.0534411026852169,0.0398731886844179,0.0389770424937056,0.033868344589312,0.0153516577765533,0.0340028264759336,0.0250775029898423,0.0344335549138164,0.0411648475340646,0.021040239391288,0.0419252220824336,0.017634714421749,0.0674405497098834,0.0679828585667026,0.0185899700742194,0.0220169154006139,0.0190924394769656,0.0199634751432538,0.0247635928949846,0.0334283104036767,0.0422779017065141,0.0362192615055409,0.0363262025024231,0.0353268877359686,0.0403187067992684,0.0299243556052631,0.0264502458897893,0.0327114837073644,0.0385768066644248,0.0148581362869129,0.0406514533431966,0.0437216275710626,0.0353629980648132,0.0328461515209756,0.0184878039190846,0.0236628021206789,0.0357557937303111,0.0341188617434731,0.0282553149452129,0.0206454736307412,0.0353207834463703,0.020866933076882,0.0561637763025965,0.0496289843034093,0.0185294276146544,0.0292207075741122,0.0217175639277858,0.0223679116342759,0.0342515462434579,0.0296899862432505,0.0357738509859212,0.0524028419466943,0.0605491922415235,0.0360299932391146,0.0318580283271924,0.0323759776177212,0.0335977880267863,0.0352260117533019,0.0329044240362277,0.0173868286870121,0.0335175451290004,0.0539820354689197,0.0383262488703176,0.0389169447482798,0.0180960473351176,0.038763589682091,0.0318203953386809,0.0316482033867082,0.0351223616490638,0.022936193478972,0.0334813449536355,0.0233267489811508,0.0456550990693692,0.0557323050887939,0.017476140908454,0.0326903647953264,0.0227829077820782,0.0234377081750043,0.0328143401618306,0.0267353235925535,0.0323131800362056,0.048566261104005,0.0409217071440037,0.0277298112699568,0.050746632182203,0.0294363363256849,0.0275069588660518,0.0333438113404544,0.0435710272614269,0.0163484822842425,0.0275030904405595,0.0362799013559486,0.0393382267921348,0.0349190053902455,0.0160882727538508,0.0281933522133606,0.0435923376601561,0.0372434653841161,0.0374209995011294,0.0170625539364745,0.0315646165582292,0.0193198934537731,0.0509314164670523,0.0599872405623879,0.0187120104075123,0.0266385600470486,0.0195510012588553,0.0288514757221912,0.0320640436106385,0.0313774438947691,0.0369991176139836,0.0559322967998504,0.0514767180072599,0.0241533498206636,0.0395523574131781,0.0388662112909672,0.0231177207575401
"FEDm_42",0.0308663193054588,0.0339723862438165,0.018771574231283,0.0401026817173042,0.0494683399427593,0.0390760036187767,0.0325162552866722,0.0178343067784113,0.036707983558129,0.0356274487168068,0.0300278270845023,0.0365453972185211,0.0232751453427057,0.0327520448146948,0.026249121143076,0.0476301138848295,0.0542890881048226,0.0196967271248483,0.0322573393223646,0.021796415480397,0.0289334419528049,0.0257841742392654,0.0277612676687575,0.0366801696237489,0.0609424984663305,0.0369499266042605,0.0225117674435317,0.0429967906359265,0.0333962861546584,0.0245811582905359,0.0329178126975939,0.0406417998516683,0.0160979303741937,0.0235409865689849,0.042475462946942,0.0408181471802204,0.036246042071264,0.0162077353271663,0.0292043548107975,0.0405211821406773,0.0395743508911098,0.0305477674889951,0.0214846089683273,0.0366798358335793,0.0196919257252024,0.0496144628992518,0.0575248336073579,0.0166593478371842,0.0288891954141682,0.0183784309618802,0.033177551555982,0.0329505705927281,0.0248629453178256,0.034671264332805,0.0587613424148525,0.0478120014608618,0.0249871269535545,0.0426636105133295,0.0371407520249635,0.0252566212365329,0.0300309265076935,0.0366251094533624,0.015515888193066,0.0609952143155332,0.0341253600310843,0.0437391078241179,0.0326688872072469,0.018341560019459,0.023833542054293,0.0298469136742457,0.0346279555243173,0.0230313856698485,0.0172636579975062,0.050827682167081,0.0204638970004508,0.0622175644815872,0.0487895989419731,0.0207395881506996,0.0256313136251308,0.0166085011422918,0.0282039199686627,0.0298872594350108,0.0305458650236453,0.0263750688385517,0.0618470517742831,0.0459005657021405,0.0384106060036378,0.0424721141884628,0.0322847713152223,0.0181491237693952,0.0253272174765173,0.0472880720882438,0.0160248927863621,0.0632246850727565,0.0467505497808834,0.0440433587639488,0.0294313198667607,0.018150622755426,0.0278477328280528,0.0272887860313112,0.0391277373173669,0.0212303687320352,0.0153282057028659,0.0488365482365981,0.0197432135468574,0.0543072211325307,0.0343305636129945,0.0222533730003466,0.023442137945038,0.0186767763910159,0.0267605168374858,0.0353295845264158,0.0237346976059536,0.0431282290478477,0.0713375651687086,0.0366690334474705,0.0330285938209767,0.0414807704228099,0.0245986986521851,0.0212789274022344
"FEDm_43",0.0341922542722585,0.0347664578569246,0.0139664884788875,0.0590266542015784,0.0319236962417643,0.0524494988550627,0.0321443040820449,0.0177642605737525,0.0250207442041179,0.0359339096639818,0.0338816289646397,0.0248698755364203,0.0171326933088247,0.0523485734925892,0.0191856803134029,0.0580746835027801,0.0488364048786276,0.0182883708723577,0.0279812488539825,0.0153532417381988,0.034883695242784,0.0314095996778529,0.0334793676306522,0.0240698062820763,0.0621219016657708,0.0335657150989547,0.0296842652296105,0.0489388723586438,0.0331529254868607,0.0155531814345975,0.0273628295680919,0.0410896236588092,0.0159905908828605,0.0626224358609477,0.0447112943976888,0.0436279414060882,0.0298719925606677,0.018667738910887,0.0262401789560019,0.0209175387116866,0.0353610000433057,0.0169011310505489,0.0164925131397088,0.0504284747367999,0.0250026257951437,0.0583168707142475,0.0392702490351211,0.0254093203522946,0.0240712737228695,0.0211316922577931,0.022804318054391,0.0324492739743973,0.020189166628972,0.0358837381333974,0.0717548683765077,0.0428725547298209,0.0389586011644544,0.0446150986120298,0.0277827195688269,0.0192023449956405,0.0285118946675513,0.0364126844348915,0.0153752853017714,0.0594193324068786,0.0451011049108895,0.0387164805285227,0.0355169052415002,0.0172738854829542,0.0334048054184748,0.0359100278486088,0.0335980589029191,0.0245772105194541,0.0214478199217518,0.0431976847163213,0.0164945387339678,0.0372684403953704,0.0417138940504828,0.0189911156724206,0.031391774347901,0.0264450765912568,0.020070723540524,0.0333449450220556,0.0375323425210943,0.0412481883795589,0.0488202173011961,0.0409336421503261,0.0298568947343558,0.050621513850839,0.0317325134757662,0.0250709989303954,0.0308154171767464,0.0425421588928062,0.0159009409568894,0.0461780729101821,0.0389075372234223,0.0297204587569515,0.0311024169247703,0.0172515922367506,0.0345597901317761,0.0359617445561593,0.0309074804652774,0.0297759627270031,0.0229208758957398,0.0644187646468751,0.0174080385322336,0.0576717107639038,0.0474327152939417,0.0196013105576843,0.0214638569984529,0.017868244993018,0.0211434666738125,0.0294408217650875,0.0320594584873845,0.0380670029250902,0.068792951780756,0.0392907233471416,0.0309655233589271,0.0326051090643761,0.0290877999266046,0.0261380520302362
"FEDm_44",0.0273773613160841,0.0376072285823329,0.013944621722297,0.0612531912490988,0.0454577550523471,0.0328344941368753,0.0345134583786657,0.0172361990235279,0.0304074349411626,0.0390172170840755,0.0322964463937775,0.0263785912328445,0.0278631700977441,0.0426172579535952,0.0166093668363103,0.0420948935709947,0.0357477813597052,0.01903049341983,0.0324079769926694,0.0244392834643744,0.0212533053946502,0.0383712421511167,0.0343078796033643,0.0484790694724628,0.0517130683980927,0.045295975563958,0.0205949821119578,0.048379083793626,0.0289692505423283,0.023501920160131,0.0283418240913806,0.0439890720724665,0.0152931978690458,0.0572880338142231,0.0415882065140413,0.0340194388018341,0.0314746486335597,0.0173210352931659,0.0292517512160897,0.0278868773474407,0.0285777339387635,0.025302527929011,0.0214928153470672,0.058270755248131,0.0160209946580823,0.0548019960602626,0.0436787909001797,0.0188025272438121,0.0232585009801012,0.0211348395783201,0.0198042587461463,0.0275843496683102,0.036448575150271,0.0420406738218624,0.0590538406156423,0.0378405572788507,0.0394783856000709,0.0381007772525445,0.0333411940765248,0.0285118202527986,0.0319758806904843,0.0579617585694263,0.0161684388050789,0.0337465494326202,0.0458929771828036,0.0294726627776352,0.024104268372473,0.017086442026823,0.0355896744289875,0.0376026581309015,0.0251860020721379,0.0227453536623662,0.0158931336495556,0.0274590048175189,0.0231165240197348,0.0568626317789037,0.0467860103918933,0.018155772382366,0.0314473355402116,0.0231569508278094,0.0287348611031131,0.0464288489425784,0.0404984672718234,0.0516596061209395,0.0583538672751049,0.0538791683695717,0.0283311218811864,0.0248178890921559,0.0280172754871834,0.0188688648966125,0.0330385715857148,0.0468637012807791,0.0152376646956504,0.029539668530597,0.0459965160687271,0.0314342847394213,0.0315246379108634,0.0142432701585953,0.0275579454930358,0.0428435276709812,0.0279003669825723,0.0263526473708497,0.0187169951225205,0.0548768468160942,0.0201319227409494,0.0502886187069398,0.0411626188300506,0.0198267053015966,0.0250923948873524,0.0213400782364869,0.0224299917787914,0.0373303888508845,0.0390351779265837,0.0403680573728928,0.0813525897252493,0.0467098728904255,0.023614784921141,0.0296081081327405,0.0300476743167792,0.0255343709547343
"FEDm_45",0.0359084457191251,0.0556502875321101,0.0146757011114005,0.0406701587098433,0.0460890072247164,0.0257744339299974,0.0249940318468619,0.0156147577562161,0.0403208209233972,0.0329068079632104,0.0287853574935834,0.0241057847602835,0.017720503256108,0.0258365930171927,0.0201820464438171,0.0601945849374212,0.0478419453750957,0.0179109072042031,0.0316738532848222,0.023558564138297,0.0260454337856136,0.0459063101510214,0.039321368175359,0.0476139546363006,0.0473365481103917,0.0539888431388709,0.0289447680478772,0.0286689369205184,0.0313467860261359,0.0204124583802092,0.0289922197426056,0.0452181119544573,0.0165151121025128,0.0354111422158922,0.045537981409588,0.0309071704200173,0.0316631253609689,0.0135768816869353,0.0367561296600286,0.0455614586652587,0.0309038394912222,0.0240191839205959,0.0182814966671033,0.0517448047449858,0.021087317218582,0.045201001949875,0.042438368205141,0.0189954334794929,0.0236282518606682,0.0200733814573056,0.0216822006726633,0.0398905546218285,0.0348252677643268,0.0453175432016307,0.0711970984160372,0.0484964203341327,0.0254943574345952,0.0320340269094688,0.0267439148296712,0.027806203602409,0.0328515173071713,0.0423826119193773,0.0158495342534539,0.040168937597359,0.0387008314670947,0.0429478601464117,0.0263742760031883,0.0221339089719522,0.0386909955871606,0.0314812884129367,0.0310727204260726,0.025510039110623,0.0169295811299398,0.0435716106988071,0.014846796842032,0.0392443112360035,0.0283570318453106,0.0199169674518628,0.0282589114928298,0.0214888285682875,0.0331886701828956,0.0546843110070708,0.0436622262101713,0.0410235182313987,0.068375306255984,0.0393518121451392,0.0498992481360862,0.025163128911389,0.022725376307998,0.021147842143993,0.0329925724309303,0.0504429126150605,0.014846232286343,0.0486097674832589,0.0300471791880924,0.0359695513648681,0.0318072703674449,0.02205533419883,0.0232471947796436,0.0310301838325104,0.0312709233023278,0.0334854579446008,0.0149313170892898,0.0530205969683938,0.0168909686142272,0.0474529219207699,0.0291407476037192,0.0201843831002143,0.023704167181868,0.0175289378250596,0.0391650633659727,0.0461376588144363,0.0343608158413578,0.0373378464975411,0.0833582971648384,0.0405394400734565,0.0331103789947127,0.0322916501276627,0.0220099919649643,0.0230302370576051
"FEDm_46",0.0326213869602419,0.0403326211602054,0.0136042523123881,0.0455422298636159,0.036600697247163,0.0422323509646098,0.0357773747679754,0.0184282083717036,0.0304482036573732,0.0271842321933758,0.0270477323723347,0.0279437881790223,0.0174277735332226,0.0467041093446759,0.0177932713455153,0.0387157043074322,0.0369559275684012,0.0209272693298718,0.0314241110679443,0.0218764012324734,0.0336787148564141,0.0493172377829809,0.0355454229859482,0.0428043130835994,0.0713812295317488,0.0349581008406707,0.0447903634432441,0.031032904229199,0.0244083428106802,0.0224957246559687,0.0343500709913399,0.0492978371463379,0.0149672128921908,0.0471534337071077,0.0374213455540193,0.0370168535754584,0.0277053651851078,0.0231414646784148,0.0323259573742458,0.0309682100605394,0.0304306738933314,0.0367842814300314,0.0156409840348285,0.0435565778969745,0.01799499547924,0.041151735093214,0.0269880166572795,0.0216842946402315,0.0252164823749349,0.0208331353440253,0.0323320012336977,0.0425817120056072,0.0415594385996192,0.0346838862925547,0.0701467488137249,0.0423778241339217,0.0447699546553295,0.0324210613878054,0.0234971160683484,0.0210013288005387,0.0274273147268046,0.0466304667306102,0.0145417137877045,0.0460830271993842,0.0422409419078442,0.0310243296234306,0.0290607267045903,0.0181040655489325,0.0260098155897045,0.0283536319455195,0.0285134595473468,0.0436375184090736,0.0154752223862551,0.0323397521388833,0.0191549724112234,0.0458661794039429,0.0489929668601399,0.0201657618993993,0.033913621838977,0.0189817044055532,0.0251448991771313,0.0357217806061863,0.0309646604581824,0.0467729072371892,0.0703282942709345,0.0555589882850777,0.0487185393571336,0.0291759059571818,0.0225209304581601,0.0185759011275032,0.028510553864004,0.0481854864469006,0.0155527139035115,0.0360942121573611,0.0433187822303218,0.0386017481377086,0.0291345178615883,0.0195309344907182,0.0420589663304621,0.0294599205567227,0.0312791473245085,0.0261883249077635,0.0199568843386899,0.0399004112873958,0.0253729169868263,0.0444314445924411,0.0403869580643921,0.0213107636159509,0.0263789964467031,0.0215610187984967,0.0261124692624763,0.0331637266696149,0.0282450407542537,0.0400673714524263,0.0625759891031918,0.0548250684355474,0.0390675235041409,0.0431094189710072,0.0243545592214925,0.0212641302833821
"FEDm_47",0.0370177703005134,0.0422551730698171,0.014471061565071,0.0458193075758737,0.0382663146279488,0.0320089511889668,0.0262269701078117,0.0163416865537371,0.0342562409830592,0.0216311755161268,0.0265993879224636,0.0469993008574221,0.014110177089537,0.0375373341247012,0.0189770059002426,0.0458219910624563,0.0538648124969678,0.0197079535601351,0.0386614412946515,0.0170932060287675,0.0235665282243834,0.0384954595510503,0.0339019479390764,0.0436621719117278,0.0721915473554351,0.0432164063853825,0.0392958917729181,0.032933837111385,0.0238588620226012,0.0212100858997701,0.0276130649794076,0.0471667482259535,0.0149184101206272,0.035509577270743,0.0409831173099397,0.0414632802072961,0.0300926534846256,0.0190473458348768,0.0286633230653958,0.0277128113651191,0.0327311210460022,0.0270804516823237,0.0174917408102154,0.0450736847957408,0.0236087727316953,0.0488914045363408,0.0439467447782023,0.0200971280176816,0.0228766127190394,0.017213825704926,0.0240469558666889,0.0280480356325601,0.0276710305836792,0.0532078496771153,0.0694603635230274,0.0546854318434895,0.0476168555041347,0.0348044813945314,0.0264311446789497,0.0218460326096719,0.0381313106779092,0.050765876674793,0.0164197833099479,0.0319650735784809,0.0505890470730285,0.0384140231826563,0.0322924359902039,0.0171740386715773,0.0350047164881878,0.0349038572911691,0.0291970732540853,0.0498693091161167,0.0179797889529588,0.0462224395586475,0.0215555606583214,0.0430559741129126,0.0494523952390436,0.0203071841205656,0.0235611229057432,0.0241056810582188,0.0235821010647346,0.027786131298519,0.0340193400649223,0.0410473677459691,0.0591091977686093,0.0349089139543534,0.0263736022706353,0.0378031278929777,0.0228225663260424,0.0215809596986694,0.0414355504253513,0.0384260503404888,0.0145461391753438,0.0272493165119942,0.0456249499175697,0.0304582048414782,0.0275740394586402,0.0179549028520371,0.0392401414872125,0.0317806785260746,0.0354380771994691,0.0355402923609862,0.0216950229387954,0.0244378295582829,0.0197185847053474,0.0517710051094126,0.0598852049047942,0.0209183597135488,0.0404398296228388,0.0212136072682923,0.0365995446472312,0.0327852259862418,0.0265644432676845,0.0303576296640082,0.046418297223739,0.0459545155436658,0.0265797237294273,0.0440306139290488,0.0445352300366971,0.0208269890542982
"FEDm_48",0.0357968526423805,0.0532864914228613,0.0166345095074497,0.0328666922490441,0.042515427762401,0.0426973682613816,0.0270700680317491,0.0164834502610531,0.0361903179219009,0.0311686110162307,0.0299536775804847,0.0448066017556693,0.0167377671217362,0.0401595468689945,0.0267960295086923,0.0473835225944907,0.0571324610235771,0.0214724776427041,0.0223751498915572,0.0229686330584349,0.0239815511493343,0.028704347954645,0.0370219806849408,0.0360061228300204,0.0544355584319185,0.0358291481819552,0.0267310130234357,0.044790930927651,0.0244428369578949,0.023560853735411,0.0378038439141566,0.0434757707787603,0.0139795456433718,0.0293344911300814,0.0450596696860046,0.031568868316163,0.027953963988959,0.0196817279093599,0.0363411453026504,0.0311207203170475,0.0318417293549523,0.0356294139504903,0.0223385991513698,0.0245417909685521,0.0191246623245527,0.0532812982679761,0.0546768263812022,0.0206999716064239,0.0290659768258621,0.0208406294666242,0.0432905255235882,0.0290481820854502,0.0317556655825024,0.0307513522554086,0.047007832075675,0.0520150277926424,0.0356647716403327,0.0401305020630882,0.0432086500253994,0.0187668456713529,0.0474151237219774,0.0323941035242341,0.0139411390891201,0.035676545247956,0.0416622822864792,0.0366048292905903,0.0355168377086445,0.0145502034734834,0.0276893303136661,0.0322223992166469,0.0361862404476853,0.047166023812402,0.0177939400941137,0.0440836878285777,0.0215315336226679,0.0545606032024053,0.0400301667064654,0.0166970326063106,0.0246618479679804,0.0216155784629063,0.0297550097517094,0.0329399292354585,0.0315713937852887,0.0331289008249994,0.0603488794551341,0.0506108456314372,0.0234050381521724,0.0444997433945495,0.028773166788492,0.0229676443564464,0.0324154523851149,0.0400760922510667,0.0156812945752251,0.0284715840666096,0.0489333996727282,0.0375093014399548,0.0331670853281808,0.0192493202263378,0.028166567107486,0.0334898465615203,0.0336170352834959,0.034016231619705,0.0226126080846434,0.0368365186671794,0.0214452542387019,0.0578906622373567,0.0378810182408523,0.0191140747870125,0.0267001668233741,0.0188970367532988,0.0233868590833755,0.0315674229965255,0.027255775380657,0.0328561243480253,0.0418893176630801,0.0546245479260278,0.0378485636350548,0.0555765852919682,0.0395746415433346,0.0292496117821072
"FEDm_49",0.0469122510049058,0.0369087431185855,0.0158402919564315,0.0337924460423138,0.0412050121508867,0.0339701443935325,0.0518793410701691,0.0122595833923774,0.0429433173812962,0.0254987120642098,0.0360858666036688,0.0487628031285636,0.0169588372178604,0.0404602910404087,0.0229566919487324,0.0487429150033208,0.0404992945722708,0.0170166920595777,0.0221917607858676,0.0224548201052565,0.0293136020355943,0.0316421604122505,0.0344843479354843,0.0418991222286304,0.0467481515191692,0.0416545175727855,0.0275627500983037,0.0389749162865429,0.0320539348850935,0.0183266819859102,0.038100597211154,0.0396540938986475,0.0153837944156307,0.0237067826484594,0.050705971710578,0.0377825719406022,0.031121479385289,0.0179191681547276,0.0303838060848237,0.0283465297540995,0.0323236141340666,0.0363120794483265,0.0191841631142035,0.0445932854650096,0.0214079919526672,0.0570783735379073,0.0339491993280843,0.016690569554023,0.0248244684031414,0.0190263295874425,0.022499620202176,0.0333121823616989,0.0363939594262501,0.0350006522483859,0.0464048205504282,0.0511881758785934,0.0424113082204199,0.0491834385138436,0.0373102769362757,0.0278006959330445,0.0286889638636631,0.0347976290737528,0.0134473347558251,0.0381318710388529,0.0555837730559543,0.0358999971196564,0.0285038985347016,0.0189778139592613,0.0387202749047059,0.0373133063101629,0.0253266970287636,0.0438097979609475,0.0174889981559166,0.0339045119060027,0.0218954242642054,0.0367001071731385,0.0407635265224106,0.0194439412888033,0.0419051630386905,0.0286914557661876,0.0299797271385984,0.0309861568366326,0.0315451176868072,0.0369344765028217,0.0510969353921969,0.0471353431330948,0.0361504116155398,0.0464743512927245,0.0290312154957694,0.0206717791842123,0.0364739942835919,0.0360669055941224,0.0161987790416267,0.0370769034990917,0.0475665909737226,0.0365250336532159,0.0262126144569989,0.0189993044133874,0.0438562805045679,0.0272946055629148,0.0349338518574509,0.0250427951340415,0.0233100400977777,0.0232888705867941,0.0249753976550166,0.0479724401125646,0.0298243745625181,0.0226878873907707,0.0323001059791118,0.025870099022231,0.0272511842003192,0.0391134989230365,0.029323728341559,0.0452940577629922,0.0513462185809883,0.0565640464225613,0.027577750867344,0.0452198980227568,0.0361969671160792,0.0256357753808462
"FEDm_50",0.0243960132895737,0.033580233706003,0.0123919338019316,0.0412050687428845,0.0497745814583686,0.0406315301474933,0.0308068444942814,0.0162777973622048,0.0379734879862977,0.0499531049600448,0.026082566671039,0.0377236949355426,0.0234056622947654,0.0377598134348709,0.0176233792377246,0.036903708806037,0.0449245854327576,0.0167618335408772,0.0311113376837301,0.0236282953609586,0.0219153356290337,0.0257619419038644,0.0275994466008765,0.0422329854423231,0.0570334316761584,0.0569054559972279,0.0271020531488786,0.0492579375166144,0.0360932890503716,0.023182649687265,0.0308169024194361,0.0371273960047353,0.0160549819937137,0.0400681969923084,0.0442457180464464,0.0419681531290712,0.0260027887780388,0.0189689826502848,0.0302143999024627,0.0237578438126077,0.0363225459439449,0.0265905725590175,0.0213576250969375,0.0315322094540576,0.0243508513413538,0.047713816701264,0.0320628282940424,0.0245174976733009,0.0340087609317952,0.0241408229973448,0.0350858248535273,0.040824590626594,0.0273693032890664,0.0339367008646318,0.0655772994129102,0.0425333064953526,0.0399421686390492,0.0492391615670534,0.028964115247363,0.0247046342822882,0.025461291042321,0.0444651576861127,0.0169120660603748,0.035502090724069,0.0546320512133403,0.0460586283934742,0.0289247141895281,0.0221905084259835,0.0253824007480845,0.0201304572824847,0.0285104722646371,0.0243096865158186,0.0197631948931907,0.0411619625990385,0.0276202132773931,0.053805987514704,0.0458277372247821,0.0189917204904562,0.0268567298145596,0.0213296963864805,0.0228654477958605,0.027286181290179,0.0248026386192291,0.035437742052644,0.0593629266334369,0.0562032705986874,0.0450155225681374,0.0397659010014169,0.0415789270865434,0.0198446756070322,0.0273380607718213,0.0399569334473868,0.0153669962442919,0.0368741189884054,0.0374039153443792,0.03124218192103,0.0374505963875197,0.0204014159485878,0.0289991040041814,0.0276230346776445,0.0342890281152603,0.0334144022051634,0.0165406741247238,0.0522949544628273,0.0198438429904058,0.0514990385401301,0.0527655405490623,0.0240379620056446,0.0240652059748942,0.0217848981873513,0.0294003524006376,0.0272348740980677,0.0290114446101666,0.0344470514805848,0.0685331560381539,0.0475479308095145,0.0389417293412761,0.0329953337541274,0.0242732976962909,0.0344229248804696
"FEDm_51",0.0267046920738189,0.0428756985889864,0.0138839257157889,0.03501685101928,0.0467239369669551,0.0478796248859225,0.0286231337172655,0.0172390639288319,0.0263849432951675,0.0238891241117787,0.0300308596396349,0.0249088079751078,0.0181045270146841,0.0595146192086794,0.023754355422904,0.052390209890973,0.0534624827063827,0.0169896607049381,0.030200469959316,0.0200383409999603,0.0278150624938167,0.0292644615880772,0.0243808218230433,0.0335183687212284,0.0782992884458912,0.0470577240020491,0.0332971296246818,0.0314048008073945,0.0310063826971629,0.0253406319702793,0.024329751971989,0.0466000695838121,0.0172960453577167,0.0399942586308397,0.0429426233453444,0.0298286484597951,0.0376057607494084,0.0262401234127203,0.0242461905781539,0.0168847496352568,0.0320542753030102,0.0358228580400502,0.0172948679328405,0.0491332500916181,0.0211204608663478,0.0501478914975488,0.0505576437171106,0.0250855821775294,0.0234172758569757,0.0224093479954123,0.0248241900065251,0.0221439905585801,0.027926112364937,0.0325394675000883,0.0588660286980065,0.0488840049715278,0.0557721632250899,0.0315858215350205,0.0322088597791501,0.0322376861575944,0.0261804125024443,0.0387583207659805,0.0155594944912285,0.0253989468848705,0.0537244374791281,0.0358653712903681,0.0324191761387542,0.0187154485080997,0.0417004987468354,0.0455900157355159,0.0232449604369905,0.0329796760884268,0.0221563140014442,0.04621763897362,0.0227885198813121,0.0430693209148083,0.0365629752368324,0.0190287511556091,0.0263722602126321,0.0287493772872991,0.0225909754211085,0.0348614361022799,0.0266952390843057,0.0358430835765162,0.0503292904116567,0.06257445494684,0.0485857602055046,0.035736273680472,0.0272709604295866,0.0204306094095298,0.041122266173969,0.0423852977423581,0.0144937282386036,0.0304297286825704,0.0417199230548285,0.0296228540820381,0.0334920677532043,0.0164079901707243,0.0240187600414111,0.0409759107145327,0.0402064686776211,0.0401109232208285,0.0215026463787269,0.0400645024774237,0.0211494720961129,0.051455618585374,0.0437704322910768,0.0175685549821495,0.0357682829084161,0.0201908949225252,0.0179633922667049,0.0346309294391594,0.0239686655449456,0.0333916899356552,0.0434903865282351,0.0605607149156138,0.0418899143093935,0.034974389899236,0.0335795351678988,0.029094058798663
"FEDm_52",0.0267637068197263,0.0344989212474204,0.014938330339538,0.0224372720606687,0.0457499185139735,0.0439943126175315,0.0374763489038115,0.0188719254949141,0.0364079931669951,0.0410586481802177,0.0255928483638165,0.036368180660972,0.0218799220825047,0.0638758238161711,0.0187782830848218,0.0458985344254919,0.0409928068064598,0.0183726869847705,0.0259749921453167,0.0204970522607066,0.0208184634218237,0.0309432057084401,0.0276761620923118,0.0330752605177319,0.0665521071381164,0.0513614232251376,0.0380748149493191,0.0379858298288693,0.0337716800471665,0.0193125450952553,0.0360919534649784,0.0421629464271342,0.015433874304831,0.0309923500927559,0.0485325899774109,0.029259955989608,0.0279772600089794,0.0211752120399131,0.0372028998540987,0.0263723654421215,0.0349399613474943,0.0362113744148514,0.0212897021494503,0.034933310038289,0.0224776306971946,0.0491551252985284,0.0373641083588533,0.0191827856336513,0.0323539672506072,0.0298381304222692,0.0187911251455754,0.0356986451881706,0.0218801445669969,0.033347119790262,0.0395996158493584,0.0650279900905988,0.0587456040013365,0.0383110632216725,0.0283639522598971,0.0272872366731119,0.0288671204623983,0.0479312874269628,0.0202838675007448,0.0343340807591692,0.0397342993366561,0.0403824120504172,0.0249528652548352,0.0253684081175671,0.0228548710446735,0.0319740359061219,0.0258772546043438,0.0246691025303497,0.0210186193792532,0.0288483780391555,0.0259683658476367,0.0410555703107914,0.0505756437813661,0.0219399396649278,0.0364396374912658,0.0247880594085775,0.0223612109721309,0.0313122573574576,0.036300394683206,0.0461747299929088,0.0416164105789114,0.0506190604975442,0.06055574281625,0.037645738064262,0.0348237769280973,0.0207268591920181,0.0311492107580855,0.0458943834247694,0.015190136805873,0.0273918005847606,0.0385815589404313,0.0457616835749583,0.0356733627046041,0.0190996892455755,0.0355826460367888,0.0359531565714247,0.0260727160888386,0.0263582375396926,0.0201343729575629,0.0272971970977609,0.0239096262534896,0.0440839903234982,0.0366402683505374,0.0203050188393739,0.0372584860445495,0.0225551572124551,0.0255690221612177,0.035465761723601,0.0307214550927126,0.0392844709992689,0.0546520557635169,0.0515261739868003,0.0416114149824962,0.0482599702223921,0.0286163487071496,0.0294006270058148
"FEDm_53",0.0330931214819131,0.0437989348737618,0.0175429520499469,0.0364304423539845,0.0445454905257704,0.043423826936907,0.029538014616239,0.0190688979782402,0.0369615052071275,0.0297743094746479,0.0254376694106264,0.0298374153355717,0.0181145292553768,0.028924949224619,0.0254304285044003,0.0373075887108855,0.0549922721404046,0.0183657718373228,0.0355717981292528,0.0264748435741538,0.0239384085570135,0.0338156206221754,0.0354420597019904,0.0408915273546169,0.0378191742121452,0.0494557367134977,0.0362659191897073,0.0481075955742868,0.0357349784579937,0.023894217995421,0.0334837421796469,0.0443504316462374,0.0166917933692203,0.0252337137645081,0.0374686304972832,0.0456224397541829,0.0371473847378023,0.0246430387928493,0.0328608311907325,0.0379475552289703,0.0231721406195244,0.0247006876085498,0.0222348215967339,0.0246381578977488,0.0196904612408097,0.0474602478672109,0.0388568118688515,0.0234374955818413,0.0344553683293502,0.0214451005807645,0.0234970696538152,0.0287586013733688,0.040327485588771,0.0407660881639626,0.0410810285932233,0.0455834967629114,0.0638565146582586,0.0420128081335807,0.0291538508735977,0.0294222018456925,0.0294934047784173,0.040062003068155,0.016299361496542,0.0220910653822927,0.0525381713538947,0.0341768625483685,0.0361436322098962,0.017632115447795,0.0285242255163616,0.0287104634200105,0.0505632388771073,0.0245565491036779,0.0205058753140041,0.0406235173237292,0.0254534587769415,0.0436449995649609,0.0521266256098428,0.0205841058644601,0.024500825935012,0.0283770310393962,0.0212486004600735,0.039669624735352,0.0271881268288885,0.0304552894967336,0.0415176601087491,0.0596121926278911,0.0420055373162365,0.0405154487034031,0.0297830246948361,0.0313969623969709,0.0254016038486259,0.0381400919896348,0.0159494982336499,0.0289899718611454,0.0415623885932896,0.0416967354046766,0.0261058090374408,0.0208019269682569,0.0336224694806257,0.035132405350364,0.0347611896352798,0.019854990240711,0.0205837658267453,0.0354684906768027,0.0227030108137351,0.046183789843505,0.0554893167873758,0.0188795419780816,0.0251288570655701,0.0255663982472967,0.0277660162466056,0.0326821364426885,0.0294869764260698,0.0262895677002807,0.0429201870867601,0.0670983278439095,0.0447349787359775,0.042307883728429,0.0422339478143347,0.0324577260921318
"FEDm_54",0.0263272826886681,0.0361883431163265,0.016783773317876,0.0345946962521799,0.0487652280119086,0.0339000958418276,0.0315609145923567,0.0180463838485572,0.0314384654665975,0.03336351547927,0.0450048224690377,0.0203796656817567,0.0232177069591455,0.0376171254721301,0.0258363476271043,0.0511402761922839,0.0464093602288753,0.020019631813356,0.0233743287948938,0.0243498463931557,0.0245111235683533,0.0358128256665746,0.0391580418639284,0.0337667577714836,0.051126211988921,0.0568042832656746,0.0364545151879289,0.0355094550305071,0.0346617943051709,0.0238771811041506,0.032961571005225,0.0428807690651335,0.016024857477017,0.0237535742564746,0.04594691396064,0.0327234305848318,0.0348561442236328,0.0196452327569764,0.0303615120774712,0.0291402472740933,0.0501813368988989,0.0225950327431536,0.026807731276056,0.0491791004047627,0.0215691282466678,0.04813206715049,0.0485993051755305,0.02022509249384,0.0237102345645511,0.0248071835408785,0.0212964324953084,0.0269425094641279,0.0254752619192857,0.0287542513442086,0.0388538014102183,0.0562531511109056,0.0429847788214117,0.042965949786477,0.0365521680699706,0.0358212304017617,0.0324088794682998,0.0344152483327457,0.0147066480919757,0.0544108331390528,0.0375473660963724,0.0470465250018707,0.0269377732972381,0.019406854061849,0.0339270109035287,0.0327037300431608,0.0268399555724463,0.0303407157885081,0.0265651173916823,0.0424085687908499,0.0187481881135076,0.0490106241108416,0.0390957216216635,0.021625090249151,0.0298054055507204,0.0235343363704958,0.023616651452228,0.030122302336092,0.0292093805922372,0.0382819158592716,0.0560082200332558,0.0398888840637012,0.0415919881187841,0.0442591493662707,0.0289713870453969,0.0265655291368023,0.0386600459911887,0.0354417832977365,0.0170900660896178,0.0343986988418443,0.0401496834809976,0.0290283150331154,0.0265854427209779,0.0155314810622837,0.0396264392647546,0.0227305078922218,0.0425845876480063,0.0306624489303219,0.0326159407534587,0.0337582251782665,0.0254095316774545,0.0656661131953491,0.0512992827220053,0.0183368943636438,0.0284227611000512,0.0263215777838612,0.0337533990229996,0.0352580052385728,0.0160800414238528,0.0428468491005721,0.0521008765081512,0.0402880781983532,0.0341253705306917,0.0349915125873066,0.0282302275863855,0.028005812775958
"FEDm_55",0.0357492019880807,0.0339225709971096,0.0165762075808185,0.0441558484719106,0.0308755178212593,0.0453134522072235,0.0338506561628155,0.0191143672969872,0.037140751264062,0.0395442841201532,0.0263285648242065,0.0305794258394193,0.0208018471958577,0.0461808442194543,0.0193290285648248,0.0490286940534251,0.0449820548567542,0.0187788208483832,0.0339126818874071,0.0213637282478893,0.0293021791388477,0.0351754731497256,0.026209445281407,0.0384197025519966,0.0601926686732541,0.0377552074599513,0.0302703278937569,0.0407545968123047,0.0268053929750001,0.0275864576157143,0.0396059233227115,0.0397696419815433,0.0161180863530815,0.0433795764805341,0.0397485701331301,0.0316878470284537,0.0250945126864785,0.0190082998097726,0.034931435227104,0.0174171003791171,0.0378386064945499,0.0306891610241281,0.0233856079876213,0.0295645803555259,0.034035441169985,0.0568008938068645,0.0418450183037276,0.0217780021250891,0.0214856727031777,0.0239191616963139,0.0290142915819434,0.0365161168930148,0.0211926382743487,0.0355973356715893,0.0555285368366956,0.0436704092627234,0.0531186825139737,0.0392070325386511,0.029751825844997,0.0282999915131536,0.0346396903239138,0.0524782898155189,0.0169312322125477,0.0289808141457677,0.0460482693992055,0.035679521796414,0.0269956025400293,0.0216498833970409,0.0286299367435958,0.0230356028913114,0.0323212620659306,0.0276992151114673,0.0163751533705706,0.0378889667345709,0.0275137302442503,0.0550687970126875,0.0354330480053908,0.0198174080031712,0.0293082130318395,0.0199422583338631,0.0284295341372765,0.0364201785134368,0.0249527211176355,0.0381952256661305,0.0601599519815121,0.0524654811278401,0.0486333712612238,0.0400713421408758,0.0279462892365796,0.0262890096384025,0.0314757435920694,0.0394906220969797,0.0189316623831531,0.0443737820965948,0.0491320260595809,0.0343070342565172,0.0262367119827824,0.0190787523252622,0.0254023884168198,0.0335387396884208,0.0405039907564023,0.0232311260293978,0.0199078033963623,0.033897151283916,0.0253294992680097,0.0552166746708044,0.0532805009605083,0.0202031348688463,0.0259558486094646,0.026420158073139,0.0240434783581039,0.030935594275153,0.022468409190215,0.0280676105044353,0.051131609013214,0.0398677324086855,0.0339483088568768,0.0484548738928363,0.050204214547647,0.024964818137802
"FEDm_56",0.0361759135350942,0.051034319758432,0.0147744032995057,0.0343694378314498,0.0502913987761522,0.036723109377298,0.0307821955667825,0.0145917718352842,0.0250537311810843,0.0184449508159505,0.0341484636547004,0.022438640675086,0.0184799763835373,0.0399611109618582,0.0290117943437477,0.0595161332260115,0.0395259292714527,0.0169989527221198,0.0288434916573622,0.0221023040820831,0.0271343448093702,0.0393338780415819,0.0234725483284605,0.0319026590474931,0.0553157259287264,0.0535850326570282,0.0419589211804972,0.0469913737894984,0.029299511155518,0.0277379761068338,0.030007051602531,0.0367769434673682,0.016956098980429,0.0309722434476508,0.0443359164740388,0.033254315928983,0.0233282801700136,0.0259135008946577,0.0299469591821707,0.0325658019412504,0.0343456649653043,0.0265318722529171,0.0207065497648487,0.029714750150759,0.023519050300477,0.0556698980858063,0.0600685024590268,0.0210929562053204,0.0267616244593094,0.0237377112855625,0.0258196427776335,0.0294283659493764,0.0206045628442722,0.0291793551567094,0.0427374598836304,0.0513214183603452,0.0493841901638459,0.0538142561506973,0.0467538430358495,0.0247512136592153,0.0438303609683214,0.0352935103910519,0.0152528575563046,0.0382617154826655,0.0463674496695769,0.0313054463668536,0.0331890830925461,0.0138178366050185,0.0266885153882614,0.0331190668621427,0.036411637140231,0.0613533733030439,0.0228886739553862,0.0489996145645083,0.024366770969594,0.0557656625429143,0.0382885297368901,0.0190189097402517,0.0213869162356902,0.0248391622184513,0.0267355124238453,0.0287115309128282,0.020799715888046,0.0246733586474009,0.0377893365715694,0.0537335945303666,0.0413239826558551,0.0389759954719403,0.0259144852103824,0.0308973948980625,0.0261345682355637,0.0413380057176596,0.0163765567153682,0.0283492127273929,0.0495011527554942,0.0327594123212226,0.0321979566315292,0.0173960411831807,0.036505724100646,0.0433193145050939,0.0295499543633873,0.0528842317652153,0.0231587361464567,0.0418074901495775,0.0183530104944816,0.0439706412313645,0.0387821259535914,0.0199326414551055,0.0227918423862057,0.0227105650210517,0.0206475119323668,0.0382761882556513,0.0193024638645299,0.0230322301927658,0.0496726331231608,0.0587399869002589,0.0482429342675986,0.0423632799067192,0.0262894364674214,0.0356141512299392
"FEDm_57",0.0442324419969745,0.0331386517690384,0.0155765731086403,0.0334123510964133,0.0365411301650694,0.0347948904660141,0.0337118891649262,0.0131658889354088,0.0397906500541491,0.0319301278831854,0.035990162130026,0.0719156918546373,0.0195698920605753,0.0532388338578746,0.0229033979972807,0.0550065359470111,0.0466963381750977,0.0189478010982354,0.021128368819153,0.020130066374811,0.0229854809838059,0.0284795860617463,0.0213811683418307,0.0256663334447856,0.0351095035350377,0.0496588604703547,0.0384263327718745,0.0403042317076927,0.0250384983203031,0.0311283214080476,0.0290296833968838,0.03907716585631,0.0179920934714855,0.0317513402396467,0.0542947337943412,0.0357388715477833,0.0259909638966197,0.0201432251504315,0.0339216307703666,0.0398654329276718,0.0268079163957455,0.0445763927101319,0.0230777710894599,0.0330471925829645,0.0231757985294752,0.0415320654347597,0.0286764760853538,0.0207615264819102,0.0234777575103889,0.022464294751563,0.0223863564439133,0.0367951587659436,0.0247076508976425,0.0206355680488774,0.0499747793293642,0.0560634858701197,0.0739911107923895,0.040820113241072,0.027852346569258,0.0313710974181272,0.0261587725794335,0.0340204736086208,0.0148258943134377,0.0378820124713027,0.0387459809687206,0.0350216352923284,0.0365607600827148,0.0223669661061272,0.0273888782356161,0.0258772394655301,0.0336876791777987,0.021263856977715,0.0184957439824986,0.0459433780600963,0.0303288947558225,0.0523036802766029,0.0526069018704585,0.0212004969469907,0.0356956802754439,0.0212337769881573,0.0241068034962042,0.0292693762087048,0.0285736836611315,0.0245943570725965,0.0659004858373954,0.0507941250185977,0.0480191377480578,0.0466593373098541,0.0280250391572283,0.0224489520548135,0.0297730694201562,0.03600645506634,0.0147860709810524,0.0377343247953469,0.0381060797317067,0.0364222378030818,0.0304252198483536,0.0202727897331092,0.0257524252689093,0.0264166121586066,0.0419178857302292,0.0424781061979984,0.0201781116519,0.0498142260114532,0.0379524931265854,0.0602308115980443,0.0341868985612993,0.0239053946002279,0.0286422698500171,0.0202822407121974,0.0244053025391388,0.0326554264318106,0.0333912674288446,0.0252740458605504,0.0610409203426464,0.0450474748925234,0.0412062509618116,0.0301504940622062,0.0267999826159704,0.0247451120178829
"FEDm_58",0.0297109944425934,0.031335803152313,0.0150056495216989,0.0429682560286777,0.0438874965631504,0.0471135074652748,0.0413000554342963,0.0190311262154768,0.0259149582354672,0.020113747845104,0.0314589121354872,0.0256511021456664,0.0184716496709035,0.0443662953032482,0.0309181495654035,0.0499826300662812,0.0455704555026868,0.0176532535992808,0.0351733572010962,0.020328449605451,0.029443443159079,0.0329437715273785,0.0395401483318689,0.0260212922234142,0.0650087654132786,0.0401086109733069,0.0362716899258074,0.0412233732511881,0.0302955036491502,0.0231875518459708,0.0324441849965767,0.0319866515561923,0.0143176702670004,0.0325382487072742,0.0372708302006213,0.0404737426954895,0.0303162078963952,0.0257707050060963,0.0284763668599854,0.0204016363025359,0.031380382242313,0.0448540441220323,0.0215915081392373,0.0442788524857724,0.0277620102704889,0.0556020850549775,0.0378320804625456,0.0236053422569371,0.0241487870905936,0.0194359552429306,0.0229375656792776,0.0321350276022861,0.0361865341490779,0.0329631934395826,0.0497783310047906,0.0495846124540284,0.0496224010277825,0.043743170614269,0.0332939030234053,0.0252679691495045,0.0293456019890796,0.0411135551983554,0.0162085671789291,0.0283110033260188,0.0501123519458328,0.0331273989708337,0.0320254208973871,0.0203324057097024,0.0273243182675267,0.036591515525967,0.0362369703759627,0.0255679764644409,0.0204369068528907,0.0385575061615422,0.0343565152748822,0.0588089474579417,0.0281842255234609,0.0223887306373636,0.028205375410472,0.0278408910171646,0.0279229068377161,0.0250226018806653,0.0231343568656941,0.0264561528614124,0.037621411956231,0.0490729315506142,0.073152935492858,0.0472120303496924,0.0268311086286819,0.0284973793906807,0.0333921610110954,0.0337967747841412,0.0174134914967671,0.0542454851113528,0.0548059807653859,0.041180128219974,0.0348575408683778,0.0199969984709155,0.0368341203417328,0.0232770837942687,0.0330705916651593,0.0312744673760933,0.0179850933566659,0.0365371492792081,0.0232736489246344,0.0440065053823914,0.0320736074834399,0.0207048911321748,0.0236675312867148,0.0247288034550716,0.0224989965774417,0.0237547063202487,0.0264704812263583,0.0306270290916226,0.0362922870195848,0.0579647154265668,0.0516882824079213,0.0478743237218556,0.0279166247881893,0.0377904992146462
"FEDm_59",0.0281187973265841,0.0400166142093504,0.0151466636406202,0.0276294023079385,0.0404239989671041,0.0366191177358362,0.0302821654907938,0.0176430015787039,0.0292113522485763,0.0419151933719622,0.0402826989192619,0.0315610317526002,0.0185028376082402,0.0297793591835398,0.0315639196282394,0.0690879593928155,0.0389875600962813,0.018436029348553,0.0277114402817185,0.0245964583009911,0.0291456499186178,0.0318884061375685,0.0205763589166289,0.0257369828087002,0.0449383892229326,0.0524091826156402,0.0598488170604773,0.0436832694991236,0.0279948444923938,0.0262624979382065,0.0365571196075712,0.0292959320454655,0.0169282798887747,0.0374165086029781,0.0545291760262587,0.0325284425155008,0.0373982363953584,0.0218153235049417,0.0332826178140579,0.0218232564322649,0.0390511908117197,0.0337366059087264,0.0186754952128989,0.0517316364578187,0.0279245877685314,0.047758689282339,0.0381093220020484,0.0263450550351514,0.0247593719598972,0.0230716233498434,0.0228262101805865,0.0229036042259498,0.0248542211762054,0.0268310821273236,0.0365692297580187,0.0521613765765972,0.0621831229941245,0.0366536586042813,0.0274689460132474,0.0348100777215192,0.0333310643219985,0.0386067015380503,0.0146493164156224,0.028289880208511,0.0491983322962292,0.0375296281297524,0.032537900843917,0.0166711287848042,0.0301773407641839,0.0219274997213862,0.0527445871357065,0.038014968931553,0.0163655837476782,0.0475940343929948,0.0219049890302904,0.059337159090114,0.0563505635349489,0.0196025517176578,0.0367480037705694,0.0265245629940406,0.0231947972773224,0.0241805511432326,0.0302252818060825,0.0324926619218117,0.0415099118254224,0.042566059238228,0.0343649392707738,0.0428619072058061,0.0286485923828622,0.0218495005584495,0.0305680611711028,0.0314555702759318,0.0162639622326875,0.035010301765052,0.0457025347214831,0.037955728599151,0.0417832770737722,0.0178273049541354,0.0306999691652586,0.0275198710877715,0.0363785391895196,0.0312480367670309,0.023983037795813,0.0430658856189465,0.0227205056065888,0.0555396666598169,0.041372360466107,0.0223015481558863,0.0270302129805921,0.0245085277905348,0.0233150723524647,0.0227289308156951,0.0248397232112662,0.0434416769499814,0.0612625659292774,0.04984037132909,0.0381417688908188,0.040241330794039,0.0319066866055752,0.0213469710446102
"FEDm_60",0.0332620902325861,0.0367613584441858,0.0156557309719002,0.0372121770561005,0.0477292010369976,0.0388696293087823,0.0359672293356243,0.0172578789107231,0.0236916710598347,0.0207840391668313,0.0476032392566761,0.0245210969742018,0.019700754188533,0.0480177095320122,0.0293590956850748,0.058926331829999,0.0499400316072376,0.0209333024039414,0.0337436977227219,0.0229154969791885,0.0274840503538757,0.0212535020513765,0.0353476447212307,0.0442531807890979,0.0475458760606215,0.0400065401519518,0.0225513401258925,0.039672678848038,0.0312348648094452,0.0277985603853182,0.0290516553666809,0.0323167183388747,0.0166757227466586,0.0362659149089895,0.0474380873548296,0.0410474783373987,0.034584900942647,0.022048922754034,0.0348770586247962,0.0231246098453375,0.0464641247530506,0.0359298589993618,0.0217695826225654,0.0377905000946106,0.0211183396781648,0.0566986250867282,0.0443660910105904,0.0234152391131706,0.0300252472928915,0.0257904730504733,0.0205826775757303,0.0251213268319478,0.0310189621820268,0.0387538606882147,0.0448414041659482,0.046750760598472,0.0398048373828061,0.040981380050271,0.0318264849114215,0.0195191546913077,0.0263885864950802,0.0304029279046895,0.0162616241615503,0.0255534407717307,0.0378286830273835,0.0358455057874451,0.0421460991807355,0.0206759505277495,0.0264084804066569,0.0309585009160889,0.0368734450083155,0.0194687877463167,0.0206876556796862,0.0296121581259836,0.033973748995842,0.0598225988971561,0.0408249159785556,0.0197891500434646,0.0288403615973372,0.0279591149347945,0.0244504559345142,0.031000322354024,0.0268942854476145,0.035480281703501,0.0456755079996947,0.0657335853585949,0.0466967369014209,0.0424916066932859,0.048252238547215,0.0230032428735727,0.0282564808567438,0.0371020873601838,0.0162610040657148,0.0308923435877421,0.0555154113197587,0.0368128337408861,0.0355876659128538,0.0162027966463014,0.0256062971443778,0.026655559681588,0.0484348044647968,0.0413884813121599,0.0234566700417756,0.0355660517320133,0.0223209815787573,0.0539976244287329,0.0581455259431052,0.0216442924181895,0.0335572774602816,0.033516947310475,0.0263909556350233,0.0231891665380882,0.0181559789826376,0.0290118721499336,0.0368820693937759,0.0518405831158739,0.039042337868453,0.0349739108620787,0.0321813583198845,0.0274106301278141
"FEDm_61",0.0266372190405148,0.0412379445662126,0.013611784130401,0.0262249646601337,0.050510357659163,0.0304152320663028,0.029673494535846,0.0138348617816376,0.0390948663472611,0.0312735341048703,0.0334891885170269,0.020823188594763,0.0222422781179293,0.0293771436625161,0.0480057860061348,0.0592689753309953,0.0289625156482594,0.0157836227585427,0.0272430201338907,0.0291160618648179,0.0209475280194596,0.031143371123063,0.0269656990805106,0.0298518455487144,0.0439113419626523,0.0756887811120522,0.0391854767345451,0.0452336948120451,0.0477380206945373,0.0225082013852015,0.0272031497038334,0.0351673476642821,0.0182142192957591,0.033148282135186,0.0444244711076988,0.0443310644536958,0.0409221650362839,0.0217095815584805,0.02586638330213,0.0196673529650842,0.0458352619069739,0.0372984236876323,0.0238144585140773,0.0355880001085369,0.0248877695654025,0.059367206721429,0.0567328194527107,0.0253445477570268,0.0278345611944151,0.0300866428096218,0.0274457308084571,0.0234753500978384,0.0181690332501262,0.0352917575412329,0.0344571006448369,0.0457969914888532,0.0482828969745339,0.036603767609344,0.0331817227748497,0.0198519398696673,0.0275992940452716,0.0345172381105,0.016266654974839,0.040779448958119,0.0593791533172924,0.032512806970082,0.0448260029828578,0.0178264976528696,0.0357181736047834,0.0396014958202331,0.0371411116902067,0.0504260268434307,0.025825359296565,0.0410576351766983,0.0361863187851151,0.0456503654545817,0.0311809275184538,0.018276889426007,0.0195697177959074,0.0289229791197031,0.0305391061380209,0.0215274768224949,0.0195565706588639,0.0235974482187085,0.0382937986819816,0.0504551807099785,0.0371400326734934,0.0368937491647129,0.0299133548136114,0.0288191845746172,0.0267377494987885,0.0318776546512935,0.0148916964371891,0.0257255332401718,0.0505330576511455,0.0358192182429095,0.0276693604446882,0.0170212734005815,0.0472386322452059,0.0206601083130988,0.0357888603938679,0.0343613338944765,0.0190231189856453,0.0517746101666901,0.0294057684134524,0.0398903070725715,0.0427305683752325,0.0186243537625321,0.0330940681286127,0.0273676990744299,0.0269850620849297,0.0366412177718258,0.0290053811794002,0.0294192256209073,0.0526630042879705,0.0506232183904414,0.0404708228301747,0.0450301454118856,0.03308329992778,0.0258436501021014
"FEDm_62",0.0255707120840723,0.038501215806855,0.0173646058134693,0.0386458585375197,0.0549568876433162,0.0360594848053288,0.0467197497687112,0.0169788603449492,0.0410812411079931,0.0335351330986017,0.0547586232948274,0.038035675208084,0.0254676761110807,0.0505147379461278,0.0352011507573547,0.0449043062740085,0.0320818476578207,0.015586185016811,0.0178290092516092,0.0303192071045278,0.0337016278172479,0.0238924467024926,0.0159500437595267,0.0186552099140854,0.0426650478705255,0.0424033347223858,0.0239627847680394,0.0428989221700612,0.0322619255120541,0.0294964891305134,0.0249897409254103,0.0312242769595234,0.0162761598315967,0.020691935880079,0.0544432010959834,0.0268074060698103,0.0254390985264196,0.0171167669717942,0.0432160058608961,0.0235144355221063,0.0293064725568857,0.04200759733278,0.023090750164152,0.0421912118908505,0.0351837835066643,0.0364265328681947,0.043248422550276,0.0217065208922724,0.0352367485707386,0.029487038409618,0.0272066640109503,0.0380814323519645,0.0272566851109293,0.0295612480056151,0.0471945779829546,0.0568369599320497,0.047597399122839,0.0454376421851192,0.0320665168959947,0.0271567680155322,0.0309579788723789,0.0340802546474913,0.0147411128290916,0.0279269464538485,0.0429005112807281,0.0434440718277538,0.0398891527737308,0.0178219625545722,0.03892854590153,0.040483603440405,0.0458462269855985,0.0321458895331311,0.0190944066551815,0.0643548873177263,0.0273229023968577,0.0487619801209963,0.0480536936260363,0.0222340256937771,0.0196088613595675,0.0274300872012905,0.0271225363673656,0.0302562287212099,0.0193182251908797,0.0311352487706051,0.05852993225731,0.0351350902620841,0.0254580637616013,0.0355399049003968,0.0303956391501507,0.0210820291467039,0.0287763837503415,0.0446572739907718,0.0201795953076005,0.0333278500641924,0.0426664941559234,0.0360009114549082,0.0450878069670135,0.0151536195985678,0.034908695496942,0.0331380510296925,0.0394679253817456,0.0274545327449634,0.0219575664120003,0.0345635088600953,0.0309050423004515,0.0502598730464304,0.0391287474750306,0.0216422870572663,0.0283623123922752,0.0232219378137071,0.019461496927266,0.034111571543074,0.0196274316932636,0.0309373542362826,0.0539729680266744,0.0519627597839827,0.0286332921388214,0.0455032570139252,0.0384973454924126,0.0264321078443783
"FEDm_63",0.0309627234372788,0.0329290570137169,0.0151949456858997,0.0249999177590643,0.0444636555333905,0.0371728765705876,0.0447369837010073,0.016271757203565,0.0359185218554655,0.0446086755874391,0.0445196539532457,0.0335066181996321,0.0205657051261512,0.0830407554353689,0.0281715458884414,0.0620788138736778,0.0416608099198095,0.0201554687316871,0.0195561097158392,0.0274147195831984,0.0279165260493554,0.0303254382448064,0.0200194499663592,0.029085811007783,0.05600032867322,0.0265479532323303,0.0236687283258641,0.0307424283050554,0.0265719378066067,0.0211920836141533,0.0284195071294007,0.0395014108434648,0.022762427302907,0.0324528756782302,0.0442496260768193,0.0368101767004408,0.0420196491503193,0.0214961675787644,0.0324717682027331,0.030241369103957,0.0397933455135662,0.0245136960852951,0.0274779079918812,0.0365014778495917,0.0294083364154416,0.0484080661168275,0.0364094713355251,0.0245444924055311,0.0281273420478533,0.0257201935436231,0.0184273052969941,0.032314100107974,0.0189398769269458,0.0229251071048594,0.0614601709686668,0.047647211828152,0.0361162850800775,0.0451997889399495,0.038583748621455,0.0270570980527532,0.0360080300102039,0.0548783548886799,0.0151748617730171,0.0271281417978784,0.0276693533878984,0.0483974507935626,0.0325885123929191,0.0199457835882417,0.042332832018443,0.0192194912415653,0.0287905530331303,0.048425971962609,0.0169675452070163,0.0610247610084263,0.0221809962381093,0.0599219271302632,0.033270935978283,0.0193377800646878,0.0214803117032348,0.0225715047262027,0.0233869500666903,0.0293415201827072,0.021970755707092,0.0256522021191338,0.0449387317448954,0.0387418404310617,0.0416258973741837,0.0596376194557574,0.0370525500656192,0.020336833908487,0.0291017445979357,0.0571073137026769,0.016730473149246,0.0312291527571067,0.0447000650352734,0.0285683329629213,0.0319503317528887,0.0175821873330929,0.035652035427635,0.023251758977886,0.0296455026008763,0.0302321600571337,0.0222816512011386,0.0304092100716398,0.0231683085315164,0.0575277128660037,0.0564734998080633,0.0178485595321565,0.0283442566054914,0.031274827915376,0.0197056967613468,0.0312951678587675,0.0226034036740471,0.0284310278717072,0.035849895750896,0.0537750308131345,0.0398524223019497,0.0514258798080965,0.0444942263112851,0.0294881639627114
"FEDm_64",0.0398193404882022,0.0503964007484318,0.014943912307556,0.0249633361950281,0.0319618073251717,0.0456092633070087,0.0353341038925345,0.0134285261741907,0.0492537923200976,0.0173346364176263,0.0325340272730056,0.0420742447106268,0.019162481069728,0.0564195182733445,0.0211596640092883,0.0697827018239176,0.0390199116353606,0.0172860433260242,0.021467936662036,0.0248608800055373,0.0221170229259527,0.0267237795771736,0.0191996561959203,0.025662893672804,0.0399393156977306,0.0396183472828409,0.0240150928072553,0.0655627585821991,0.0488585130885508,0.0214900922048562,0.0284516083759425,0.0555938186827766,0.0170001307705392,0.0299848464480554,0.0346232512766746,0.0370090385184057,0.0345615463482766,0.0222140083092272,0.0379363036361184,0.020691846062942,0.0298906583407005,0.0322618334347776,0.0194059070322707,0.0487784138250477,0.0197036250189026,0.0554511009374355,0.0580991766300926,0.0197286564571303,0.0309028283090147,0.0276794394620297,0.0207959691317642,0.0326216567604939,0.0207852688294395,0.0222840115364336,0.0422145674315545,0.0463663451263775,0.0464286624574145,0.0502547986115434,0.0335644298150806,0.0247162524235381,0.0334251295572109,0.0485572471479595,0.0182454147422054,0.0216315062350013,0.0439557856697646,0.0293316161956789,0.0329246617493628,0.0212611238023023,0.0475079316665631,0.0238179654025098,0.0304079386961147,0.0609508329970092,0.0283001027540633,0.0359795313107298,0.0230578640805406,0.0509148986284837,0.0365936316898797,0.0215074478106314,0.0243580747845228,0.0272279300262777,0.0226688625176431,0.0276108851288658,0.0194040832391109,0.0229347519179903,0.0295419975522288,0.0550140679205679,0.0470826292057766,0.0501707652362142,0.0347265375322423,0.0308887848025487,0.0391516280336079,0.0486770404247732,0.0150705183285612,0.0331759267184651,0.0355331450663201,0.0372936192088797,0.0365282064989036,0.0184097170826389,0.0385607386708988,0.0278792547848797,0.0374883089008055,0.053198921398599,0.0209204371316101,0.0395660464361395,0.0174020723230258,0.0560977295653131,0.0363663625416768,0.0209244294704749,0.023180781195169,0.0267738228784279,0.0224407608833233,0.0279667159426088,0.0275329814161965,0.0275380389055158,0.0386995003513814,0.0535060063818058,0.0361009875852065,0.0450128606772384,0.0326755116537479,0.0263279295438058
"FEDm_65",0.0252281340605311,0.0531014908039041,0.0182396638142139,0.0237465917138589,0.0424799310803202,0.0321987548469652,0.032800040326029,0.0214662111926743,0.0643850568687272,0.0204484093248216,0.0319708801356064,0.0487329918692831,0.0270730148625462,0.0422680175739529,0.0216287080930788,0.039507755402634,0.0443411492201212,0.022626685706507,0.0251555339276919,0.027310714963752,0.021022718732602,0.0263939744034685,0.0192996773699045,0.0226376393536637,0.0344007367024055,0.0502788056918219,0.0452517271856443,0.0461001011111665,0.0404522835981324,0.0294526000639718,0.0400042715120518,0.0555315732273527,0.015626363322464,0.0294331326024276,0.0367374896255427,0.034263733436047,0.0368841346115682,0.0189821230361695,0.0434326972571587,0.0191525651337816,0.034793132823341,0.058619260068484,0.0234684298345896,0.0341656742525535,0.0177376025818894,0.0517587506083064,0.0380068632170482,0.0197908881576417,0.0214845457074017,0.031191984883636,0.0235169444263523,0.0270007775839378,0.0230894878052316,0.024796451666948,0.0387939614481619,0.0489927977212507,0.0505027162441796,0.0413331086426723,0.0335637558848075,0.027344782677003,0.0303102995058644,0.0661365610845091,0.0151524124829818,0.0318301082470747,0.032735239558214,0.036710922381755,0.027750485278414,0.0169722263376065,0.0465112968748756,0.0258639932806856,0.027923260148397,0.0376198655823295,0.0222509066273939,0.0489819748342215,0.0283313577770799,0.0455376192205187,0.0342119601694834,0.0213452377685113,0.0280957102764258,0.0247293267808375,0.0233106427143755,0.0287168573444008,0.02870860875923,0.0319286582225439,0.0425876628794369,0.051118774264712,0.0504266094393584,0.0469690433262765,0.0289833468026407,0.0182490320298462,0.0352559905259534,0.0604665395954027,0.015029181189154,0.0280697683880575,0.0468320969623131,0.036612008514585,0.0324868661393496,0.0159773401063411,0.0351762782359612,0.0227770447875409,0.0270911973764098,0.0518321803714009,0.0174378367450567,0.0473000485068545,0.0186961043420349,0.0607275336410442,0.0352948303253737,0.0197835501819507,0.0269869602799401,0.0266142602583748,0.0219168708631796,0.0263470102607856,0.0221797485327185,0.0365839519386353,0.0455911162064638,0.0485347705186328,0.0451093950373499,0.0404135352367727,0.0281106171659266,0.0247653677664366
"FEDm_66",0.0317218865322672,0.0736456625548277,0.0150501250015194,0.0276295614634442,0.031452835200017,0.0322424524452702,0.0277204394518223,0.0140084255802035,0.0454852391165205,0.0239461238092861,0.0306676948070892,0.0334702395584352,0.0221780393971669,0.044369290789023,0.0248829132458063,0.0453454019792126,0.0403092409435556,0.0204037987850804,0.0272485298966096,0.0251630764696598,0.0259186259694316,0.030351332700814,0.0270008532761134,0.0350019872274314,0.0465570247420497,0.0549017229680699,0.0383054013525081,0.0533282204079424,0.030847379566115,0.0208464747627076,0.0304721435280709,0.0587799729254599,0.0153627590525411,0.0334525076341207,0.0447836541870164,0.033811698021717,0.0292773513816465,0.0184360160496677,0.0408183051948014,0.0182365806289394,0.0314278933004155,0.0389394672786303,0.0191737395197651,0.0355746790387114,0.0263579340020657,0.0594412600086918,0.0411123962376184,0.0203509765953741,0.0287138155066779,0.0258878131536992,0.0244737946276053,0.0281090104817127,0.0254246480902693,0.0373350994900992,0.0378074565073762,0.0510398770932655,0.055020952309501,0.0409545395386604,0.0296835685603356,0.0197400900555445,0.0326179941768964,0.0384624164741035,0.015665938163103,0.0211224362777927,0.0468112160615944,0.0355518347922076,0.0345049237470749,0.0174234452990079,0.052065406668795,0.0272452273837065,0.0286695758489075,0.0441771344232463,0.0260167082373134,0.0428821756232342,0.0281718721248762,0.0406199707677032,0.0303614133189986,0.0232137919122028,0.0230739806121381,0.0294520200032001,0.0303174315969389,0.0285296004750541,0.0187248747133827,0.0309361672688921,0.0408115691295929,0.0472386574656265,0.0427550278749116,0.0560071079036767,0.0396479908210351,0.026922090834787,0.0271867899859244,0.0450758716708134,0.0173044347326991,0.0189668643771583,0.0563643541483886,0.0360090658820317,0.032037374157716,0.0184871174017556,0.0452624609018867,0.0243065626320417,0.0330665498588336,0.0467085471709119,0.0211373999425712,0.0541016877579139,0.0266409060208841,0.0419348567813277,0.0386745872355513,0.01761142149656,0.0368078542867991,0.0227675351788871,0.0230088024205291,0.0214290886380108,0.0230991399638039,0.023585050095362,0.0384647405269865,0.0645278785479954,0.0418881169621262,0.0380053915216277,0.0335449970419528,0.0319945526609503
"FEDm_67",0.0341175179739347,0.0406930506183393,0.0170743460388247,0.0205875786309827,0.0455132390811798,0.040949044471262,0.0298877121933503,0.0142201679775195,0.0490494130458775,0.0425087381282752,0.0407709105762631,0.0336124946780362,0.023144106818087,0.0541591332890546,0.0254932426310591,0.0417806195089361,0.0253353780611608,0.0184386689121905,0.0225217305861563,0.0257784079558383,0.0277197614528179,0.0317673291859184,0.0171115775441781,0.0267842840055274,0.0499715540303651,0.0530566845790374,0.0294710282986151,0.0540092855348399,0.0390367403921834,0.0254362538001895,0.0289734592518937,0.0444249826841262,0.0149082037235763,0.0226346150207107,0.0509784149737815,0.0318207988359792,0.0358003536437458,0.0199626892913636,0.0510900300684463,0.0226108487590355,0.0325119264510314,0.0458938489738142,0.0221974023576909,0.0484716574511328,0.0297941863936346,0.0447550834515146,0.0399516027322092,0.0224171276996031,0.0331522764490087,0.0267505930792863,0.0173436626564066,0.0227600163519223,0.0231704234135328,0.0231961788398083,0.0347871815790776,0.0525653733532251,0.0516061144947987,0.0419639377787659,0.0299772899280869,0.0335297203127913,0.029390851162495,0.0381537575123444,0.0183579309591462,0.0333798417409631,0.0443920215163676,0.036995080002264,0.0410083545607932,0.01913888714738,0.0468831416622655,0.0220312909007964,0.0263029913184184,0.0440097808306124,0.0213642803382046,0.0410264971567806,0.0200022317382078,0.0538276931045251,0.0470681086415744,0.020339276556902,0.031441122059703,0.0249144785632997,0.0318513523365154,0.0273084209414901,0.0229222936776007,0.0268355501329065,0.0528560160607437,0.0505132010394519,0.0338144925319302,0.0422285769407407,0.0280922751859474,0.0235502036796298,0.0295877750055239,0.0382082621801155,0.0153071302068204,0.0274994613846089,0.0573094813757234,0.0433960844295841,0.0343026899157869,0.0196560630276892,0.0446511442324893,0.0220098906692898,0.0371610503713928,0.0309592334892372,0.0317014356303632,0.0348407222404452,0.0266371409529619,0.0560283972991084,0.0413541424873635,0.020247019761003,0.0247432950775214,0.024489252752333,0.0307370489361867,0.0227318814952436,0.024163057427491,0.0279455140516498,0.0523594539490761,0.0454011996134453,0.0359441762183909,0.0459094042701411,0.0278383572191686,0.0268802343298461
"FEDm_68",0.0267491917980772,0.0347191402386197,0.0185852154485861,0.0342457829625239,0.0448347240981236,0.0353601688985596,0.0408000732458416,0.0183446693831786,0.0545065041878311,0.0246303806240668,0.0348240476773039,0.0397992097984031,0.0214268359748821,0.0396309610568564,0.0215156200006462,0.0526076273996449,0.0498314213986852,0.0224496814803576,0.0314754769615036,0.0265810057439079,0.0263168199444806,0.0257568681010931,0.0253507708936361,0.0292686850600923,0.0449101140255492,0.0491529955593649,0.0354948067467473,0.0410550130338901,0.0239077332209692,0.0258684550365783,0.0296325613854924,0.0425553754852022,0.0171662282101001,0.032371742451929,0.0495480946683477,0.0396692059472987,0.0310962473930337,0.0206782118573187,0.0455160586404273,0.0195642142281786,0.0323135097124134,0.0376321455455211,0.0217912367806512,0.039501862610547,0.0259344677488826,0.0525034755911179,0.0412040623927604,0.0209968462893348,0.0241930385455866,0.0266391757673941,0.0283643799190067,0.0246550625218649,0.0246416934969345,0.0235779058072199,0.0513220196251169,0.0467152286909792,0.0497011878791868,0.0455232715435034,0.0266715600179096,0.0283199292467407,0.0257856212683849,0.0508979460183136,0.0182225895967618,0.0261920368575455,0.0486769264672677,0.0359745593226733,0.0248652350681956,0.0194981555457483,0.0428541486761058,0.0232564695462928,0.0374633443759849,0.0439159414625251,0.0239522388316976,0.0341961292329319,0.0222026829926519,0.0456748337021642,0.0435163754333221,0.0180385364886241,0.0225756934588787,0.0264898430121639,0.0231640289997919,0.0270065672973889,0.0244757682578352,0.0382418094580161,0.0468657194403845,0.0510813270174013,0.0419193898484571,0.0506311883031077,0.0342992563794389,0.0280656376399448,0.0267197904822717,0.0475897338403934,0.0154705253658525,0.0376641293148699,0.0577524749617791,0.0399041663616405,0.029621870166359,0.0188042411874654,0.0524028670525659,0.0230732671469042,0.0293367378063405,0.0506186332477205,0.0239441759675705,0.0362571809735569,0.0235617527791149,0.0433254543266342,0.0336856564339144,0.0207655145188793,0.0294410232078607,0.0285271108988734,0.0211881411620511,0.0276852459986387,0.0227760699611525,0.029882022592188,0.0409503072181535,0.0508586745088485,0.0307842048696931,0.0454617654789156,0.0390035095904462,0.022943752579346
"FEDm_69",0.0282171455521049,0.0484461067671403,0.0176954581533678,0.0263011240087861,0.043025847442264,0.0356211893584191,0.0217248513730787,0.0176825054315314,0.0498524034867568,0.0211400509935251,0.0382054593438702,0.0319398917759757,0.0294057860593581,0.038950575960147,0.0209323339784213,0.0562732513537734,0.0467320222615091,0.018817871911486,0.0242643940289473,0.0273950633991286,0.0264036859056871,0.031061396008136,0.0235062537983419,0.0345250719353693,0.056012538896771,0.0502417462286677,0.0337011198739943,0.0507237869732698,0.0312440424168802,0.0199570253232919,0.0274501962371045,0.0471538781455715,0.0163110439318303,0.0333909326335058,0.0505568941591047,0.0414305795389031,0.0342681072984472,0.021356732078724,0.0454250586884411,0.0211671997300957,0.0341552840236911,0.05227807861241,0.0221908099165761,0.0385369335484254,0.0244448549351697,0.0450051191936734,0.0361625730836593,0.0214943155325193,0.0265142095423904,0.0235617727806389,0.019782058370504,0.0266801861037849,0.023421555138264,0.0319782581004974,0.0448851028118116,0.0507113057823283,0.0368945496471812,0.0411013988257318,0.0353520961425918,0.0263389154664236,0.0289627711477521,0.0864502447953668,0.0139014533422168,0.0278786732919245,0.0497025588786169,0.0243298696674637,0.0308761591969262,0.0164628464576861,0.0382648842529931,0.0251786565959597,0.0275553635007382,0.0492243245069829,0.0206336383914005,0.0407459377771755,0.0175486836654258,0.0474724143067484,0.053902961618254,0.0216037470921357,0.0223100607770222,0.0278484321318805,0.0167675378495899,0.0273457107310283,0.0221465937827413,0.0310153494684138,0.0403475421490781,0.0496519849164676,0.0339733570797968,0.0455779419636469,0.0371246445200796,0.0251956561444881,0.0304023241785945,0.073624902508381,0.0147632667078519,0.0315333852773305,0.0298252022982282,0.0281602933972412,0.0396067792178431,0.0162241309584605,0.0350539597773008,0.0245168969625665,0.0316623844898367,0.0497803587247186,0.0165428320871353,0.0386997849423599,0.0174476851202889,0.0698880243386592,0.0448978891120662,0.018629992203155,0.0210543279987691,0.0211796356063796,0.0221302176821188,0.050417001166635,0.021128551463605,0.0241681365791165,0.0525531305114501,0.0393055378030946,0.0274027683618564,0.0490439121395973,0.0317682265865358,0.0285884617988242
"FEDm_70",0.0251250963584028,0.0829029311564591,0.0141583413704843,0.0255179067991831,0.0471142973230557,0.0249322831010886,0.0355043689504427,0.0146216905225997,0.0389641663057253,0.0222007936251935,0.0359182088776318,0.0478823731443084,0.0196751329684829,0.0457126890605789,0.0169970505799265,0.054712926175602,0.0564237972261517,0.0198923378524878,0.0215509395366132,0.0249656196728064,0.0166089478008748,0.0274363908637182,0.0173208663978453,0.0292511621534137,0.049927066663684,0.0484058506782741,0.0268700289829264,0.0434847221145541,0.0379971352516412,0.0279248784858438,0.0336247598165731,0.0717807675458917,0.013881398543206,0.029945060777756,0.0328505615782539,0.0274845735357408,0.0354148632759345,0.0184601102598841,0.027567054482377,0.0255081056916872,0.0244499973727864,0.0502630381824662,0.019275344173872,0.0376864993812383,0.0195330792526331,0.0614693389452698,0.0461369402180487,0.0213043265671012,0.0204334233469608,0.0244477762117675,0.0212030453962015,0.0520162529488389,0.025437937063605,0.0224953802063756,0.041022131646796,0.0428239282610708,0.0352303438336443,0.0567385440716179,0.0329465343713518,0.0285688830410498,0.0335408303411873,0.0579063609587387,0.0161211290506933,0.0221567424901684,0.043276099401645,0.0351782920157531,0.0407727755063198,0.0166038260278738,0.036873156076055,0.0280340021005896,0.0318666985998912,0.0383093728980493,0.0190390986687075,0.0467892713003406,0.020129729342532,0.0497816179034561,0.0440079579345183,0.0199433783599094,0.0283372631898783,0.0226449165016167,0.0218306814302904,0.0230331663121482,0.0256053609504354,0.0274450937310799,0.0481820098715129,0.0470145401877419,0.0415299977767718,0.0429510225569716,0.030641305722613,0.0404543027925117,0.0384213667329849,0.0514647140926356,0.0150240529909331,0.0309599372859046,0.0371359986844565,0.0385201021437983,0.0421265012522546,0.017784080696135,0.0290816145901591,0.0271301340759492,0.0302415672721442,0.0469110719629748,0.0166749484961173,0.0441317514196019,0.0184873767158688,0.0624463895619339,0.0521496055449483,0.0207611428191076,0.030210968471097,0.0196983477340012,0.0275843952626454,0.021989452014585,0.0307878442117632,0.0314101090456798,0.0469438909606106,0.0355334873399962,0.027802950228647,0.0426173107137993,0.0362031567085277,0.0297657309707398
"FEDm_71",0.0365787195778051,0.062147705705877,0.0153303285407188,0.0246671382360102,0.0423417671803877,0.0357394260416015,0.0388090028456881,0.0154193479202759,0.0344500960740927,0.0281411794899079,0.0288267865765111,0.0414819202210775,0.0192414285778051,0.0465980997627852,0.0181693708065658,0.0570465219092269,0.044772509130684,0.0184955615179813,0.0294477314338695,0.0235950942494505,0.0206884675993064,0.0220777167451155,0.0283064161788864,0.0282731729355295,0.047284849868953,0.0473163830259562,0.024440725310042,0.0466233959758702,0.0329403095951194,0.0407488269668997,0.0384799395143441,0.0495192198988026,0.0146310865082039,0.0337047749378368,0.0400740781033008,0.0359901968806636,0.0410968396068678,0.0185387671917807,0.0277571789345958,0.0303233817701658,0.030877924365328,0.0426143677595192,0.0184326282978924,0.044119227594658,0.0202767411891557,0.0600679550658147,0.053352274261194,0.021134777849587,0.0276756967535741,0.0186037449218633,0.0242114180669821,0.0219980766845206,0.0236565438578496,0.0303563053999343,0.0431412390944506,0.0446912752412958,0.0383555807753673,0.0392983403894088,0.0382367824471871,0.0287836366378557,0.0335798665163584,0.0500752218182053,0.0161236657832104,0.0244863268654092,0.0400014622506792,0.0435978910705759,0.0398626418247138,0.0183453139150436,0.0344289888008529,0.0226232384413021,0.0426780183848142,0.0471266081150098,0.0197414531601073,0.0453293890762131,0.0170613207157156,0.0482319302882859,0.0385878758161521,0.019197747507421,0.0219931763517813,0.022042165541869,0.0175624098536965,0.0307755237921512,0.0269667194481153,0.0300854939972356,0.0476741791898447,0.0379748933666498,0.0298696093774133,0.0538284875723498,0.0455214299437946,0.0346269512150288,0.036230202056078,0.0598970552384662,0.0147998888665536,0.0300270436136782,0.0410692715969249,0.0375610515529336,0.0491442472355409,0.0167289356310353,0.0378829641084822,0.0221535905286345,0.0374476518029921,0.0449250334111949,0.0182247224573324,0.0389033194021005,0.0184644477530868,0.0494173380419925,0.0411828989415659,0.0168528836387214,0.0213684876281279,0.0217816114375268,0.0278582859956614,0.0281802911877326,0.0245340336744965,0.031044384639185,0.0483028578880672,0.0308205747142657,0.0254791313835473,0.0476505347712702,0.0479558433401211,0.0341114174626847
"FEDm_72",0.0352611865911005,0.0524216104850748,0.0154564465794688,0.0233709265084496,0.042485975536642,0.0424068925339492,0.0371843880952895,0.0164648441227863,0.0338223895206649,0.0220041597108546,0.0358599093579657,0.0432460141238969,0.01893924619976,0.046250366864862,0.0184278638939365,0.0492145416453848,0.0408269951573038,0.0180884459582336,0.0260407360694111,0.021928078545323,0.0222656742525239,0.0301177028603275,0.0297684176582675,0.0333379128431558,0.0455154300594278,0.0393986931463539,0.0265291919717545,0.0550053976518224,0.0437533830602519,0.0346071789957572,0.0327195363709557,0.0685482384468674,0.0163019026058995,0.0287782097240926,0.0412729600053676,0.0341121933219228,0.0432535692747857,0.017823601769589,0.0381237663052219,0.0225093909598332,0.0448732780425382,0.0448323510519453,0.0187468470734853,0.0342953295191058,0.0188226875134917,0.0431023232565121,0.03572641446708,0.0185266916021895,0.0201631923545327,0.0239309388312343,0.0252980869155655,0.0305759404125466,0.0259447682588405,0.032982326710495,0.04931594064509,0.0370395224461836,0.0310247170879601,0.0465800079449191,0.039564217275701,0.0352110498060485,0.0367908722469028,0.0462476087278853,0.0146693064118582,0.0203272952407759,0.0475884998715579,0.0436909320491297,0.040407978166857,0.0178667281879786,0.0504493746933957,0.0230717628423788,0.0304196359138598,0.047900907581075,0.0218414047522429,0.0460369656958512,0.0172454139969551,0.0559520416653504,0.0584451616288022,0.0180943296691054,0.0301209440661021,0.0202014883027727,0.0202062916947626,0.0377808690798862,0.0215702685024015,0.0268975418892489,0.037480901156805,0.0374353106744661,0.0279125915840695,0.0546966049077172,0.0251558583655274,0.0234951104342787,0.0367299456630991,0.0371617309306277,0.0165117051282475,0.0306672590294923,0.0348203638004022,0.0519174415960071,0.0516419500583851,0.0180251674802719,0.0254652823773548,0.0208311920879276,0.0381222153249116,0.0470194983235836,0.017337977946157,0.0514069679918136,0.0163922254209828,0.08094635884656,0.0605099640114376,0.0198755293436717,0.0234994773062316,0.0198422919261358,0.0201486426506682,0.0259711530285362,0.0232027200607226,0.0254108847344402,0.0584039825679903,0.031641428210847,0.0211311933542385,0.0423092417056407,0.0268536940421905,0.0262025150514254
"FEDm_73",0.0463374232125285,0.0440666978526873,0.014183114696066,0.0169891067500471,0.0444678179844639,0.0406965309036013,0.0509845814696243,0.0179274044021221,0.0465996111063885,0.0252085022541326,0.0396699155798511,0.0551869296125319,0.0205987955369741,0.0402156170885479,0.0159117959017039,0.0538896428672854,0.0578585193697038,0.0179058033524706,0.0279528318210828,0.0185717037569963,0.0170981990099105,0.0366328091046288,0.0222621649729149,0.0228917495183906,0.0310941124738339,0.0439150047697068,0.0291874783491171,0.0447304952162036,0.0278034340276724,0.0291622070388122,0.0305247211042991,0.0393275388416531,0.016864455205385,0.0275667805468474,0.0357541263014513,0.0525682715043903,0.0436200043277852,0.0202423058350406,0.0308681649611511,0.0183442189870745,0.039177462453003,0.0397611994009717,0.0187498430151361,0.0529669848906628,0.0150067886090837,0.0829620590209573,0.066727215338281,0.0208566451452787,0.0239629563060444,0.021173904972497,0.0266711992873114,0.0264213838464474,0.0205467710816703,0.0237575707956052,0.0568018069500582,0.0299512962129182,0.022911507865985,0.0455117153699481,0.026942051071835,0.023459050751228,0.034340139482077,0.0307179092350187,0.0163289038650267,0.0394714489827477,0.0401555653228416,0.0382779116082453,0.0405005579017081,0.0242378401684374,0.0399871520296452,0.0249734763181528,0.0322936841605272,0.0355152398201821,0.0221284485939642,0.0401442110079997,0.0244893626424572,0.0455872098725189,0.0438751205367217,0.0198866608078196,0.0223514200868573,0.0256064776965601,0.0384657829476273,0.0253416094808621,0.0245990356055232,0.0362213132421417,0.0585127624875643,0.0413000309124765,0.0330805264065765,0.044703466812538,0.0345234568942512,0.0223832750709308,0.0377345248495854,0.0369451749837072,0.0146536681519059,0.0321456729003247,0.0427200848940212,0.0436555771916513,0.0461597266236811,0.0166953447440337,0.0425688891692887,0.0222008569228885,0.0362401800461036,0.0418487770107252,0.020669407283807,0.034866773526583,0.0208658335328376,0.048337050017035,0.0499597273418877,0.0183835708523324,0.0344318588040263,0.0207246844942167,0.0245897176432716,0.0227139087136585,0.0288019861162922,0.0276803027770744,0.0513059788453661,0.0524048625367971,0.0266571163167736,0.0457883105634679,0.0307869646184747,0.0274634685281816
"FEDm_74",0.0393898565421566,0.0410917424104323,0.0149351401207105,0.0345266771933487,0.0460820028758186,0.0386110168001351,0.037603063604714,0.0182511273117064,0.0341675805252247,0.0249549109684401,0.0364358390886194,0.0477644744385219,0.0196855236520551,0.0367170965847285,0.0224755396823525,0.0455322590308107,0.0413926069334928,0.0189153077724634,0.0282193847511561,0.0228959622611764,0.0381103445596039,0.0306477884490199,0.0268185141768413,0.0302439115385385,0.0455689216909477,0.0506309363338348,0.0229841973742925,0.0489270230425357,0.0346633239886498,0.0217579262976722,0.037582060156053,0.0337837860717368,0.014926207333254,0.0330692948785634,0.038184979972283,0.040294142895156,0.0475886949678684,0.0230544320583253,0.0495852645042087,0.0205074639916681,0.0340445316484669,0.0409791232810947,0.0204296138562114,0.0384983343994023,0.0213101913451326,0.0541082032698472,0.0438865525079505,0.0204376711042049,0.0299158879745321,0.0223186948472348,0.0206682214600345,0.0271797253240468,0.0270300480706353,0.0324499880656541,0.0482666218512688,0.0525968972884862,0.0362370977233705,0.0446928857109446,0.0247373876265293,0.0216359958158358,0.0311504340002411,0.045894983354945,0.014544620297012,0.0281810957543148,0.0440740411186048,0.0347787713033096,0.033283119484103,0.0198591390245168,0.0377450571108179,0.0278013623653879,0.0467165427968334,0.0310544087672544,0.0211864399634291,0.0417742700755797,0.020691920432351,0.0566244656657339,0.0525684085620676,0.0184520175328262,0.0247135658319358,0.0207331908857513,0.0235137823448403,0.0226672936152072,0.0225887805281678,0.0316878236879963,0.0475368036168351,0.0492598465986702,0.0346474608942134,0.0452563801130661,0.0398556344977084,0.0311583397762798,0.039002908234579,0.0343406448232631,0.015758108936711,0.0303579843319499,0.0486109491223958,0.0413128384800679,0.050084734499189,0.019527878252614,0.0289441957951253,0.0415449710613169,0.038523104299778,0.0506645141021234,0.0160821036030654,0.0412737030720123,0.0206417014068498,0.0463486640556369,0.0430999396071356,0.0213398945343638,0.0241676760283143,0.0220148249549,0.0223452345487951,0.0235221219480404,0.033732326309522,0.0222795581949645,0.0435007829696948,0.0553647781382479,0.0279972380171716,0.0358346134800362,0.0318409280817165,0.0299410791104197
"FEDm_75",0.0316306418532004,0.0475233453194157,0.0165191680206957,0.0262787578349066,0.0498734377550941,0.0308578161735328,0.0388197540174733,0.0159375066953991,0.0395032703566193,0.0209245638652482,0.0563049583582535,0.0363367222475603,0.0221560891499511,0.0483228094599394,0.0194848963390122,0.0516088709912216,0.0417702028918706,0.0163416846140508,0.025739038493053,0.0271982699080543,0.0241379145053103,0.0230368580480661,0.0272244831526918,0.0278320550093445,0.0471442240364194,0.0483868108667894,0.0244929588820921,0.0484563733536267,0.0358708521815127,0.030285665619595,0.044966261988887,0.0359900200511185,0.0160773183011344,0.0243390733617729,0.0445618647123195,0.0394064399382314,0.0428918336401319,0.0254486407586807,0.0347271669767339,0.0364223992161839,0.0341997347176119,0.0428880505905723,0.0186222285049991,0.0384976817482861,0.0229300092789658,0.0520882080639132,0.0499939899471608,0.0231483191080891,0.0251547261074754,0.0208793765676627,0.0170874917055295,0.0247060509644414,0.0313762892061516,0.0254076234497424,0.0322983302982102,0.0512560677154106,0.0361755174587698,0.0420411897908873,0.035565163425986,0.0308529324049406,0.0326836066009834,0.0410251937703684,0.0166982645989084,0.0337589634691847,0.0476846469249857,0.0367600872979145,0.0407503737979133,0.0165520370085281,0.0328694878889146,0.0307554981243315,0.0362100139599274,0.0278854240161988,0.0197795697146601,0.0458403885071171,0.0219385323986457,0.0534347833938747,0.0399921023583642,0.0178234182107211,0.0250466224927777,0.0254966908109983,0.0271652672748282,0.0289827153907384,0.027276707573367,0.0422131499255184,0.0579881925340394,0.0539511680328424,0.0187304153034424,0.0367523458206414,0.0354921115838216,0.0284622212154431,0.0347946624956061,0.0387043922625152,0.0182107278890473,0.0255761818197228,0.0475039463332795,0.0375278004171662,0.0372275209210442,0.0181391056764884,0.0381753913129313,0.0252546651711603,0.0312675864712445,0.0420181352428179,0.0194629317837553,0.0488371071556925,0.0186700692784404,0.0643254730706762,0.0589383760127702,0.0202127147240266,0.0254976530939793,0.0238991965177336,0.0260347420051947,0.026839159068457,0.0170685125963018,0.0358787566469497,0.0415619670587594,0.0409350416346604,0.0195187851585382,0.0458863193379702,0.0366804106758086,0.0353526681672619
"FEDm_76",0.0362898611827785,0.03917198470704,0.0158272881477944,0.0259864332983232,0.0484946059502088,0.0393887894636246,0.0414403057167473,0.0170397853703598,0.0342862271440062,0.0314824906484452,0.0348342144998016,0.0329857905594694,0.0198283204259618,0.0391122087148003,0.018650482152624,0.0561729809972625,0.0485591322124438,0.0181958830887604,0.0253176975941112,0.0243394627313657,0.0311715216250792,0.0292628084130467,0.0227541188488592,0.0378127609588857,0.0492516739575811,0.0564941968035204,0.020358163787179,0.0405949979244456,0.0366835812413982,0.0282122318340762,0.0297173198505308,0.0444864554764731,0.0173136353403333,0.0333894392798006,0.0495222144175892,0.0448073257497585,0.0320509489699696,0.0215458719850664,0.0362725352521903,0.0226920692078825,0.0305054629298693,0.0345232935093827,0.021196254430157,0.0409704130275393,0.0206433923546735,0.0613186809274211,0.0434476842513946,0.0193199849871903,0.026234483427182,0.0286021932929043,0.0262478848008301,0.0302451724638979,0.0169885097119885,0.0356611139031437,0.0552032279353437,0.0463195178775317,0.0242931124131803,0.0455075080273544,0.0314549482352471,0.0295193459641742,0.0371733052980637,0.0511925690483133,0.0143806447565159,0.0264393623909934,0.0474267460556373,0.0447112565423525,0.0280577717120764,0.0211318019746646,0.0305264193234912,0.0246919947107032,0.0339768304874889,0.0311484557504698,0.0238573339664314,0.0534930012364171,0.018013670439136,0.0594558325614067,0.0417480433307534,0.019584266905339,0.0229861732964419,0.023566235787096,0.0230275695284108,0.0307826999879234,0.0257738805032124,0.0374947388710294,0.0412688817186703,0.0423048459234253,0.0320532871915295,0.0575933251579633,0.0317819152066978,0.0243571403373459,0.0344892169638748,0.0516866828896798,0.0178235207953701,0.0382401955550467,0.0454744141197207,0.0452302705887371,0.0282207592524238,0.0156105151389993,0.0415218577909014,0.023159189831076,0.0393894327093681,0.0263301045019723,0.0196399208333635,0.0337409394826539,0.0201639750635806,0.0560815389920812,0.0482828158889563,0.0191475556846292,0.0273884731014747,0.0231564463176758,0.0193408742020209,0.0294396205542287,0.0234131386909916,0.0272063475408823,0.0525323826215302,0.0498723713930226,0.0331805497621926,0.0507310759954573,0.0309137550014109,0.0285920587366774
"FEDm_77",0.0430977791426634,0.0507753275819924,0.0145619322418719,0.0239574499848889,0.0509614952029991,0.0339442947666621,0.0276031288200533,0.017518465361872,0.0347941521433957,0.0236111792300358,0.0314127033446873,0.0300459518829314,0.0256107164694814,0.0519203545846698,0.0193023701321952,0.0553907805177954,0.0395597531862695,0.01604200524281,0.029617350262177,0.0228939247450245,0.0228918738464115,0.0339506249810403,0.0277802307816004,0.0406428240190731,0.044850798848265,0.0465928470656579,0.0251698874251323,0.0547772091022946,0.0292973160529853,0.0314252730330637,0.0317420895604244,0.0526775312433395,0.0170584590605328,0.0342414648869942,0.0452968557135084,0.0452981074899223,0.025900676300992,0.0201303014575206,0.0359453007118194,0.022471344776453,0.0380133216702653,0.0310077461169629,0.0188304841745483,0.0407387774687944,0.0185324717900174,0.0590427719450012,0.0546148545198251,0.0215543665680524,0.0265388176629909,0.0245857645276291,0.0193959864602449,0.0256081928043537,0.022183160184452,0.027176769680768,0.0506404939847998,0.0481736682960973,0.0430779894849885,0.0438208666503378,0.0301886362810422,0.0255127285273219,0.0354251887233655,0.0491955557862648,0.0156687869768379,0.0314338819168239,0.046475412528331,0.0419662663748704,0.0392886532702132,0.0202463090459377,0.0331545006198445,0.0297416568901611,0.0377728498451071,0.0378704035130719,0.0199108810032045,0.0512564216775616,0.0261106028573233,0.0484109514859905,0.0408419511924069,0.0227094732875634,0.0305725049837222,0.0236493876540603,0.0252211615125974,0.0272858545828889,0.0237509000002225,0.0291318801131371,0.0431771025421316,0.0446557909642076,0.0308881149474356,0.0336407183920979,0.0257568496853315,0.0347899876272882,0.0331003435889476,0.0476753530326709,0.0159068809324064,0.0288264916345179,0.053083369390997,0.0385311865965924,0.0388981724925604,0.0193734059957515,0.0362265879302855,0.0210885042797506,0.0294393842244633,0.0317530692936468,0.0235529583390827,0.0382725060855426,0.0194221137447699,0.0468875013472635,0.0504733800881226,0.0164706607974708,0.0298782976356075,0.0253836171758933,0.0274247537549693,0.0260446533366264,0.0337339136589973,0.0302363410204723,0.0544901958377329,0.0487728817651768,0.0323731641374182,0.0445780076871995,0.0303884174845929,0.0277138867104711
"FEDm_78",0.0330936750908259,0.0446916272642338,0.0155669395986602,0.0312943417942439,0.0439015038061369,0.0437094798105422,0.0340480445002823,0.0181894755579798,0.0377571488710487,0.0272338832092085,0.034377042169483,0.0463040361568811,0.0210137055054081,0.0439122756197528,0.0305393708091876,0.0540902238570048,0.0430505414165792,0.0207045509411809,0.029391088166687,0.0220159586435664,0.023037102435851,0.030757974575621,0.0235860254437362,0.028771683207611,0.044973547512725,0.0487956578259553,0.0241168723252741,0.0368003985757536,0.0340930112956557,0.0301828140129241,0.034650800863294,0.0370524653612471,0.0148224115157759,0.0288372711495105,0.0579746937807671,0.0444129215230553,0.0427878532535307,0.0225476605364166,0.0352043212316124,0.0199377245999341,0.043831500976494,0.0239939397464652,0.0181714385710799,0.0418533508392048,0.0185804243277909,0.0481620324744428,0.0607049001675148,0.021387478851663,0.0323684278969122,0.0212365868414598,0.0259169086401564,0.025423021059366,0.035215875927125,0.0299547578853755,0.0443048304651755,0.0381665965612743,0.0346393223814516,0.0398859202859446,0.0276762702750671,0.0302982920108932,0.0379013998381404,0.0333774687525925,0.0143559013091846,0.0320920680823538,0.044983148672888,0.0475198582791238,0.0337308199148296,0.017344600935824,0.0378873158949386,0.0381028722746583,0.0336277529545725,0.0336862695048855,0.0220480828263756,0.0381285957011692,0.0188302598483469,0.0484114326361145,0.0567508067069629,0.0178726410352787,0.0340283095819635,0.0211967232677328,0.0199435330367401,0.0302987659299883,0.0267941731215165,0.0288521383364176,0.0310499375422956,0.0514856655741861,0.0291312727077869,0.0501164413049261,0.0414494826152021,0.029002261813005,0.0478673279578401,0.0479555283205574,0.0174347466681542,0.0304361156771115,0.0361766027248219,0.0350883992578373,0.0384352042031192,0.0180533145687194,0.0315615949230761,0.0231952549696143,0.0439393989430255,0.0353515354295872,0.0175369110679794,0.049211657601138,0.0146428072778669,0.0595259180341286,0.0444576624750651,0.0190554285344565,0.0338719228171208,0.0208751971392318,0.0223832923396029,0.0320686436293272,0.0364976071332576,0.0247113282010536,0.0391629906538357,0.0435503886964274,0.0358060193243942,0.0429575976005506,0.0310304241623842,0.0271591796687156
"FEDm_79",0.0364301900374692,0.0347877116644206,0.0145727265043018,0.032802147607981,0.044306210375624,0.0493998225655987,0.0345009211588829,0.0160098340136544,0.0370356212909147,0.034671606763018,0.0337967882396486,0.0378633267668772,0.0213618663654917,0.0373672835048872,0.0175639144493772,0.0505240145868894,0.0543597355449277,0.0183454489725147,0.030536463116904,0.0201407546350179,0.0203014147909532,0.0272473696835212,0.0289992410025954,0.0341175616024907,0.0355484662198958,0.0515264005115576,0.0256432777660796,0.0492508600183868,0.0429303344734303,0.0280586857666887,0.0460671470786395,0.047537283935502,0.0182277269271671,0.0306321792758588,0.0318363246965953,0.0402016909497657,0.0417982300878538,0.0202105851682324,0.0305063073661939,0.0234575313971323,0.0396866166482181,0.0373332771134501,0.0175262429627512,0.0551900575073949,0.0148528765912738,0.0564148697219162,0.0433813087627204,0.0223206643586422,0.033185241051295,0.0208126234997063,0.0233018421081825,0.031940150389736,0.0337853521812711,0.021584990686017,0.039063446358191,0.0451244263921616,0.0407200858466259,0.0407985550085234,0.0273408364982871,0.0251615294306952,0.0352592063830218,0.0370774612849163,0.0169742792959,0.0261514758135587,0.0363327145755306,0.0419104082251946,0.0369777917281719,0.0201673363861766,0.0300245761712562,0.0223119190606295,0.0303413692286313,0.0523147827948551,0.0201304806494145,0.0966566803654096,0.0177876975018955,0.0471686582463187,0.0347092566749185,0.0203498736845194,0.0240025305939239,0.0240151535853342,0.0303467642086497,0.0261879327602326,0.0186197202877488,0.0332812482556558,0.0464548412932977,0.03254307057151,0.035677099962152,0.0460835665307552,0.030135874635882,0.0300062292445394,0.0385861890671496,0.0420720872298679,0.0161301325338639,0.0372093787878473,0.0491967787463427,0.0373085204142818,0.0291495285391133,0.0168037775032925,0.0282562317657897,0.0265670205660391,0.0420482904555032,0.0392141550655917,0.0186573483985525,0.0483910727212122,0.0273255388903216,0.0517729761547391,0.0440421650745343,0.0204002456586352,0.0245632189458102,0.0221897438567115,0.0277626146515241,0.0267911236163927,0.0285382582250669,0.0313283235046921,0.0558974210465676,0.036987915151788,0.0252795337449476,0.0432700794667027,0.0388041931574285,0.0254561370596905
"FEDm_80",0.0341830767877926,0.0396609881415896,0.0185547825264152,0.0294285320385419,0.0411447473051951,0.0366995953353171,0.0425030506322767,0.017109614318349,0.0389964337501568,0.0219796586217415,0.0290469098454682,0.0461397909225655,0.0235573363524362,0.0740210967230961,0.0193951880027891,0.0457775462304703,0.0313518087163496,0.0210280022755521,0.0251260774465356,0.0249368076332685,0.0278929119404976,0.0246873041489787,0.0205496470826048,0.0374684950922363,0.0442233563483873,0.0414247000084102,0.0311127015495406,0.049336231165224,0.0301062217337215,0.0325573873244924,0.0305625871398221,0.0384705213965961,0.0147147867941362,0.0347659087268011,0.043509529065196,0.0480300912265746,0.0270166091591615,0.0196692322876718,0.0251625131909764,0.0218764726771454,0.0391980306897672,0.0423224409551154,0.0178944109339717,0.0640293663296872,0.0245335920310862,0.0561779597722164,0.0532159943011335,0.0208533565659912,0.0219930806726159,0.0226558995432175,0.0281622319721732,0.0277224981534204,0.0251906532870957,0.0296237428170311,0.0582784910178355,0.0345298068831886,0.0316369387628479,0.0381783381944254,0.0373289776764977,0.0226959377766013,0.037455036119674,0.0445009474820458,0.0149947815071077,0.031925082994467,0.057230083568674,0.0355451868157556,0.0414599942910435,0.0144882256578127,0.040588077519505,0.0201666621976035,0.0355856835723915,0.0465967193298665,0.0202046146929943,0.052309359533195,0.0180315348550253,0.0555350026635668,0.0458400770490254,0.020407011671511,0.0265256672663386,0.0221841349652225,0.0176212440585272,0.0276672685891837,0.0163282477117763,0.0267521441194769,0.0677722230938991,0.0374387082222329,0.0202040748839879,0.0458255015712041,0.0324252099090397,0.0263914940878467,0.0437807215478284,0.0462639626616653,0.0147712837315295,0.0256714880358378,0.0503766391581637,0.033639796029734,0.0416174250621748,0.0141033499532651,0.0415058444363706,0.0349047786598157,0.0274667245277965,0.0531492312416039,0.0241606151753614,0.0393969552597695,0.0187813694783471,0.0491857050715829,0.043648012410141,0.0186819646639669,0.0267227354535785,0.0257762740110101,0.0277230737923239,0.0274709079157767,0.0215889407838776,0.0333770285878373,0.0530301154754612,0.0406972941893755,0.0209691198230393,0.0452021111862853,0.0313028765115616,0.025033655164919
"FEDm_81",0.037706562154153,0.0362720193558743,0.0152221880233829,0.0294813493448452,0.0548377370489311,0.0399791304721369,0.0381025155338183,0.0141482181755349,0.0358789825146124,0.0185386103284327,0.0360216890351351,0.0545573805248271,0.017429996235593,0.0553052626848678,0.0175890141626722,0.0484521610473235,0.0632175132455905,0.019684745434823,0.0280304257346211,0.0195919433532227,0.0257520035582643,0.0264736615669722,0.0200382227272705,0.0317851874482335,0.0625538246462017,0.0338499542372223,0.024304203459148,0.0400642419947664,0.0335830340294655,0.0215482219220582,0.0421154560583752,0.0450018628518584,0.016474393576383,0.0252785154327884,0.0484352395779798,0.0270690128950888,0.0486557530193773,0.0192059343686264,0.0489708800903312,0.0319229518817453,0.026176699062768,0.0584878628933043,0.0240911475313782,0.0394910154380045,0.0187425174670676,0.0479412536252918,0.0350422220557403,0.0216900578134164,0.0225831239153641,0.0282358544598762,0.0247766277988335,0.0278718206488251,0.0207901933633682,0.0271874639019039,0.0573394586376379,0.0424196164367724,0.0245809541945394,0.0428635835432993,0.0295612264065358,0.0269973010535196,0.0438203718208176,0.0427779037660159,0.0155545023189759,0.0300369216856378,0.0362985179350627,0.0375989618105876,0.0376882245838048,0.0164540170698378,0.0346855723261604,0.035863323420453,0.0361389973320657,0.0286495286806673,0.0174830056315043,0.0474709234295501,0.0269200059287855,0.0458489718013167,0.0509332223131379,0.0201650078818051,0.0223349463534277,0.0167910234410358,0.0291423747179242,0.0320141898859422,0.0247281244935905,0.017723779345331,0.0653652704749806,0.0389612570418079,0.0270522499209143,0.0504426857734137,0.0425267694180606,0.0285293493973856,0.0311025736318597,0.0501364545995715,0.015544204203325,0.0325546109564122,0.0475681614608833,0.0356219677596028,0.0334612199515956,0.0182162150421066,0.0296900263919578,0.0267364145300703,0.0315570036616451,0.0420460377650968,0.0200623378581025,0.034245621237011,0.0324114621473922,0.0401441563876993,0.0312012997285014,0.0213509497366129,0.0306681847529518,0.0254882009118262,0.0271757527984403,0.0344072899558173,0.0314071345690343,0.0352501478266598,0.0702263506916768,0.0483288430550509,0.0292585236321068,0.0449434904449007,0.0290942716018226,0.0201010927102665
"FEDm_82",0.033194313104299,0.0431818658029824,0.0143847522786124,0.0240020936127505,0.0486708840815146,0.0393025842590262,0.0284598964958821,0.0132663623924191,0.0416748319317322,0.0343372140640032,0.0314347255567562,0.033248700889203,0.0230216421006758,0.0405851977262298,0.0295011735599026,0.0438106511689349,0.0637453957339162,0.0190097209934341,0.0245205113688152,0.0182484951200167,0.0264650235433938,0.0315468235801011,0.0240489823695262,0.0242393716088984,0.0594410411405561,0.0415912441101182,0.0283044226836612,0.0487478940162296,0.0400390482271781,0.027975136479231,0.0356818984913183,0.0500057628198088,0.0159055601139266,0.0386995815796234,0.042926563720239,0.0370041741455594,0.033953112024264,0.020386094993512,0.0371095856301769,0.0288956570249237,0.0273526282089368,0.0305396324167219,0.0194224575241931,0.0343137611195796,0.0313070926228294,0.0395714967285914,0.0373830148881018,0.0232174299024699,0.0294486974835377,0.0246792109862674,0.029334767099243,0.0364714347595745,0.0277575687897489,0.0316866621031048,0.0652977160024329,0.0454941098787036,0.0292481138531754,0.0458371070925679,0.0283386702902203,0.0227304377066476,0.038299331725055,0.0442119761311556,0.0162713891399105,0.023707261891712,0.0375477817939579,0.0284876241223234,0.0363311619920472,0.0184944587410847,0.0382909386224253,0.0387921832044264,0.0291966034423361,0.0467744319986804,0.0190183735275983,0.0491253808111903,0.0163321540713345,0.0674969415366522,0.0468068113646835,0.0225198711288638,0.0292753498196078,0.0239314578277499,0.0194325746639609,0.0219707102941204,0.0202910389054904,0.0255155272037566,0.0559294027643906,0.0331777382355825,0.0330377207085144,0.0535191290498987,0.0321095450717962,0.0341051302096947,0.0328992436621426,0.0377586883345544,0.018619186708021,0.0274764704245184,0.039318452125406,0.0378633642101315,0.0378859162744722,0.0197424649906173,0.0293304947527001,0.0457071718092288,0.0340389391541704,0.0436082194581588,0.020545473417256,0.0454623807345261,0.0249698890281999,0.0435837924946146,0.0463023597524856,0.0166773402812896,0.0225846967482308,0.0202125776361116,0.0396665430285947,0.0313708597132451,0.0169455724783955,0.0454769120540425,0.0602334381972596,0.0439298834535049,0.0413165402967633,0.0287938613882461,0.0252066636699686,0.0224726037231441
"FEDm_83",0.0315460943347981,0.0388162513368156,0.0149711666664085,0.0228851325531486,0.0469760031357291,0.0326424049380897,0.0383470177896382,0.0152434146548876,0.050153973118503,0.0394473729209939,0.03026440942564,0.0604324549652678,0.0236185236371502,0.044248357614881,0.0173784168280025,0.0586357174390941,0.0335978726401593,0.0189079717417467,0.0229053613090212,0.0239646391882945,0.0212773944915936,0.0183729712375008,0.0220846131058054,0.0247209076937144,0.0689306560486348,0.0417678804455053,0.0284896426087152,0.0420733265767316,0.0317198505486168,0.0355802010049124,0.0344112444425952,0.0419941183579888,0.0184599138706128,0.0253739514541713,0.040615448425231,0.0344585410058617,0.0385191962082584,0.0237358897791207,0.0254736001032057,0.0399789489295279,0.0388456578368672,0.0472633224195524,0.0183516365815045,0.0589583407572224,0.0228789129054385,0.0513673948959641,0.0413897291011926,0.0207034638999413,0.0224490219999015,0.0203513112433765,0.0333932795708119,0.0317074083053214,0.0161552045940058,0.0277239275655228,0.0589417653203072,0.0394572634839014,0.050197099563448,0.0268120416793126,0.0256342851437312,0.0243980805561033,0.0444594936146248,0.0447997810432788,0.0180322877893431,0.0224400201872137,0.0476995048706842,0.0482305083399344,0.0352881885883354,0.0171817656525172,0.0400321884543284,0.0436277146541845,0.0349831982996972,0.031466062627417,0.0176841658435467,0.0351494232515036,0.0216914835003711,0.042834088209347,0.0432361007860114,0.0178322869916378,0.0287137909256459,0.0198943346094832,0.0214506897487858,0.0398214602254793,0.0279890213963951,0.0241521223868145,0.0370130398564464,0.0585148274074437,0.0396107800757091,0.0378561557339207,0.0347707349881496,0.0235447799417507,0.0356957282514169,0.0292573239143957,0.0175163173625559,0.031692573849409,0.0647591978184502,0.0385802855853098,0.0298211450558575,0.0188835434346821,0.0442731710857854,0.0329890118657533,0.0354374239375191,0.0350792798223589,0.0279765280641023,0.0288798792280924,0.0247051753654466,0.0382299716041975,0.0274113735040049,0.0207309878034025,0.024981538401384,0.029599242501412,0.0354268400351508,0.0291175443533053,0.0291113358131715,0.0368788646027999,0.0375095843708146,0.047709611800411,0.0383298384706386,0.0434319820501867,0.0323043849179073,0.0336803151300782
"FEDm_84",0.0468372812554507,0.0387868772854717,0.0175036806734521,0.0230473458536802,0.0507956067527195,0.0463500832819948,0.0425469811916186,0.0168369466295199,0.0470794016005194,0.0407869324635811,0.0398312038598042,0.0295310630775792,0.0198895755608413,0.0314187770837114,0.0247832709196531,0.0378453421108556,0.0479346624420341,0.0195068730016729,0.0301908143085049,0.0197600418331104,0.021793582174103,0.0395617950168436,0.0275486828383124,0.0189617682920578,0.0258259423668879,0.0529966363877146,0.0352735271406623,0.0482223761702983,0.035093201219861,0.0234597272074839,0.0348524991074925,0.0399971353064087,0.0169501306895907,0.02915837159074,0.0583691044450858,0.0354784643790396,0.0294976327747466,0.0214754702095697,0.0478839034387461,0.0308419770827399,0.0309362599186134,0.0402249493548627,0.0252282776778612,0.024315934201866,0.0264907220680847,0.0365412759319846,0.0294075047255159,0.0215817826320459,0.0233655258950897,0.0272446781705558,0.0286806484047987,0.0330151950017955,0.0331019466567189,0.0332231191827796,0.0393661101434912,0.0530939034944879,0.0526644576117243,0.0414657033501736,0.0276660167948195,0.0278812997585716,0.039286491058744,0.0405474128252215,0.0204877186891767,0.0241491691414527,0.051196917962487,0.024336904817752,0.0255719040260293,0.0234409540617003,0.0440633571118872,0.0467760716068738,0.0314185525346355,0.0306067372446002,0.0236330841445864,0.0295334248799904,0.0221363554547909,0.0594342726173621,0.0354614202950942,0.0200709216470386,0.0327706797487281,0.0324746048015314,0.0254205934554813,0.0404031099492142,0.0274224967829338,0.0257423609641187,0.0281558463586495,0.0551578607885501,0.0500085063156085,0.0314004621807012,0.0315192145928656,0.0273725939421951,0.0335263573220721,0.0388976049903253,0.0179339570463174,0.0316365773384421,0.0565075845858027,0.0286725027608201,0.0251218408093628,0.0173989074163056,0.0451571779922042,0.0265870280079025,0.0350710512971432,0.022485435968633,0.0224623667072839,0.020452840515859,0.0288736969859765,0.0694978285745857,0.0532043614478594,0.0186080390433376,0.038267528427483,0.0258688531196155,0.0279403563774659,0.0221462961523988,0.0367647666677297,0.0286879791018028,0.0329172656165723,0.0479461705017302,0.0281336243159343,0.0386094944400593,0.0372257731772382,0.0433967332917369
"FEDm_85",0.0427703309960337,0.0409468919686947,0.016415178662884,0.0264623868325944,0.0479965238943202,0.0278662399134086,0.0234179820495601,0.0159790178223093,0.0420553590231516,0.0447744138376224,0.0307238598149153,0.0373328541996732,0.025099121238009,0.0316558849382077,0.020774416253893,0.0630771157574023,0.0442230912329371,0.0165841988288311,0.0356096501636481,0.0277290446188105,0.0253967588107888,0.0399855867668308,0.0359369838988593,0.0257973761228253,0.0318466350059802,0.0504260631837691,0.0332734140097285,0.0377226045446209,0.0273425466046814,0.0307784690050095,0.0350674778886975,0.0410536152449217,0.0200667115497362,0.0262345137673877,0.0474262221320011,0.0286364661470584,0.0281104562040328,0.0228858415357633,0.0473933666357167,0.0257327930812508,0.0347170431706068,0.026346674483227,0.0206704296648197,0.0335870672512464,0.0256903610114567,0.0744233449521985,0.0512893839183697,0.0178828494144135,0.0349149248092007,0.0244512110980027,0.0264645219262584,0.0247383099903456,0.0380699466044598,0.0240164721135406,0.0272545254774873,0.0465568756645719,0.0400801181236207,0.0315719355816139,0.0364677865261509,0.0381987540318432,0.0364708705103724,0.0331798833510045,0.0164266000619651,0.0434482958829042,0.050901382877149,0.0474175569123435,0.0266392696671292,0.0224798581824474,0.0355787382095689,0.0262632295639485,0.0304510873384187,0.0319402152474083,0.0229343932891869,0.0350895150485723,0.027287776827325,0.0435877475466516,0.0501352624647289,0.0209971863547079,0.0235210277750108,0.0290885396133358,0.0218456313425419,0.0305828845638405,0.0243794696484426,0.0387330630467201,0.0457713946175305,0.0497073322211726,0.032350090630851,0.0351818559270772,0.0423373727286123,0.0252724685490322,0.0371522896857925,0.0350564609219396,0.0153338136168665,0.0365542979743473,0.0480950831630865,0.0380880976458982,0.03229668293819,0.0207589953192968,0.0359532432492375,0.0276565324824398,0.0323845247492673,0.0328498055710054,0.0172518041097745,0.0408748420827839,0.0179524477121774,0.0437121936115889,0.0374976773968828,0.0214892305564324,0.0294837060936316,0.0230294391618864,0.0422177962798905,0.0303305425313006,0.0325104914198202,0.0442983580561735,0.0590627352839376,0.0475361935530753,0.0298443378562302,0.0399612068399195,0.0253471420314127,0.0254200281057147
"FEDm_86",0.0442516557392481,0.039250681517871,0.0134257549039582,0.0277755390758476,0.0439411008845141,0.0517935141873207,0.0386882627780589,0.0182187248961232,0.0396067734236374,0.030332835862803,0.037033720002693,0.0345885143529695,0.0200135241101207,0.0414358419371015,0.0202706987307375,0.0491691184049269,0.0477872770226336,0.0192933799330455,0.0231020879262434,0.0262536636241818,0.021263788089805,0.0294510652401209,0.0275566017211616,0.0387313185008661,0.0553507212763114,0.0440647452638264,0.0209866894311941,0.0338609107657139,0.0368733093879551,0.0256281810090099,0.0380017934836392,0.0346194100134246,0.0182674303753798,0.0397415145860796,0.0560968819053339,0.0341810222854701,0.0286383763286675,0.0265048104995775,0.0359030409998615,0.0262989960822969,0.0322320947852023,0.0364013183518595,0.0176508865383862,0.0347572841826654,0.0240881604005831,0.0370064476530149,0.0251979983402466,0.0230603208665277,0.0262447759425864,0.0247153662178437,0.0407357893190083,0.0327996156415132,0.0341475539163146,0.03198318227082,0.0630847417509075,0.054800648612698,0.0420417187930322,0.0311502732467401,0.0215175791099093,0.0281309675004103,0.0344236233418247,0.0528675491266978,0.0177878671204436,0.0303943092083564,0.0552832592773377,0.0345973363723005,0.0363449886865773,0.0177442030072988,0.0241157330545209,0.0174914031718695,0.0391708543600492,0.0327769366554738,0.0210304316999523,0.0424690203939268,0.0224174412475675,0.0589390406316211,0.0483942743745497,0.0176816075407718,0.02782331622808,0.0238942794713661,0.0264716110726534,0.0216720422983835,0.0149538834670761,0.0226372294837834,0.0508861678017566,0.0397492398889514,0.0289052160219188,0.0511692692392666,0.034747189403642,0.0531606763519828,0.0291120007716828,0.0488177001975787,0.0156026313912806,0.0350390777347896,0.0528916359999003,0.0328527166496813,0.0282269766812083,0.0154350369440917,0.0345763032004629,0.0199598098996398,0.0368156734728608,0.0287670095519446,0.0215295564359573,0.0519117222858563,0.0231664009433694,0.0494894304076093,0.0379219649071971,0.017252228714348,0.0247627393014778,0.0337865370592123,0.0283824407634574,0.0318719755782441,0.0232608548685372,0.0270639944552594,0.0673497489946421,0.0440349572483096,0.0257256316358524,0.047712096554418,0.037255841153614,0.029425306197517
"FEDm_87",0.0360940079041058,0.0405946504984446,0.0158464636592737,0.0381555252432277,0.0522648524601563,0.0420264371918227,0.0339352204655476,0.0154932618514197,0.0298129606355651,0.0188963472463277,0.0447562305703087,0.032049674958876,0.0154287461575794,0.0497548260636242,0.0264800768720685,0.0562935146193321,0.0418761991915021,0.0176601633952713,0.0240594734260591,0.01987063994169,0.0340198799604982,0.0248360479166496,0.0259261460739198,0.0256337128315331,0.059941045046661,0.028164271983592,0.0236470164952659,0.0417605303485699,0.0396647482257356,0.0450573287653726,0.0291895416786859,0.0501730626927562,0.0173834884914329,0.030934233549182,0.055519283375755,0.0352333228135551,0.0290031286321685,0.0189635769787236,0.0322635591853233,0.0185338146384087,0.042748811607889,0.0248668155884589,0.0232503183134697,0.0432395409759708,0.0223639941006431,0.0463632258088446,0.0434629233372873,0.0168923556339106,0.0233122292897272,0.0366886832645614,0.0254691562071139,0.0251040415324683,0.0228130046316921,0.029642197368147,0.0570432876256089,0.0530781697347464,0.0354145065220323,0.0428771952326758,0.0352747908004019,0.0328977403883598,0.0250830749114783,0.0373034633559613,0.0190313669115651,0.0394205659297709,0.0593664374901366,0.0334101178090416,0.0305810459818626,0.0208180599906836,0.0292138198212808,0.0320114918005382,0.0290875240254121,0.026337417593728,0.0199569794368086,0.0515997552400869,0.0211051067227883,0.0587580060161708,0.0409266302811956,0.020220937181004,0.0240334978894002,0.0258631812145875,0.026309927867109,0.0296061123697003,0.016726797823285,0.0324184262230959,0.0471168590391859,0.0404396908412858,0.0357926930833908,0.0444019258443007,0.0381243010313696,0.0449347862737761,0.0273246912998652,0.0353616411791543,0.015075492190316,0.0444948890377682,0.0450305974263019,0.0362367991088102,0.0361098265693101,0.0157886208316483,0.029180502982655,0.021464969279241,0.0334341932698343,0.0295407347426773,0.0194057085969771,0.0336834419129539,0.0257808369493203,0.0617926819618028,0.0449562222409072,0.0188695047846432,0.0288834242649454,0.0231003795190006,0.0344490433528154,0.0253789064315664,0.0202281131541307,0.0318160712361135,0.061711324872649,0.0423659311281238,0.0322782504201363,0.0452669354191812,0.0461276533805466,0.0348626124566049
"FEDm_88",0.0266116735754516,0.0396339929694901,0.0177262438904935,0.0366799591663267,0.0525135368982897,0.0387391295374625,0.0278885227052329,0.0171629512114827,0.0220908119938907,0.0333642901404537,0.028087959572961,0.024988088391375,0.0200163390993819,0.0541775958665788,0.0215916727384372,0.0671830434349392,0.0544321678961723,0.0198358821261589,0.0234560146508374,0.0276372321926209,0.02800280681448,0.0273381239058448,0.0174607436052108,0.0319736891580151,0.0529095801301654,0.0414382371444856,0.0283883882000296,0.0431371848420979,0.0338112487916925,0.0417228893499418,0.0305209978458543,0.0335050647487032,0.0186395490241742,0.0450851019392209,0.0487107661214643,0.0345920058411628,0.0363489866192142,0.020174491323499,0.034229585625191,0.0216831862670412,0.0315657235217867,0.0284257243995856,0.0204269630072185,0.0342237471093476,0.0265190842169304,0.0587710652675899,0.0491988258247013,0.0193859987078172,0.0270512595631849,0.0236647907260619,0.0169296205359212,0.0299191937231448,0.028348298576218,0.0334510067967268,0.0344002037907423,0.0458307702653924,0.0378922746892391,0.0528706420528161,0.0406732572734,0.03696181459665,0.0368207468277677,0.0363556546853553,0.0186361191435164,0.039918086028769,0.0504724479438335,0.0317980604339979,0.0316760743890193,0.0173522728190536,0.0464454561432424,0.0238872668393213,0.0316603806219064,0.0493341774089869,0.0211882030136555,0.0441077426604406,0.0203109369488056,0.0409170963359287,0.0416694881170645,0.0218328246481143,0.0262604565297438,0.0265431483829268,0.0240085636125793,0.0255806371608013,0.0217022452671879,0.034604321950169,0.0446824733632388,0.0482737196550889,0.0391912581368209,0.0461938508290799,0.0262652820653717,0.0323110080382131,0.0349806765556011,0.037523780721758,0.0187668136755087,0.0241660896807336,0.0563963732963009,0.0321334353030964,0.0384311827781037,0.0193058927926934,0.034352392601952,0.0259025209317981,0.036227098038153,0.0685922493003962,0.0283718715691639,0.0475102260502444,0.0223828862773219,0.0401619937219719,0.0373206745272971,0.0203661183713791,0.02883131058119,0.0331444123178763,0.0160776499186161,0.0283314921822297,0.0274761157229322,0.0316558233828437,0.0331227232832973,0.054333552649547,0.0342132673036089,0.0301404561244851,0.0327674771634086,0.0270134431764917
"FEDm_89",0.0367219308025571,0.0322086157112883,0.0190504136853121,0.0392101656274695,0.0460600379137235,0.0446101275954645,0.0317824593041767,0.0173557581259739,0.0527531147356872,0.0174027136490516,0.0347606259073569,0.0353669867911247,0.0195941099829294,0.0391549512902037,0.0178825010145228,0.0435072932427679,0.05209353234211,0.0203246587674898,0.0314217582381713,0.0265001444238337,0.0263753462160661,0.0246433982770324,0.0317787558050297,0.0338460744715779,0.0457922633060635,0.032615614746621,0.0319226753807239,0.0495418122763574,0.0336697521740627,0.0320524081952507,0.0353198744398146,0.0373613146237272,0.0216633852897173,0.0216569318760797,0.0592451686773868,0.034366885890302,0.0314042917947085,0.024451006484737,0.0384079575075265,0.0291821746519009,0.0316958121749982,0.0522617351840038,0.0269225305939075,0.0439142611739464,0.017371281055643,0.0423879646875054,0.0325928515485969,0.022397643832339,0.0299689320601818,0.0306514510301142,0.0229377673078304,0.0277273927346392,0.0294189963477502,0.0239989999825959,0.029867401768733,0.0565274377840936,0.0531939673322913,0.0380629732804298,0.0251484238121444,0.0298931850723557,0.0234287476760159,0.0434620169376569,0.0208078618315859,0.0352214911560797,0.0622940699090983,0.0435348332818968,0.0230085748039503,0.0222341430929487,0.0348837536315446,0.0276366535561142,0.0307084990964261,0.0255280567698911,0.0248356143675846,0.0466177080697425,0.0197989490548623,0.044419927321312,0.0504865168691881,0.0195683029084963,0.0225132000950271,0.0315186454455699,0.0274285815733018,0.0267169144795966,0.0306985289271685,0.0307347009396419,0.0414698950525169,0.0473956128858068,0.0393602294778803,0.03925144836504,0.0313867061529255,0.0330498162711304,0.0434117670897673,0.0403588057819015,0.015250408231343,0.0453765555752084,0.0601469256665905,0.0302247555302284,0.042176184644297,0.0210292485353747,0.0237157599590576,0.0191739233042526,0.0389464412254443,0.0494501236624016,0.0184978928071798,0.0432306467258742,0.0250329077537274,0.0476705377996219,0.0374510701324188,0.0162686370266988,0.0332049923479065,0.0231893174081691,0.027561086791186,0.0198582020703514,0.0301862614987828,0.0270682389534392,0.0407759609083099,0.0555561349799751,0.0266121231536904,0.0368044950861069,0.0295580222233768,0.0322125731273182
"FEDm_90",0.0256305554431229,0.035387198652645,0.0181371955209549,0.0454387772320166,0.056072003993422,0.035523482577432,0.0303353355156494,0.0173872456075285,0.0351736167667306,0.0244367765812455,0.0353462166818005,0.0296320388976091,0.0253192868475972,0.0449185058423632,0.0248134979984024,0.0562078727524901,0.0571272502403954,0.0171594232133796,0.0227494285952969,0.0256429505444145,0.0328854626291276,0.0223878425839583,0.0207698252307512,0.0345483883363495,0.0526581055503048,0.0342233516020054,0.0191762342822659,0.045949100151748,0.04124320196712,0.033719828161873,0.0351853202111838,0.0329374513037475,0.0185751519171624,0.0397190002289292,0.0563226885171128,0.0411241011191292,0.0364196149190759,0.0236496244056784,0.0275935477205665,0.0203493414363442,0.034261782649607,0.0502392251967389,0.0195983452251906,0.0394261945816388,0.0350166736761344,0.0409944382814371,0.042433266878529,0.0184459986053993,0.0281634782634659,0.0233085604623703,0.0224332963127343,0.0206948140584503,0.0289635963388095,0.0311639108402579,0.0371663640864842,0.0560049123690275,0.0426337304055918,0.0392890924518049,0.0259506779743502,0.0319357995630483,0.04137282994771,0.0334180021945532,0.0188585563422361,0.0380843893668044,0.0566261033983703,0.0422669018408645,0.0432105530390449,0.0221919823680365,0.0285783196300492,0.033595784888165,0.0291312557031466,0.034299885493127,0.0225276667747451,0.0292071590179269,0.0358272534106122,0.0352819674478672,0.0469278811499918,0.0188131240905703,0.0279313653113247,0.0309812697089629,0.0253012251413203,0.0258751761880041,0.0230518355176315,0.0239821709350581,0.0346097580643145,0.057264075336497,0.0447369215977115,0.0390701612679373,0.0294779661694159,0.0274984586580011,0.0298248555576882,0.0358965583156386,0.0125072459836243,0.0453567557814266,0.0501071910589421,0.0454639558064545,0.0310647172097484,0.0147898284363417,0.032786287612307,0.0237851970339369,0.0328826429791517,0.0381813027268981,0.0159655906766657,0.0415550555194731,0.0251276003674011,0.0423465586934466,0.0370424997439595,0.0205725292772137,0.0297401171599417,0.0251741614774567,0.0230686408148311,0.0287365341877712,0.0471231996490674,0.0216034528279993,0.0391788763690115,0.0558798615816067,0.0369446800143597,0.0548407542351709,0.0305448823563338,0.0319084665461319
"FEDm_91",0.0314853823259551,0.0475655659803456,0.0136762190474665,0.0415381707780475,0.0542674227271739,0.0418671344970954,0.0338648694347322,0.0152709239396331,0.0356394340862881,0.0374566455453021,0.0245992337018891,0.03448693188292,0.0237949735336634,0.0256055484099145,0.026404554875435,0.0360807480957815,0.0434380194485886,0.0173745500513088,0.0245955865887311,0.0336317928496497,0.0288773704597199,0.0243209354169197,0.0226590183579586,0.0406959101690406,0.0465496175066994,0.0676877712268784,0.0343675985928168,0.032964774466538,0.0355928100072063,0.0236404859963009,0.0355373609423519,0.0273435682364065,0.0194079618614271,0.0363139690366979,0.0571540919000845,0.0340327472644819,0.0363579586527564,0.0226898575492887,0.0298835497602361,0.0292281533087943,0.0382678635362123,0.0364294297360279,0.0205849691024513,0.0373601296870096,0.0300221878409115,0.0388818724574041,0.0443521189022426,0.0197470094193182,0.0302436574166338,0.0274385658261767,0.0248451795931354,0.0273123521698971,0.0411282976701046,0.0202971443893756,0.0256072026958947,0.0506068493933927,0.0487409721678534,0.0439785969195868,0.0278737016067574,0.0383326809570889,0.0305431681550032,0.0343064118235491,0.0184012492041099,0.032730000159005,0.0547749259758609,0.0450409358897463,0.0254096035129348,0.0145921928686852,0.0386950259082376,0.031001753743699,0.0288015065934308,0.0202652832934076,0.0227826374093055,0.0318633480630975,0.0315694893807936,0.0520124334466692,0.0378023086237149,0.0186385041899994,0.0411767321706977,0.0297630975023055,0.0236489085874905,0.0251815349421004,0.0279347145566751,0.0334637656368149,0.0381839964833553,0.0595729284666488,0.0528922812463114,0.0418502164603879,0.0310742044933863,0.0260268412125765,0.0354068883900418,0.0437531536643431,0.0164317914440268,0.0364862512453922,0.0584927402057695,0.0252057457812937,0.0248687122987888,0.0167425481644375,0.0373468529400919,0.0381430045463799,0.0264704386300277,0.0190749569553032,0.0235702299975672,0.0347976057675881,0.0272607983656901,0.0558344641847006,0.0292421576842981,0.019617728624649,0.0273211266105032,0.0282998438902475,0.0278253076566634,0.0389654996743656,0.0238970975471777,0.0198476868809614,0.0419632807971949,0.0583727316154834,0.0522359938803045,0.0325834780921798,0.0375522908070943,0.0423895936574352
"FEDm_92",0.030368847463969,0.0317330358918402,0.0184448376789585,0.0369411327456393,0.0500074243259463,0.0445502322360465,0.0235854102033714,0.0143686255950248,0.0376912788176939,0.0247444593389765,0.0339709562052896,0.020627278791556,0.0211535330669761,0.0398062115338296,0.0273126606367861,0.059956009344556,0.0366766994668746,0.0177738264367681,0.0483875985068103,0.0255579071441891,0.0207336057049607,0.0278546520411412,0.0260452308135266,0.034402398171231,0.0479114598149308,0.059818484799573,0.0453943495025289,0.042084315310339,0.0300209828536044,0.0220765555570629,0.0344545415010688,0.0424053265713836,0.0187432988337207,0.0339022362929885,0.0524148369535858,0.0290610506243395,0.0256067417856411,0.022452027630616,0.041147662224922,0.0344516770231069,0.0241367374513721,0.0262315717343903,0.0280958986281193,0.0352801196051995,0.0277451478260181,0.0495525573125859,0.0270189229067115,0.0206936793495768,0.025934083940648,0.0308746707030335,0.0242988114972565,0.035129252445944,0.0274980283593621,0.0225584706880326,0.0310210611654106,0.0562681952869066,0.0700720626494082,0.0309502667216808,0.0384357079340577,0.0335653543529129,0.0295579176574878,0.0459521099144361,0.0192403909691264,0.0225473373229094,0.0589802081832995,0.0370234719190004,0.0317427028336011,0.0186246510813522,0.0525886710631471,0.0331131928942651,0.0346045762508771,0.0252167172336523,0.0293226100235511,0.0312466114900731,0.0253079039438633,0.0418786263965202,0.0524048252423874,0.0188520042279398,0.0278901208648658,0.0368048113238891,0.02370147362244,0.0224131295104649,0.0188902963502496,0.0221692444986356,0.0368532876530435,0.0469845364029677,0.0421234274682035,0.0364459704254451,0.0229785523707602,0.0545406208615457,0.0275284639324074,0.0373064863401995,0.0168035530483196,0.0285066099109398,0.0633946309311043,0.0283618979804451,0.0291726996090945,0.017781724844163,0.0560044700991044,0.0343218934472211,0.0332556251407048,0.0312249514210851,0.0217442737240212,0.0265120511502618,0.0445384106885687,0.0440673459682576,0.052878222408368,0.0218410097213733,0.0322478600407997,0.0422496395494741,0.0247698472453018,0.0170364501141023,0.021849815494757,0.0362936319295604,0.0358680539934598,0.0602533558765282,0.0298406596754638,0.0276327681350359,0.03670962517494,0.0200039724049379
"FEDm_93",0.0313858471664646,0.0420773493399531,0.0151753989109907,0.0219928332191355,0.0582805645607007,0.0386756411091324,0.0332609642504744,0.0156357277341996,0.0537811122993713,0.0329199139474436,0.0446921330243557,0.0280567139711944,0.0192117754838307,0.0371336559766254,0.0234679568457893,0.0464640416441138,0.0434497967904313,0.016169268653374,0.0296573950658523,0.0331055627670298,0.0224038124694191,0.0197157660209715,0.0208910412176602,0.0268641015235033,0.0309255758306732,0.0564796712432629,0.0361912985017572,0.0379839507167692,0.0280992767685858,0.0558518529469353,0.0278339781963444,0.0433282420751256,0.0192925622886718,0.0288744699899877,0.0604096527288211,0.0342986434129893,0.0332655569045413,0.020347143564936,0.0481199966709338,0.0301696790283073,0.0331731353089707,0.0287187518543772,0.0277704937570475,0.026565166415172,0.0416049322479833,0.0406486792272484,0.0554185853153507,0.0249854865190882,0.0283466076709368,0.0409850105507523,0.024603094161492,0.0186825050744355,0.0236566559149195,0.0253768860224738,0.0332755005117385,0.0596642707381736,0.0371951325011992,0.0281788722283117,0.0295260091468672,0.0256842999728036,0.0346325075918339,0.0344193680212588,0.0166347801237117,0.0332005306053944,0.060541375935342,0.036403206409252,0.0355884134818352,0.0235249661181232,0.0388745900985622,0.0234157110008341,0.0291917143860572,0.0363386724063327,0.0233210473354444,0.0377799705210142,0.0343298862003043,0.0366604976364726,0.04940964705558,0.0193328414967089,0.0364537298308176,0.0269112499100751,0.0224713582416708,0.0249553705655116,0.0261832508720802,0.0287098784928108,0.0363219580122057,0.0424179540943176,0.0505939243084852,0.0351076757592224,0.0425026038585086,0.0237713196302326,0.0290244149565826,0.0335559925494179,0.0186678816078713,0.0423498811740384,0.0516306002211161,0.0523972856962075,0.0262631000018984,0.0208922960205066,0.0407636830415706,0.0284887332029487,0.0253585887553179,0.034475265341961,0.0259380514587587,0.0402322435385031,0.0389693355804552,0.0327243011659705,0.0361436765270334,0.021883998586824,0.0394932231106616,0.0232950138400081,0.0237577487034254,0.0304709481470212,0.0363050574504086,0.0285200714885065,0.037510772162057,0.0691448067578104,0.0320365579646549,0.0304511037449121,0.0227407541258699,0.0265146130776824
"FEDm_94",0.0324998027139263,0.0384668264809102,0.0148814706466438,0.0331364167507384,0.0657424475013167,0.032940809604768,0.0364652192114162,0.0173606656701538,0.0312582092220156,0.0167964861153961,0.0324128129792241,0.0291065504907199,0.0275459502401321,0.0406647259545529,0.0361313670645262,0.0395661416409157,0.0758693234400426,0.0182369213770027,0.0295072284373297,0.024096548849352,0.0229439622862692,0.0225257782962979,0.0185327647882352,0.0282084777534748,0.0295998448839472,0.0463350192685714,0.0487343923085537,0.0344288116409114,0.0462249452950232,0.029780079087633,0.0322659389199371,0.0324184533677805,0.0198995185667428,0.0379663578376781,0.0578387471282895,0.0426204852113884,0.0254436926284975,0.0256511293107069,0.0507025194913179,0.025134182420491,0.0292465297935683,0.0420609694861292,0.0297956611569298,0.0365634184343267,0.0259363154079924,0.0327438539423754,0.0326255198389556,0.02116405402148,0.0376989593291485,0.0230613731093182,0.0293225728410623,0.0293169700449035,0.031229123766418,0.0271152481917082,0.0361539113591197,0.0564320464966755,0.0433132230337938,0.0358633227735551,0.0277426538484025,0.0226732482413079,0.0432466314890451,0.0353114349790317,0.0163064718082949,0.0314972483059308,0.054732733232326,0.046939017639819,0.0326631979218435,0.0159444693206982,0.0269919089983185,0.032138604682465,0.0308671716479985,0.0315691141567163,0.0194368791870393,0.0437793777129849,0.0260975269374994,0.0578617613559054,0.0432635215962168,0.0187016261528643,0.0226354750965404,0.0269702487505534,0.0308482730106013,0.0254740435648894,0.0374997046437338,0.0256827057607966,0.0385576551595644,0.04227144008331,0.0412771766277711,0.0316845036387876,0.0358768369130215,0.0338732396254328,0.0291530045898808,0.0308975728353256,0.0140523467185555,0.0292534189971526,0.0526120638962027,0.0324629140578175,0.030679023726173,0.0158330998228232,0.0358358844117582,0.0289549573413521,0.0376954004024186,0.0286057908753785,0.0187397010790402,0.0293731344402213,0.0339258840333024,0.049758792656242,0.0370965414186928,0.0194150357368737,0.0165664031514742,0.0314787344047934,0.0395951651180306,0.0352665414810005,0.0294160146341807,0.0382483937901655,0.0450459565348529,0.0626682090965141,0.0339031541223836,0.0492011616691182,0.0326481377444918,0.0316175612137839
"FEDm_95",0.042464481267766,0.0375686392756062,0.0156190679728368,0.0343279678961384,0.0547783531599588,0.0431166477964176,0.0269513638584451,0.0145266858342632,0.0313309630771786,0.026956280121378,0.0312051976650828,0.0393635907913712,0.0235095095614041,0.0507914274038795,0.0256673792183695,0.0614398534751601,0.0418989941402497,0.0200510182984375,0.0233803840852154,0.026978790274552,0.0260957464522918,0.0277101102836139,0.0336210149013396,0.0354797023665914,0.0378650645614326,0.0380333996728227,0.038942316320876,0.0305354964343346,0.0274811918961971,0.0323093619367897,0.0292299622378693,0.0291177424493877,0.0165179178375006,0.031630309476011,0.0557614055820209,0.0396583791959559,0.0300047877932871,0.0204328579852565,0.0352955984404788,0.0275958781311312,0.0321142376439066,0.0254901409189347,0.0193200602047623,0.027584103438229,0.0376055257708113,0.0427702892104134,0.0458030828394411,0.0216069654840852,0.0162594386750283,0.0345155245788836,0.0344284114352473,0.0314873256314834,0.0318777989276311,0.0452603817311342,0.0382648577974187,0.0569496108704789,0.0404295355898062,0.0413044327235858,0.0325771921645905,0.0291062452352293,0.0413021933777143,0.0284058815261603,0.0157382570190397,0.0347263335396938,0.0454270240488391,0.0501776738723159,0.0361520533566738,0.0200734211547579,0.0340975336906823,0.0344857764237714,0.0334970049615766,0.0275686539580385,0.0190549854199173,0.0381850025217023,0.0305801265864826,0.0495068109162706,0.0285680761117701,0.0169961260866869,0.0349914685162031,0.0195296007473022,0.0343136333778307,0.0245912690662746,0.0131560923385435,0.0444538544633558,0.0605806113826771,0.0482768782928958,0.0316720838531716,0.0439941812695715,0.0392905554122161,0.0206068367078645,0.0367458308567207,0.0312239345629568,0.0194533465881426,0.0262953143307449,0.0420969880529651,0.04217869880391,0.030453034441219,0.0241806253938747,0.031788382099412,0.0297703040020769,0.0275416730646808,0.032064885557172,0.0159890356977017,0.0253687833238593,0.019074061601615,0.0626518231416934,0.0359473381789504,0.0230226057268385,0.039539776820689,0.0230301114646053,0.0395556668018269,0.035285848537628,0.0314358119990718,0.0401306378437686,0.0377915238994485,0.0700158711510762,0.0370431409193155,0.040357820366738,0.0309074884193591,0.0190596363519393
"FEDm_96",0.0320973916001841,0.0292748960072871,0.0149082340157925,0.0364230501425397,0.0473572147338558,0.0530443970233441,0.03703796820664,0.0180383417715278,0.0345587798437511,0.035786127628607,0.0317686223100906,0.0225244607511736,0.0197265330415143,0.04399610934678,0.0302622389991362,0.0531390550329222,0.0335264270008723,0.0206250048632402,0.0332139236600857,0.0232470472214356,0.0333622242561082,0.0247790324962474,0.0164355298232239,0.0353104465267055,0.0551552439896385,0.050107485833766,0.0261006328479105,0.043320992750986,0.0425135885717347,0.0223589997028993,0.0467979326754634,0.029548791025908,0.0219350638265333,0.0286525074815581,0.0409710130480666,0.0502494270512166,0.0316859468201419,0.0289425836395816,0.0405642745184654,0.0268798077263995,0.0200677139655583,0.0302960575178499,0.0189505771576687,0.0235706794910167,0.0251175241563675,0.0361056794765569,0.031901626999902,0.0203249925259611,0.0353681167994915,0.0217725458661275,0.0395215115353091,0.0316644934481613,0.0330150237434104,0.0548896312540885,0.0436309241683821,0.0625734318149707,0.0456046061434759,0.0456842015263387,0.0158417909560365,0.0178715236399926,0.0356568368240792,0.0427356327368577,0.0191085471065543,0.037170295475407,0.0659314156283434,0.034653765729069,0.0227663881188781,0.0127531847740442,0.0335649375472755,0.0306845200934154,0.0364538104362096,0.0261056720805512,0.0195653607834914,0.0205953033341362,0.0301828716439421,0.0533840891424242,0.057819407356148,0.0180765421840349,0.0377126195898349,0.0320929207198023,0.0223756816523113,0.0392719222678989,0.0215811039577747,0.0357689160257576,0.0343789928357394,0.0587689550698759,0.0212379803223395,0.0380187516366232,0.0313386606983335,0.0302449142288472,0.0324206778679628,0.0318030711164226,0.0171888072283915,0.0236380996134023,0.0563791409117431,0.035671152775316,0.0392486500364086,0.0162189127462378,0.0340265158714631,0.0419356886482122,0.0355883968114365,0.0327202347845219,0.02521332320171,0.0269163371954448,0.0219919110192636,0.0509311849977853,0.061896617910258,0.0243509074762982,0.0270413082782608,0.0354107115018506,0.0209113930571157,0.0340801458722099,0.0125961161370393,0.0306595844372205,0.0334765932837786,0.0644517868758916,0.0319204909720498,0.0348883538982984,0.0362513480656126,0.030172537408394
"FEDm_97",0.0298592620796713,0.0351049503266205,0.0147271816319115,0.0469726720290455,0.051931213892469,0.0373159109307745,0.0365472359713208,0.0160472173231886,0.0358165578908372,0.0348800702802241,0.0289029819269959,0.030089859007431,0.028395491196709,0.0449862836682301,0.0296725180564101,0.0538142270519179,0.0419712992204951,0.0184584824211978,0.0313980184928442,0.0254177965960544,0.0256971830317711,0.0227093866187264,0.0166473880126501,0.0307502989074994,0.063395430984834,0.0542152172761803,0.0317164227417333,0.0324993562151387,0.0276659182065766,0.0223941680105413,0.0551441400464622,0.0285614554313755,0.0174147125184154,0.0340642657663124,0.0519486484851003,0.0303225541211677,0.0421827893000591,0.0220692871411746,0.0325613367300673,0.0235159005356485,0.0455005493096926,0.0619996883334975,0.0188560472251111,0.0352766949604152,0.0210225066662535,0.0419476460353286,0.0462829034779295,0.0172741792318184,0.027835939877305,0.0276622424546022,0.0212485050023257,0.0284758472166931,0.0152329281390479,0.0283677352763135,0.0427035793370792,0.0583143644283543,0.0409908079392308,0.0225530341369618,0.0254733357909248,0.0351963750853321,0.0337678182228931,0.0257307455358304,0.0205708929387809,0.0351907569230842,0.0588459940573187,0.0392333678681029,0.0306412415955017,0.0182744222545062,0.026346836617063,0.0300293331172596,0.0280451302242197,0.0264227941607751,0.0234349387779793,0.0431340076273517,0.0281930766507579,0.0613661676772563,0.057132868131523,0.0197102336824563,0.0312160914237194,0.0253398209702589,0.0249590385653578,0.0368650665504447,0.028901283122969,0.0284687503383622,0.0487819169370477,0.0474989658912512,0.0473260978962635,0.0306310732834781,0.0238880863347758,0.0200531826234118,0.0328442307544258,0.0311670237827894,0.0159092226071625,0.0302088158271211,0.0629264526342572,0.0361787819116611,0.0373440725739467,0.0149114580324784,0.045016149787722,0.0274850688964218,0.0327068024079728,0.0274146925082151,0.0280381923490985,0.0398768123280797,0.0327140827089262,0.0513455252647411,0.0466797432653981,0.0154037426792812,0.0333002935176881,0.0261332162212773,0.0247570973726444,0.0306480623872004,0.0243691618035693,0.0474245140048829,0.0289779371035326,0.0561223051396079,0.0318669282207675,0.0350176477332904,0.029538500465448,0.0236734657103925
"FEDm_98",0.0378653137308147,0.0313662703656721,0.013970313829853,0.0260696093050007,0.0365658055598635,0.0378718536798381,0.0285073399524202,0.0178230210098137,0.0443174545643358,0.0369060925125617,0.034853357596217,0.0449619384509134,0.0178485032088788,0.0569778924734102,0.027342921054205,0.060443868185755,0.072207961790564,0.0172954370478319,0.0215027644943436,0.0193349006048134,0.022914933724159,0.0378045397970861,0.019827050679081,0.0272214489786521,0.0512905178567533,0.0534278348787175,0.0310232782230752,0.0263398742122283,0.0245014272189961,0.0216164750141454,0.0380869647205543,0.0268074708568908,0.0159789225410479,0.0334946278165564,0.0563612207698996,0.0461750979174142,0.0231914165746129,0.0208451214624954,0.025985176220522,0.0245284685530177,0.0318296798533447,0.0316274299374192,0.018086489490746,0.0358832550059153,0.0428538011110915,0.0644550428364612,0.0435029532807495,0.020833738103141,0.0325459054795114,0.0200663791938598,0.0322388576574395,0.0239651701673479,0.0235117231857539,0.0276120598449856,0.0359895922617875,0.0511356786859761,0.0424444864302529,0.041253860090062,0.0411849401917772,0.0275244697593665,0.0437221220965169,0.0298019348845244,0.0156756707675472,0.0348305545517903,0.0404075096977859,0.0383749366353998,0.0329287447800516,0.0143069058709374,0.0464369943327076,0.0412487234300107,0.0360428707157108,0.0331509640789666,0.0199277235638941,0.0340413010933211,0.0388662635305906,0.0391678306076682,0.0388263122134291,0.0218780341923454,0.0347432921928549,0.0201531852647831,0.0256909134529095,0.039974537832605,0.036444076840436,0.0239311730331377,0.0284699860053451,0.0517832194454915,0.0387861563789179,0.0416369940439656,0.0342371268212277,0.0245139416451285,0.0297808065312505,0.0366566709635921,0.0153935545811352,0.04039986940213,0.0541243446173567,0.0359421958381073,0.0244331173042885,0.0145680299869061,0.0426421353961165,0.0188305940874596,0.027785300105912,0.0330258530479193,0.0214946912234745,0.0333281133339199,0.0386604499387029,0.0509468882484751,0.0556881312992366,0.016884378928438,0.0335525523256382,0.0284324034520896,0.0255311270781363,0.0192677653297561,0.020468299304628,0.0363140839373076,0.0415936915077984,0.0715534282450373,0.0399305844135778,0.0382498474796532,0.0312631889108973,0.0232579031810593
"FEDm_99",0.0491984872419506,0.0316791928857795,0.0172537147358689,0.0295704085214495,0.0635969937740723,0.0406080325093173,0.0286614372048374,0.0145523845059021,0.0357685068325405,0.0208616031022477,0.0434834572261335,0.0271346540799751,0.0250593659313595,0.0403160769632168,0.0367756273348336,0.0558998196191117,0.0317973041833262,0.0159925623477808,0.023703308413093,0.0365501595198765,0.0308266227059155,0.0206372037044919,0.0220938364902739,0.028346276086416,0.0418892277527729,0.0689523682638425,0.0300934413542007,0.0324052349542041,0.0315986633255286,0.0246940284296812,0.0331380776891591,0.0315595149975763,0.019008525887998,0.0319469199968622,0.0495804960063468,0.030349801649633,0.0253406492875926,0.0229186543395786,0.0397912612408493,0.0368097697963687,0.0346317820358822,0.0273580282433608,0.0297977222349354,0.0409404200114271,0.0262669001920429,0.0390679544207659,0.0250075289836525,0.0223406422064752,0.0258604968941675,0.0312489082125855,0.0290494411863617,0.0348901118671464,0.0240169323584269,0.0237836683264223,0.0451541727126127,0.0651865231344135,0.0432182440204029,0.0399597026197433,0.0269496972505011,0.0448274521967093,0.0365541635732243,0.0366198601561393,0.0165251019920153,0.0510403035290345,0.0452235784480332,0.0463219536494102,0.0240706818575045,0.0173314748930452,0.0233736222370565,0.0258330157787171,0.0326500653134855,0.0337988586070639,0.020762825169589,0.0407052890003683,0.0352858733666133,0.0455003899692133,0.0316844414006551,0.0181602391118542,0.0337236831237394,0.0242654643438313,0.0349013669157562,0.0385002996846153,0.0274495917442746,0.0375905826038796,0.033444077966452,0.0536159646182639,0.0431688977780957,0.0407449214071016,0.0295449365050527,0.0216084752559149,0.0326246949734327,0.0402300290859284,0.0169502046868209,0.0498829912718915,0.0516047015819478,0.036869371229219,0.0359762878506688,0.0193279559313631,0.0287110916344557,0.0301097689328074,0.0409826915054717,0.02206476600177,0.0213338824687191,0.0319545441223696,0.0273998110359156,0.0419248434982532,0.0595772020541878,0.016960922729387,0.0439249829186425,0.0318055761207809,0.0214905766624133,0.0394020565181594,0.0231536747774926,0.0293666302384177,0.0364809661243765,0.0453225176054518,0.0362609009073623,0.0314893440894289,0.0366863533473297,0.0201306600955351
"FEDm_100",0.033699020867683,0.0300733785725422,0.0154565588942186,0.0426654462620407,0.0384692495397759,0.04038752757473,0.0331286673506232,0.0143732780852909,0.0251246360507094,0.0198279463143961,0.055457843682167,0.0225157403145863,0.017872107360259,0.0423994495293336,0.0337385656937404,0.0682685801763263,0.0698073740736683,0.0198691635385004,0.0343583190897077,0.0194129560649044,0.0403412408966835,0.0213265436511463,0.0141725862966788,0.0195032296483407,0.0502312740152832,0.0363844587623848,0.0381769349861558,0.039497410321899,0.0352151566923933,0.028245355693831,0.0297871320925603,0.0338466382004988,0.0167690500666848,0.0305825906619936,0.0578465256764322,0.0350196371784334,0.0292688390380328,0.0220999723651941,0.0379380289898602,0.0240395657669129,0.0425695057145621,0.0269175946779529,0.0231268373953103,0.0356977943066623,0.0270099277874914,0.056373733122081,0.0533103786506004,0.0163754239975935,0.0316338080522461,0.0341428191667869,0.025374152658062,0.0284819611378942,0.0226356292571156,0.0298383733465694,0.0485788795324149,0.0481543877602318,0.0385901305024215,0.0403221513781345,0.0311250025602718,0.0225435289589943,0.0386436320204885,0.0286935911082493,0.0152415413003528,0.0375527917291951,0.0469921346887407,0.0281560306053396,0.0264601396793979,0.0148915413330989,0.072625078490935,0.0380642957285517,0.0245579498388739,0.0189996529457201,0.0221199429325072,0.0187620889067797,0.0405446251659988,0.0517037072363975,0.0403468059123885,0.0171595217546682,0.0372303491025285,0.0271878830872222,0.0264066075903093,0.0328892978066355,0.0360154038113076,0.0231332447190864,0.0399816783130172,0.0594984472700304,0.037487887909541,0.0403910321814867,0.0360207412022187,0.0222423556289335,0.036565742268765,0.0358856507323305,0.0187330407247355,0.0706827378531463,0.0345812309810906,0.0477037469442817,0.0327736647379923,0.0181789336560537,0.0285251359252825,0.0287914644906733,0.029145327656427,0.0296078547536624,0.0167146758617193,0.0341415397181263,0.0217472187544511,0.0562261638645387,0.0343711894328461,0.019695098657119,0.0291869154414245,0.0181793401192614,0.0233935155981096,0.0259795349178146,0.0265624365373284,0.0486380788573205,0.0487346633786297,0.05760660263315,0.037482128681825,0.037766958572519,0.0315331232160763,0.0208662850332998
"FEDm_101",0.0358050015872118,0.0297351201547029,0.0125830203373608,0.0342310184329171,0.0434313583608057,0.0443569720851925,0.0307785571823511,0.0130328021447265,0.0380167741379276,0.0287952658105225,0.0353630970419846,0.0207374239932659,0.0224925113526601,0.0397615538547014,0.0293662826870761,0.0569450275379817,0.0567951377511986,0.0163196829450575,0.0449397416977323,0.0263577308909968,0.0196648259555516,0.0311714606071069,0.0244619806375679,0.0198852473694084,0.0471919555013967,0.0500284508276983,0.029859720750712,0.0492194480472836,0.0373846577858586,0.0312881725310425,0.0419038571978172,0.0382390504757661,0.0171892601575722,0.0473337229961706,0.0562757521701624,0.0402768912278138,0.027869542411146,0.0223596639120482,0.0457981461956465,0.0343079435742459,0.0239098643107123,0.0220971778229105,0.0235384673408422,0.0306877899175746,0.0547461849244282,0.0405014691150433,0.0437001237873058,0.0199965718167063,0.0264004584822955,0.0316470513455924,0.0187971023582882,0.0249397472969227,0.0150589822560886,0.0394098440878072,0.0366286119225284,0.0500100511386646,0.0346273744887831,0.0397929114032631,0.0285195874542622,0.0234367984115919,0.0436532709037133,0.0476369084578884,0.0132204218671277,0.024424979167567,0.0607660295470735,0.0389653557268915,0.0308539370493476,0.0119452528311351,0.0334073285120243,0.0207460010457615,0.032611932480368,0.0271089213207697,0.0184821913234616,0.0311318427895059,0.0512575223511511,0.05705309480148,0.0405043526361117,0.0169667101539656,0.0784819891817243,0.0238274706956396,0.0213780346995059,0.0278260734584743,0.0290234368033683,0.0182611791909812,0.02622165543437,0.0433743133334139,0.0357902047343265,0.0377250741574531,0.0315905623836356,0.0257639529617637,0.0315052587233163,0.0407149571309683,0.0167464153607976,0.0329758946261243,0.0504263159352185,0.0412792842560923,0.0299614061447564,0.0129863056270036,0.0243478149675402,0.016965374766804,0.0521999720323885,0.023386746901284,0.0251824325192563,0.035016270495581,0.0425558194595837,0.0575465069185817,0.040405966686158,0.016177765836932,0.0215755499381125,0.0279488223021837,0.0260753014493039,0.0498213715809937,0.0166960016424256,0.0189480032599864,0.0395329517466624,0.0517322559843606,0.027871792969164,0.0487301148623016,0.0345944528570024,0.0460928730191167
"FEDm_102",0.0300981785874609,0.0407898606107551,0.0140609368503437,0.0343913551188475,0.0383029083198986,0.0334117618525123,0.0261292912381729,0.0175071868945532,0.0243499833796389,0.0407823475684646,0.042057933787272,0.0213989876023333,0.020445958045181,0.0350987519234758,0.053237719887745,0.0828464523716695,0.0568926802455625,0.0198310344228536,0.0400032024331687,0.0206887021151604,0.0224542273758603,0.021255275232149,0.0245627849356145,0.0215221888199764,0.0341324726838596,0.0558757432064736,0.0323665606476218,0.0415002704770689,0.0312894451348231,0.0227157982314834,0.0405992538021426,0.0391541549591086,0.0171909538281012,0.0419604088461431,0.0324530112214333,0.0326529690313812,0.02625320677415,0.0234351949234619,0.0311596586353821,0.0246515051964873,0.0476784019911796,0.0429543597095859,0.0193302324047715,0.0399942685004395,0.0427293646689445,0.0419377544663299,0.0530709483799723,0.0219810989651881,0.0259355253892979,0.0171714272711021,0.0429970571742915,0.0197850427615665,0.0287287465200099,0.0217033065400045,0.0495575957880178,0.0639110899483872,0.0288285373633863,0.0304833883209518,0.0252133007590775,0.0264982358597045,0.0429491549824548,0.0325807275015362,0.0174917105433891,0.0171160062973739,0.0485161918282179,0.0263536155237219,0.0249332643125172,0.0177197890462811,0.0368617386711793,0.0313330580289441,0.0346772586042006,0.0254119233019311,0.0199029076046451,0.0492367421542405,0.0441610601331229,0.0544928513269324,0.0398784889062617,0.0215502090527243,0.0432024473478952,0.0205965552506839,0.0247679240266013,0.0470068504554228,0.0285853886910903,0.0200770036701531,0.0341621221456275,0.0486485761402059,0.046008269004343,0.0428953794115477,0.0368126270119883,0.0220701590247667,0.0406213941067755,0.0357546371448725,0.0143660057819929,0.0337675849122616,0.0328647869781842,0.0375288626349848,0.0376013737002657,0.0154815598676627,0.0386975845399321,0.0218083278064096,0.0540914879642021,0.0245125295497112,0.0188992983080624,0.0381839933077781,0.0340874320100364,0.0600895525103786,0.0718793800458175,0.0181366039705849,0.0483011495072814,0.0203948511275252,0.0213943398114819,0.0270952967266297,0.0270184134961695,0.0206533290734167,0.0386277590643579,0.0526857521045126,0.0235140738296854,0.0338339926265674,0.0296238337941553,0.0284848136983039
"FEDm_103",0.0348032568238998,0.0268256567627784,0.0123787089974577,0.0283280958405241,0.0468148890701695,0.0490378237267993,0.0378774607655634,0.0158399336264729,0.0370691020437569,0.0270949655611861,0.0302306991180147,0.0230293058234201,0.017157890298497,0.0555866328359837,0.0393562378982425,0.0700870502631993,0.043621891430094,0.0183135331761208,0.0435619476721542,0.0196641968496849,0.0222438449143609,0.0387583229431374,0.0199321021263566,0.0155786493246371,0.0238220832292848,0.044097532664986,0.053071183077225,0.0414699724972526,0.0429298540268743,0.0214171766118661,0.0294220268221384,0.0327171367452489,0.015842822332269,0.0267395098750844,0.0389476236021351,0.0328318472317255,0.0344763696997591,0.0194150127430757,0.0388773237254899,0.0354675741862147,0.0470316309312225,0.0333973047630507,0.0244145841764804,0.0381764250481885,0.0370667731345446,0.059754974918123,0.0739990220966301,0.019138308395652,0.0315487857456583,0.0211869773305671,0.026446124752538,0.0233708165764096,0.0239895896816875,0.0157626380734796,0.0291412091965989,0.0399459895840269,0.0439172257111987,0.0426392048196832,0.0327251525295757,0.031610015571544,0.0371868156294049,0.0286154552229506,0.0193046101197306,0.0395821428647064,0.0439913327311276,0.0431915366012197,0.036677266055713,0.0186750112903528,0.029447447839465,0.0256157546294192,0.0321615018800852,0.0396968924550779,0.0192612742868403,0.0467530887720981,0.0358897380363674,0.0531037693159475,0.0608245396125154,0.0168640694589635,0.0424048402549157,0.0210995993142798,0.0272964576597303,0.0236023200060209,0.0194226338648157,0.0193749792123476,0.0299392231891706,0.0490721222452804,0.0430718105973553,0.0403462618419267,0.0322799028147885,0.0252476021973834,0.028217457332107,0.0374784035348038,0.0177122609981908,0.0295927189791632,0.0425113514263254,0.0400115493146321,0.0252808859605714,0.0175588563358228,0.0309488401204894,0.0220652481606745,0.0270632736762591,0.0314007561203263,0.0147725999052251,0.0341394070794856,0.026690956449333,0.0530128520805164,0.0829470988124698,0.0181301172981047,0.031154723786347,0.0250303238343708,0.0372339951567131,0.0368880672978191,0.0153223722619746,0.0285340702537718,0.0331284600176158,0.0655054894015542,0.0387202981852027,0.0360020415282924,0.0534844192282138,0.0194611054636243
"FEDm_104",0.0372324953319983,0.040335785919132,0.0190168834671719,0.0259768268769157,0.0551907726676555,0.0241992463971812,0.0303430779127016,0.01653845831648,0.0315685007021938,0.0370225426950381,0.0440465241793563,0.0419590101934829,0.0224460688493277,0.0319365253916437,0.0408159493657453,0.0461154903278516,0.0370120063747165,0.0190038704592369,0.0350323041694611,0.0221973910631371,0.0235451931528878,0.026657841227691,0.0281428409070665,0.0251726073347705,0.0364280187628561,0.0550451648624619,0.0543285306269174,0.0285244905060838,0.0335060989772923,0.0306594829815456,0.0355383085907117,0.0306449581915918,0.0170234997454168,0.0417479516174858,0.04266292946072,0.043146659648527,0.0305255742291128,0.0187201546328709,0.0485650245492937,0.0320444306740731,0.0280766067443525,0.0365174429787842,0.0238069480919977,0.0290364059531874,0.0428193600460921,0.0381777962627132,0.0528514440986381,0.0237522435966423,0.0295336180578074,0.0204592428333748,0.0198930212419444,0.0239862178750962,0.019254686914598,0.0248422579407683,0.0246073840001123,0.0622076298503922,0.044606007558907,0.0512489926432222,0.0372033423562894,0.0264998596152768,0.0411124367427843,0.0385013905270938,0.0154405299030121,0.0283078360383149,0.0455152966820407,0.0344139268761913,0.0351242656505198,0.0151479538748946,0.0318088385872016,0.0410047896714271,0.0395407444205637,0.0202231106317561,0.0151399646112581,0.03250065003424,0.031657643194592,0.0420743402576559,0.0375660413177586,0.0165081742731931,0.0558916681966019,0.0260699690173385,0.0311859115432353,0.0229704707167145,0.0242405774429123,0.0190159734464603,0.045663666643145,0.056825425877411,0.031459785604192,0.0397322449464494,0.0476380493651756,0.0377183239058662,0.0446497575772183,0.0361399795007581,0.0158986050477416,0.0349519444994192,0.0521285248240392,0.0320071689934494,0.0352395366061128,0.0156353395084587,0.037013686876545,0.0321459129660211,0.0293002798289064,0.0319175505917743,0.0184536593723641,0.0298808738124418,0.0349453204695041,0.0375446463871218,0.0321219983965488,0.018467440392692,0.0257464316483594,0.0209130302309232,0.026698940130392,0.0532908900227646,0.0229870332218366,0.0299914740601086,0.0484602716379553,0.0625954084494275,0.0405629026679406,0.039841893700209,0.0382087683228448,0.0222607302561215
"FEDm_105",0.037644147670352,0.032345234009955,0.0134779556123758,0.0502656565742565,0.0513742110443649,0.034492023794828,0.0335483302561504,0.0158582078757918,0.0512933004361121,0.0322068748941668,0.0618173299615373,0.0248719504897506,0.0230979783659469,0.0443376223346893,0.0242514519579369,0.0530057594641416,0.035124082619966,0.0175603986420609,0.0341390773875703,0.0281399674543627,0.0197804481478537,0.020169747803033,0.0173819418782225,0.0263872680497139,0.0357054469105442,0.0520360973631866,0.0367833642984471,0.0398374363475426,0.0263935604161762,0.0266731279389643,0.0355700044764816,0.0278599825900099,0.0175824628474341,0.0357505406936008,0.0445323848842822,0.0346121233255967,0.0355101853962404,0.0221831766881023,0.0346339564053555,0.0242353099640811,0.0332205654629285,0.0322485830069168,0.0188271374855289,0.0374681615774488,0.0322563354893284,0.0679273876929345,0.0530880612461964,0.0194684344445578,0.0167345082129567,0.0224801795140118,0.0205534354687279,0.0222470208189948,0.0161725079256923,0.0220536635118006,0.0381613911935361,0.0593712066435306,0.0411455340802363,0.0475685741111523,0.0474935718448297,0.0390436129975063,0.0288865580472576,0.0302327354200735,0.0156939795864907,0.041501750461379,0.0455068149658839,0.0286744415194476,0.033869139066902,0.0212553252580113,0.0410824231416996,0.0201121714810926,0.0470335653108757,0.0319180811842428,0.0221328108462118,0.0302718627336578,0.0340781409050176,0.0521494973852712,0.0505919935888642,0.0195690230630909,0.0262289645916897,0.0330505285966356,0.0248519059767824,0.037054710734699,0.0216301240016913,0.0327732905510283,0.0348054090592739,0.0576583668077947,0.0435206226684402,0.0389694998332597,0.0345305922536771,0.0203656709595582,0.0379380157481129,0.0285513089900578,0.0152683179192326,0.0356231061861662,0.0575269971111463,0.0283335247248332,0.0320986891078074,0.0181403393256128,0.0455771357749635,0.0443481107728619,0.0534498948099345,0.0236612185305205,0.0203411557995151,0.0426119515980906,0.0404858187957819,0.0481700041554556,0.0457785473399108,0.0173012895888883,0.0340478884656371,0.0248234659723307,0.0188478229016257,0.0202621228215892,0.0286644508375731,0.0225857191142342,0.0345996464525617,0.0490072509314852,0.0421066314173061,0.0298364745737523,0.0328762137121864,0.0271368865208265
"FEDm_106",0.0447920274890617,0.029960394469222,0.013810905816042,0.0368007291480648,0.0507015623718829,0.042387041091756,0.0505982666954372,0.0152086222495523,0.0298969748911446,0.0252566503085077,0.0382474956468034,0.0393066823799198,0.0254172447479664,0.0412706993073369,0.0257427343227734,0.0499990931641412,0.042878351565626,0.012926850784631,0.0397457411332553,0.0205632829576309,0.0215440746726712,0.0232354240576098,0.0239798914905906,0.0261054319481179,0.0303879442972099,0.0619840081253754,0.0443357141145332,0.0425862773652326,0.0316717784569675,0.0186581049309363,0.0380094640995143,0.0311872869324545,0.0179103955378425,0.0485445861297722,0.044332227429444,0.0369720201917081,0.0320738728372855,0.0244638480787333,0.0335601766059381,0.0271867013538072,0.0453387005621324,0.0345912057605551,0.0226490311742336,0.0336645755062582,0.0269356035588464,0.0441218504494583,0.0355408892926191,0.0209215544518492,0.0287223223243929,0.0280391795029535,0.0253042610499768,0.0226934637390993,0.0207062474326042,0.0336259228450686,0.042293856593893,0.0640114210927861,0.0369146933383341,0.0338647830599232,0.0322283204268071,0.0335915386417093,0.0392058403952992,0.0282677015079564,0.0142530193457438,0.0330431441148235,0.0508549527187426,0.0412036539005635,0.0412714486875091,0.0143492638113359,0.0282062623338728,0.0210018087897363,0.0424835418575476,0.0400238808683866,0.0289210056262881,0.0583445566442457,0.0363595544202234,0.0750283823396496,0.0399577784284166,0.0195137616187331,0.0297903680978883,0.0190191860311089,0.0235790525914149,0.0200483465911732,0.02199083831372,0.0160505102202891,0.0329930499390819,0.060538605620335,0.0236024643764591,0.0335366710654568,0.0399788282302083,0.0265825215137907,0.0381599063725639,0.0263582162039673,0.0171658546434502,0.0567359254445603,0.044210070233033,0.0391783735608883,0.0315195419919067,0.018283359700523,0.0438858670453557,0.0218945714156334,0.0250968775614014,0.0236792789924444,0.0161885063289344,0.0491010722055308,0.0483474868329546,0.0552613821202078,0.035193170342933,0.0219202202953568,0.0246329162045804,0.0241895001777642,0.0208178122322742,0.0227654278398233,0.0330385383276871,0.0230001834423196,0.0382546530682001,0.0733915223850509,0.045978418229147,0.0270001263151982,0.0267842153588342,0.0279670051274759
"FEDm_107",0.0471017044990022,0.0371633495923503,0.0158727158106058,0.026203037594069,0.0466194427952353,0.0351051413391469,0.0305465122215133,0.0148890062703697,0.0417011575675864,0.0253685260289406,0.0321641719776495,0.0220399624846992,0.0195154984124388,0.0295900693764812,0.0463637307592269,0.0491544676111868,0.0479968296753492,0.016223715914412,0.0506928080239817,0.021762750192986,0.0211562265278636,0.0273243704126684,0.0312796141922062,0.0230469496725353,0.0282857306173263,0.0577067856229468,0.0420642133009125,0.0350900070465931,0.0454531967447825,0.0325183077149342,0.0321567122882706,0.0315086850974195,0.0157296839391466,0.0391320531024937,0.0476055287195598,0.0383878636125558,0.0321157826557132,0.0188346267452302,0.0393145421917899,0.0205005032350827,0.0344348277301453,0.0368470430320564,0.0164643703940769,0.0373684911168108,0.0422240500942483,0.0529253739621639,0.0387784621855062,0.0182711829042487,0.0195644175475259,0.02026922398147,0.0283947182132098,0.0232582916103064,0.0170584249935003,0.0310787851163185,0.0404638866382026,0.0698534505920794,0.0439810361098518,0.0425453082256637,0.040683925097736,0.0302487488676172,0.0377260335128181,0.0385660539505552,0.016460927627909,0.02707236987937,0.055158935716494,0.0227122266346207,0.0269225252265501,0.0164003968277849,0.0277329396669652,0.0353811461210381,0.0510795409980167,0.0230322040730728,0.0195698209740937,0.0450357608809501,0.0481202881351036,0.0631863654663698,0.0306384452998404,0.0200351445911903,0.0325708068190527,0.0302406915595205,0.0174298320854675,0.029910119642206,0.0191663707950104,0.0222987174390029,0.0351592023356431,0.0601038531269968,0.0433308932835802,0.0526322004198797,0.0261414722181112,0.0261847146927863,0.0290838413692052,0.0301323796248083,0.0172602413553722,0.0389842351597149,0.0475798605129841,0.0376068304848204,0.0294027478296899,0.0157465444653248,0.0348916469398615,0.0266577286584739,0.038908755497588,0.0198420855138694,0.0240797373852034,0.0570174284566542,0.0351771017121196,0.0437761314576214,0.0444872505928133,0.0237286038161479,0.0290078276795108,0.0307132145860975,0.0171211332814201,0.0341283006089183,0.024046386106929,0.0298768163345851,0.0474958618098023,0.0549466519436791,0.0452231701137879,0.0346069577844341,0.0317155989128378,0.0267549300057256
"FEDm_108",0.0561026170409314,0.0314176475527064,0.016674326278429,0.0319726264910277,0.046083820424092,0.0350323120172471,0.0388836768945658,0.0188694600012884,0.0298148801722831,0.020907496024575,0.0420577779044128,0.0342348053978067,0.0224368067470048,0.0318565464786327,0.0309518834755044,0.0602976063619878,0.0536248724263351,0.0146286605164836,0.0507472252623098,0.0144058501352122,0.0233301230909902,0.0382608365617488,0.0210442918439073,0.0266454064681368,0.021296815609507,0.0659517840644161,0.044367463191859,0.0345515028461852,0.0271849285973963,0.0163659501230175,0.0252573904352365,0.0344812166855533,0.0180593532863641,0.0390779894330261,0.0547326966620493,0.0430009801334078,0.0290592283185611,0.0204988144730173,0.025275565262951,0.0261162016537026,0.0357359286027228,0.0322148230912275,0.0216417425456526,0.0348978990079586,0.0335954231026786,0.0435560257451854,0.034993693155093,0.0202267989716597,0.02390287925143,0.0293837930899288,0.0314047609710298,0.0276499550992174,0.0228720190639604,0.028655574933207,0.0330174276468267,0.063029828032988,0.053247599766224,0.0425323531559846,0.033090448793877,0.038791589629279,0.0373687353680321,0.0429242086399584,0.015164547813554,0.0368509816270888,0.0434788689469071,0.0371159888336322,0.0349241685484017,0.0144561338034887,0.0404220753173105,0.0186366275234786,0.0400452894519082,0.0272121669538938,0.015751309679021,0.0327978545347053,0.0406812077250047,0.0454264335425208,0.0534956981183373,0.0150200471397915,0.028796158186666,0.0262964659249171,0.0203359913529935,0.0300746913516922,0.0459296322990165,0.026413518027301,0.0508357290605909,0.0540055044436985,0.039512377440344,0.0414693781212882,0.0246686699565651,0.0198895402678924,0.0371674598753409,0.0341313472216469,0.0164657183825964,0.0357001480356024,0.0466008830078063,0.0362027649068779,0.0303962350114182,0.0162906509424639,0.0405144885524156,0.0365118559718618,0.0329477338199357,0.0257323464423762,0.0158569427541415,0.0281125301201487,0.0296313315713568,0.0526523202398457,0.0490068723378693,0.0271603261527078,0.0394531522418349,0.0253867973801935,0.0217021234463456,0.0303519991018316,0.0370226879539481,0.0226398822894259,0.0372508897857369,0.0668017018428599,0.0383224111202682,0.0347936734807311,0.0311912371062926,0.0240014889041198
"FEDm_109",0.0299180850554015,0.0495041634191908,0.0153326320474107,0.0180577401789005,0.0528548954310712,0.0463253551194938,0.0324860129787605,0.0158211316469581,0.0454546701548156,0.0160980710740842,0.0366226983535438,0.0253249215375561,0.0240370821719797,0.0317035968810865,0.0262527190894787,0.0466572289081694,0.0530796247519227,0.0180868885186553,0.0514732609998582,0.0338856162266006,0.0189243122484428,0.0249430639140189,0.0140755839896321,0.0168295557741678,0.0408793212643301,0.0572023024679962,0.0630684322577125,0.0293544368232462,0.0326073995958014,0.0331391971197141,0.0367024044088719,0.0285293736479911,0.0170972182549729,0.0350712547706964,0.0468623370215899,0.0395588028502293,0.0305032929644288,0.0213288419723798,0.0326714099167544,0.0301871023736406,0.0400432580928481,0.0218817448695236,0.0218855005190976,0.0303840961241068,0.0345446148217567,0.0557083743064992,0.0670225037371443,0.019548972395758,0.0424062204877586,0.0301696293714666,0.016232012234559,0.0221100654595244,0.02804531263211,0.04081168664493,0.0297896146455656,0.0546150644374825,0.0422016990026187,0.0329055357104845,0.0276501652615861,0.0235318910636245,0.0286104893338724,0.0420732239100645,0.0163644796041417,0.0548349156273003,0.0422998044081833,0.0458491164496967,0.0268567591146262,0.0185574620572901,0.027014625388101,0.0189211338644278,0.0282788351820972,0.0148210611154378,0.0220500875107968,0.0491687965159934,0.0457469396573465,0.0535849888063901,0.0438488270283912,0.0226117082362152,0.0566771298420258,0.0180795843958963,0.0238590734486384,0.0243555164543084,0.013660928121519,0.0204794235676721,0.0395137848369955,0.0519237501782195,0.0495761124433615,0.0327509188333395,0.0380193116891259,0.0296112123785261,0.0303656136372058,0.0411048422735645,0.0185255564804623,0.0362634171670961,0.0664323993744593,0.0399431630076296,0.0351170252244773,0.0149321606234097,0.0269729616436528,0.0161731942460758,0.0717541019820852,0.0166092525389224,0.0190067260053588,0.0476406176524611,0.024816007096589,0.0510770102447962,0.0430078423715432,0.0185331210784252,0.0388344772435325,0.0327842250141583,0.0150166775828999,0.0262569985577771,0.0217377325492292,0.0169332506803744,0.0322101084699321,0.046554915285156,0.0364392916253913,0.0302430167649196,0.0318564331385033,0.052857860439912
"FEDm_110",0.0267302877722955,0.031705211695779,0.0163740367912431,0.0678788716790218,0.0455902268432734,0.0408796327392682,0.0371680909289725,0.0171678402578656,0.0398001506126748,0.0180572921830799,0.0423601022737797,0.0228846864172812,0.0165052676964741,0.0422889865474589,0.0354675437464401,0.0470353998826288,0.0390673380238305,0.0160787568533602,0.0306338511880168,0.0203341763519967,0.0221074403963925,0.0364897327487417,0.0315060565161323,0.0307645482107352,0.0474508237322013,0.055592768910074,0.0296652837427085,0.041230981189978,0.0267293137810903,0.0244553002872056,0.0467517665017106,0.0306117278242832,0.0193355529526656,0.0311520789004517,0.0461868155089621,0.0503286351728092,0.0334343364160194,0.0205758542090878,0.0269447369810477,0.0235768755804337,0.0502900105263358,0.0260643100254173,0.0167927442504441,0.0505351723347672,0.0285535970856155,0.0513293893676074,0.0373853469701267,0.0217457683692105,0.0492680814108397,0.0190117139861429,0.0165512936301169,0.0280929897862236,0.0297231482495751,0.0222245916949157,0.0367936081977742,0.0652471767523298,0.0405937559451766,0.0282150245068338,0.0308072026804005,0.0218766941826757,0.0340602764793914,0.0319426534420172,0.0152153085233226,0.037397096699177,0.046699504534129,0.0346275113017216,0.0334327905815637,0.0142293325672677,0.0329700993153064,0.0292800772726699,0.0402999441094672,0.0228276621500862,0.0204989521625305,0.0356652908067612,0.0322163447887014,0.0487511534139834,0.0490263491076266,0.0188339325071837,0.0330389745312772,0.0264206249012461,0.0321295127651953,0.0299637739312264,0.0243781502654564,0.0220577232263608,0.0530002991760775,0.0533665077423995,0.0322639493183349,0.0413109536273718,0.0424791499879355,0.0316161007642118,0.0338693695577252,0.0389756314919821,0.019697940415125,0.0409105288466104,0.0467846102320582,0.0385971566920057,0.0422280803859592,0.0139234254676891,0.040975859367257,0.041268400196357,0.0388924398765861,0.0270125454840711,0.0172559438281075,0.0362351728737071,0.034969805359644,0.0358855522717304,0.0395491038632102,0.0196321216322369,0.0312778200266876,0.0229572595152984,0.0132659175014015,0.0229928258550763,0.0285123869128509,0.0191081974027536,0.0326706859685409,0.0749618821404687,0.0387615802035295,0.0493379181748709,0.0349972531005299,0.0244925853559297
"FEDm_111",0.0310843985053002,0.0304018391958053,0.01413445951293,0.0294168581511149,0.0370765768357913,0.0442917480754011,0.0376361291812724,0.0179765873533013,0.0425712916128021,0.0336362134423601,0.0470938387751265,0.0300552065883351,0.0149678015751214,0.0460916434696522,0.0295640312852464,0.0600030309646951,0.0611997630083589,0.0168402952112758,0.030402782638152,0.0195052783096067,0.0234421107255914,0.0332158677695916,0.0214437525212828,0.0225629132894111,0.054249343022636,0.068871034915731,0.0243491110730662,0.0331884807435374,0.0223695687536953,0.0223580434938083,0.0426497646861948,0.040373965922323,0.0207962430824607,0.0274831593929476,0.0534907830024291,0.0434190603576123,0.0421255484341016,0.0219158758820472,0.0323865685356465,0.0194321974942585,0.0462747008024069,0.0204343481324954,0.0223373883128286,0.0324291474329267,0.0325085009139376,0.0557367753208587,0.0540127420938944,0.02070348697563,0.0356018303962892,0.0254188959262302,0.0228941213457982,0.0210260869152914,0.0215899793599216,0.0226944874205777,0.0353555814228671,0.0543553183050475,0.0356958375959541,0.0428260413413006,0.0243367373276545,0.0296948258680683,0.0256263589650328,0.0240152899761408,0.0147808645880713,0.0477452153737518,0.0404815284362777,0.0411596793941306,0.0375309314737678,0.0139664735784215,0.0352910075516218,0.0394143984197495,0.0462983507384996,0.0228383599584379,0.0146413544298615,0.0545799697297061,0.0231108895315127,0.0651700674024227,0.0532418379870587,0.0164883821397121,0.0263292841330812,0.0192443712040164,0.0225715456695866,0.027703445953965,0.0228416609868267,0.0440614424093047,0.0548321497857449,0.0430724016447944,0.0222318561711364,0.048028473985689,0.0301025073399865,0.0225999010416911,0.0271996635398014,0.0268418582848459,0.0172209520921092,0.0617363538477848,0.0421982920814503,0.0438781118421887,0.0295581894825428,0.0182049678366594,0.0289410066754246,0.0327881166103408,0.0376148549444425,0.0194349152182282,0.0151391650635596,0.0410503149498659,0.0299899219146629,0.063116191730871,0.0574173213191932,0.017664886361449,0.0454018936849885,0.0221118963008059,0.0165505694864464,0.0309415405833916,0.0165350078619049,0.0205796855370861,0.0569113291802803,0.0538170009272265,0.0361470555639503,0.0412468662068,0.0266288568808201,0.0231332139908793
"FEDm_112",0.0350253572630521,0.0338304248955205,0.0163043325640681,0.0370139431882461,0.0628641390311735,0.0403221690548472,0.0391021245395334,0.0170631508018366,0.0306511496275389,0.0234816774030345,0.0509808256867977,0.0274522901530095,0.0186541081562938,0.0283800333829678,0.021648445441747,0.0566697246763624,0.0352308468203424,0.0181460899966204,0.0274510195508528,0.0252525826523189,0.0266905382355453,0.0256964850541411,0.0363373439251995,0.0316798773413326,0.0351764905941855,0.0438417634973562,0.0494088809022913,0.0365170724736667,0.0310725353582805,0.0380545777318378,0.0341496862054369,0.0228948510421915,0.0175689482104021,0.0405899134062103,0.0553944964346451,0.0358836832479837,0.0274308375259796,0.0179932333730455,0.037341472574183,0.019211254165277,0.0412701800331929,0.0214408491758507,0.0171214866377178,0.0439719195274248,0.0438104928870704,0.0569276577731015,0.0540824528506742,0.0219619399700656,0.0317538240926034,0.0286833554273257,0.0140332135948451,0.0233577857026808,0.0314657180001133,0.03562146503452,0.0326998344505628,0.0683852112027843,0.0400401784614191,0.0337844716271703,0.0265304995675959,0.024599087797927,0.0400951942396383,0.0443323301475924,0.0157522112376496,0.0310370223152437,0.0424420163013606,0.0410356125109068,0.026869091209885,0.0137123835868636,0.0239976508794468,0.0282518296764421,0.0527841171119123,0.0214333442345114,0.0202915689742968,0.0381125859376564,0.0183993681616865,0.0611889281736765,0.0559881200813737,0.0185457673986771,0.0651557612398233,0.0228202794107916,0.0250487783463444,0.0350803879188095,0.0212087559120716,0.0209592911714359,0.0504851727455648,0.0647713920389349,0.024157495008554,0.0330783696956704,0.0193462596964184,0.0236189146367614,0.0398835013660757,0.0338885700786553,0.0171776351067133,0.0348968477909135,0.0624407471532966,0.0308762422734264,0.0327545529762342,0.0153288100312902,0.036261363761246,0.0313602631463917,0.0609584628674711,0.036244001287637,0.0259594816625047,0.0329799480078588,0.0237904649809176,0.0387517062696098,0.0388890105127813,0.0180537523362477,0.0384006709843336,0.0267806253804298,0.0171019136605851,0.0415177065574717,0.0278318898931681,0.0269141787313043,0.0432319007330864,0.0463815085544364,0.0334288234992955,0.0352605367820908,0.0257772410198768,0.0268776425946504
"FEDm_113",0.0526797551909667,0.0372721408436426,0.0174540298253567,0.0417999185105406,0.0597852880925417,0.0347431143850582,0.0511342991847038,0.0158026893861775,0.0447916632455689,0.0220614017274705,0.0321251717148851,0.0429017906613717,0.0180651770192314,0.033170971006467,0.0262538055904128,0.0452966874557242,0.0435513946635478,0.0138765415546039,0.0454719927298628,0.0186380012935547,0.0182492648014628,0.0257732829078735,0.0193767320142066,0.0168217015981755,0.0388513808023281,0.0649021365129445,0.0280144061293418,0.0383462045031157,0.0265047469316924,0.0262843097171706,0.0369107270384232,0.0272360492199489,0.0199163562896375,0.0241391591302238,0.0539459241482448,0.0457914648942571,0.0462383192085349,0.0213013824629585,0.036855049177798,0.0147130238725638,0.0312668085472168,0.0351826904963354,0.0248175557761703,0.0430144314746919,0.0277601620649583,0.046619824017989,0.0415519701095684,0.0217513207594372,0.025431825138461,0.039653751468227,0.014685052819449,0.0245536341652508,0.0129417754547638,0.023436171341104,0.0468586134274125,0.0661769780010599,0.0406826814979235,0.0382300383447996,0.0367357191199654,0.031601540532626,0.0423891515686565,0.0429999418561274,0.0154034821757037,0.0317077965052332,0.0489315502134011,0.0267157297292955,0.0355325496722085,0.015172783201455,0.0407007175857837,0.0146352582037956,0.0371047933865653,0.0300940038652109,0.0229048247818633,0.0224639218022674,0.028309267099567,0.0532256829717905,0.0534419434601672,0.0207738210766176,0.0374511381285442,0.0341422480780252,0.0162178381194085,0.0185515409715129,0.0249120552018207,0.037474693669349,0.0418672653158934,0.0511099080251556,0.0436217883834151,0.0349064010551849,0.049466879218922,0.0277710246770589,0.0418739705638117,0.0281573947502398,0.0169905982174313,0.0248119103365789,0.0334323125017606,0.0563518163061314,0.0492359831306772,0.0163385083038811,0.0308649292347639,0.0277351138908609,0.0443272645114314,0.0237444604925146,0.0144418236341263,0.0292943888490931,0.0272286458985618,0.0515768617803824,0.0564376271279659,0.0155162271273524,0.0365903426570816,0.0157626275967412,0.019906767734789,0.0450848160644103,0.0459305585152645,0.0246435915598682,0.0432949931824045,0.0600913744855478,0.0293140405527992,0.0418112736619321,0.0254613575574499,0.0237484197741471
"FEDm_114",0.0414315928378731,0.0318574064268103,0.013338561622128,0.0419866240268106,0.039174427530511,0.0416387998150975,0.0320727221296655,0.0166652809016792,0.0436659737083152,0.0215153446022727,0.0266161316456603,0.0410028661709811,0.0194081517074789,0.0347970770995965,0.0338131296344245,0.0472715633647545,0.0507574091136964,0.0152812389883237,0.0444155684637681,0.0171979148443222,0.0143725275304712,0.0447968888917378,0.0401808031590333,0.0264889571692704,0.0463610946738674,0.0524452336941485,0.0344732950808912,0.038167367823974,0.0227723007745033,0.0260337465679337,0.0353817685147859,0.0387627346008088,0.0159159886979524,0.032659520522877,0.0440644990872172,0.0422144776154507,0.0406409449238197,0.0219046170775764,0.0295397194761405,0.019651525553469,0.0424004055667038,0.0339392567939609,0.0178643747026004,0.0261390244557538,0.0177694171039337,0.0429811379607041,0.0570475850369461,0.0196203138388153,0.0429989837779713,0.0257913911568981,0.0162445308745887,0.0399208699754177,0.0568242232622566,0.0140478835481131,0.0401453198608697,0.0615150829150212,0.0445852125526521,0.0343096685993371,0.0272737660685191,0.0178457558788398,0.0397601682597818,0.0293510584351989,0.0137610974437119,0.047970489696286,0.0482413182909781,0.0373356342959634,0.0387045509505404,0.0143156980405925,0.027820977543101,0.0169287565464014,0.0393776408458851,0.0376977620717232,0.0188378180805988,0.0494513789833569,0.018681122296823,0.0599592118719779,0.0365438122391551,0.0171540471318088,0.0311556730759637,0.0263823910152014,0.0173895645145632,0.0388371434530076,0.0439896557672767,0.0285058123777419,0.0434619803426554,0.0389186567991207,0.0316580887867939,0.0398991095347211,0.0355931118829836,0.0323162694260867,0.0342994354822639,0.0309322568595502,0.0157526768880227,0.033509479716786,0.0479970878126053,0.0338111067068285,0.0411585959156769,0.0180947980440568,0.0414395387102461,0.0191637201438997,0.0565287372624036,0.0292402541293128,0.0202520247089897,0.036207545008107,0.0287001179203099,0.0326408944033458,0.0542940186602473,0.0191969732146251,0.0381015114933439,0.02429425852557,0.0250101181587854,0.027983209022308,0.0458821317752696,0.0268282803167717,0.0284916356841283,0.0502235655220038,0.0327780603582016,0.0440956390368072,0.0388446070255937,0.0242477214939393
"FEDm_115",0.0274641887370216,0.0293559291001344,0.0161040467138917,0.0434004412906976,0.0617916681287765,0.0354015525339698,0.0531528892533828,0.0127803411869319,0.0383804345360794,0.0189468250094707,0.0446431955862836,0.0377401148814564,0.02266308902205,0.037671972932053,0.018774222231125,0.0568853132233619,0.0446749052319309,0.0130378616726674,0.0233519404861164,0.0308763446523141,0.024157185082301,0.0235628930206485,0.0407888366069896,0.014961917402728,0.0331874705153542,0.0531112608602633,0.0254481466976806,0.0479849591497968,0.0279933678156362,0.0417066864388865,0.0428039499263877,0.0276502642509827,0.0188591850421351,0.0334207483545524,0.0365998754438976,0.0286140219678436,0.0356760496535826,0.0223935839907612,0.0209956619893586,0.0323228052675683,0.0449501942513149,0.0311170669013161,0.0210715030489595,0.0431879200407655,0.0316471779691294,0.0442715814947061,0.0543434910312353,0.0207672495322421,0.0327007828120339,0.0240754111578953,0.0254337903969,0.0344037687753031,0.0224688818570693,0.0318209400192815,0.0509049530039943,0.0501700624753886,0.0461907360704677,0.0340658651499747,0.0312082207073866,0.0258642574175663,0.033213672694106,0.0388316099605602,0.0152147002431136,0.0413503687708797,0.0718024205346778,0.0350422197557459,0.032926311530181,0.0181948515361612,0.0341460856733009,0.0172032711816651,0.0343495969679426,0.0420718171477358,0.027555128042202,0.0394694115176357,0.0331563585320082,0.0303118013731777,0.0303353016210577,0.0196801875955894,0.0576890346589576,0.0299765816698119,0.0174955717668885,0.0381847392159519,0.0153425860880012,0.0165722030368157,0.0424655527176958,0.0671471800439712,0.0272838382956682,0.0301239825183383,0.0339161195506234,0.0289474957595358,0.0479688390150526,0.0271832861959596,0.0136867674654173,0.0531703505679051,0.0735919172282271,0.031297531847079,0.0411691126567564,0.013496675457344,0.0294275846349863,0.0240169193054923,0.0593344441537643,0.0298943229801567,0.0338161138088974,0.0258895667688342,0.0270029688915592,0.0403830855097941,0.0565200047594854,0.0140322682376343,0.0314841948949584,0.0348884950134317,0.0145875189595941,0.0244597402268982,0.0164898512208829,0.019825790043557,0.0167301288488928,0.0806861903897045,0.0194943263196088,0.0328310620137715,0.0345696246559802,0.0320713179283749
"FEDm_116",0.0289772563996944,0.0396522755036646,0.0190545224325856,0.032142015810453,0.0703382549083516,0.0281607850142914,0.0458040938947372,0.0158842271727829,0.0313738737998266,0.0197305598473127,0.0370885207646668,0.0307685080144271,0.0202784677448366,0.0336913194529812,0.0238553066311849,0.0467244403521428,0.0456266025391426,0.0192854142881938,0.0534899826641072,0.0237067589364947,0.0358449552987125,0.0437442834752837,0.0250290748523508,0.014055159433456,0.0323375327542054,0.0535285079954222,0.0336734393980186,0.051554818936187,0.0220486635444434,0.0225503781400428,0.0351273386949513,0.0286185080980006,0.020601031363513,0.0299776988035631,0.0605624457706281,0.048999477234306,0.0290774622329421,0.0226494394695618,0.0281630806151247,0.0269362072585703,0.0388606106631796,0.0219059349219504,0.0302692088393386,0.0298179497886053,0.0312946793858508,0.0463056391978525,0.054725968841903,0.0211906661602522,0.0331888365064508,0.0250588369147124,0.0205922442126322,0.0287465710138313,0.039657072026512,0.0160389581238205,0.0314902067457674,0.0513736410849045,0.0401672164560147,0.038205082875391,0.0332584575275946,0.0371395291722751,0.031209902568728,0.0352216724115731,0.017162321473379,0.0241542009929748,0.0486336828267145,0.0410930041813001,0.031921724077271,0.0148355237726342,0.0492410529508645,0.0240112524831671,0.0466470797255545,0.0204885482451374,0.0238508285568345,0.0296329992024441,0.0328225084284663,0.053786581135554,0.052616565560063,0.0232673958194473,0.0387355422126953,0.0309847285884382,0.0155980688201941,0.0310210579916006,0.0394149830387081,0.0232995908232833,0.0198645678128818,0.0682856418010108,0.03006500714237,0.0397883651953006,0.0467777893035871,0.0155678128578226,0.031510262841484,0.0281649883657199,0.0196672903793975,0.0374102347208635,0.0492221714948165,0.047405148424169,0.0253439668198847,0.0149610266892651,0.044806883332681,0.0324855793887669,0.0255510171615701,0.0363818881121218,0.0246172950393775,0.031727495257074,0.0235626217663564,0.0450087727525054,0.0473692018451312,0.0184164576196229,0.0271260783735797,0.0319990062363067,0.0217697889340472,0.0439550063129802,0.036011734990234,0.0289757593298063,0.0429292777380157,0.0526351051287466,0.0344321471450446,0.0451998671573519,0.0300836408074103,0.0212702858356695
"FEDm_117",0.0353121400010881,0.0393897757821125,0.0163969912945067,0.0219703089064258,0.0517567832505776,0.0391996596779331,0.0389067547448717,0.0149319988436055,0.030468971085019,0.0526479355766822,0.0449937173668709,0.0225040063556011,0.022162895067795,0.0251850875815082,0.0253296823156714,0.0674274992169661,0.0466910165570981,0.0180661705474238,0.0475272668468005,0.0287678553423305,0.0175989181107216,0.0353334560945429,0.0611855094018726,0.0168699598969868,0.0231970233959661,0.0243237927327604,0.0393210910860035,0.032788895503346,0.0324396610747458,0.0273051763421667,0.0307529065381886,0.0404570475586691,0.0224399682083736,0.0326132903760351,0.0528937065411516,0.0346578302329283,0.0272371092598119,0.0216961437158889,0.0351260910195541,0.0230589495410504,0.0233082348642411,0.0229081662286744,0.0261437240946931,0.0263291159508568,0.0272011722038814,0.0542558940245063,0.0293017774930098,0.0234677439521082,0.0296212467136912,0.0260970263293503,0.0222128620118406,0.0514870536216096,0.0655727341060694,0.0274297631848383,0.0363664240594201,0.0635821277125899,0.0449971162837138,0.0280554600220925,0.029881422039467,0.0208478921116948,0.0393795364405641,0.0501499719743533,0.014140710201756,0.0356416996398606,0.0340138595772702,0.0432393112432914,0.0309793379197041,0.0168947178641232,0.0315911265081073,0.023335678743098,0.0320189146497845,0.0230885273513362,0.0138424292040212,0.0256065266954601,0.0248696389490769,0.0452577809976759,0.0399972379278727,0.0182796164196471,0.0533343364590801,0.0209131935590725,0.0223021314336099,0.0377066172858113,0.0843612995977989,0.0227735564575001,0.0309910729302512,0.054905422888878,0.0530915232942198,0.0371984927012086,0.0231011061571543,0.0169946249284125,0.0403133222939718,0.045381672346886,0.0154905013272857,0.0296122645642959,0.0413229513592855,0.0417327342785305,0.0366348144171773,0.016280323189914,0.0235199552598138,0.0198625350930479,0.0431242196557713,0.0223459606807925,0.0173724899704648,0.0372396489803547,0.0184820137379933,0.0327313888736663,0.0551265607627568,0.0176364150949903,0.0399256776728367,0.0216851157249098,0.0275484943967623,0.0418980474889596,0.0637839742355377,0.0183887802016974,0.0383686185225462,0.0584371281414655,0.0443342472997685,0.0373386905857639,0.0255414428072107,0.0285400110355433
"FEDm_118",0.0519179887480963,0.050088396124864,0.0145975639726905,0.021478895509641,0.0583029424209532,0.0268242602941362,0.0265561684200968,0.0122094603406546,0.0263430894901392,0.0207488194960579,0.0317526172200099,0.0359606490231212,0.0170995280285547,0.0307278600750549,0.0320170845616904,0.0505659564574173,0.020016220316333,0.013968899256981,0.040744773886148,0.0233884879036144,0.0269332954271763,0.0332994665151594,0.0674069515881987,0.0302813019682876,0.0147200723540259,0.063898294947659,0.0603241768288749,0.0333158846082629,0.0362537808100583,0.0282571134060424,0.0323792097655916,0.0467652475637295,0.0124601447829763,0.0246891315432258,0.033832148899772,0.0392839588766736,0.0330065714701114,0.0138929359049781,0.0426301728601708,0.028122131594736,0.0239855459014097,0.0255277952316537,0.0137867200692703,0.04357428265277,0.0348916238344391,0.0458145611640369,0.0380601572067785,0.0212154246666826,0.046941578401626,0.0178503096777434,0.0289055260095066,0.0352294224297877,0.060781019671018,0.0320974938689323,0.0272628071591458,0.0513355962592574,0.0583762051655584,0.0344239631444445,0.0347331232327249,0.0181451909912494,0.0304620266035145,0.0543504041225749,0.0131485973659548,0.0258038754312764,0.0431609459927232,0.0394291502404958,0.0211706696251292,0.0169407214845716,0.0295684031443217,0.024833842820329,0.0370969339828299,0.0184914406810306,0.0210382506349643,0.0313733823450675,0.0250278967187137,0.0733680108418124,0.0402184030025463,0.019065847169944,0.0388551356474257,0.0231128376860854,0.0215058862971804,0.0522195799889464,0.0706968139697522,0.0226126219055601,0.026659426196629,0.0522955339147567,0.0356560800064559,0.0402368464535841,0.0286164886626285,0.022983947063196,0.0386910216083311,0.0483052981134033,0.0147603076357901,0.0318861352620805,0.0478546949160625,0.0431264308308348,0.0336970830385644,0.0158147001803864,0.0317777876993717,0.0204803577017145,0.0439707544560042,0.0321310754335394,0.0219556003410735,0.0350555318648822,0.0209515767734925,0.0413115500850556,0.0309860027460809,0.0225884561402547,0.0367682698762887,0.0210885758442735,0.0236917988978374,0.0335869191446403,0.0689208921401983,0.0312727224437046,0.0317042290679075,0.0500309512714193,0.0310268994653793,0.0508642693535343,0.0288526503124524,0.0168474573554422
"FEDm_119",0.0325278570326871,0.0464862812678051,0.0126119274158019,0.0250941824283429,0.0421066014118841,0.0366452857151177,0.0240105165409991,0.0138660191614958,0.0570012022090051,0.0222421135225032,0.0251772965529014,0.0165139055761021,0.0221586199460563,0.0431562508845833,0.026884532131448,0.0482288144187666,0.0359375760313502,0.0169411167547223,0.0524192213332879,0.0209980206747273,0.0185754794387465,0.0551278217371312,0.0671267217695004,0.0202924059449708,0.0312397273185192,0.0504701130469586,0.0466145620318031,0.0434874370937175,0.0282225988732428,0.0178357917358226,0.0379312842133052,0.0365868790061797,0.0187052652745217,0.0302459347047546,0.0523306544101054,0.0393895926991106,0.0303062194613707,0.021878231450181,0.0472067173716634,0.0239502283862852,0.0388321680963917,0.0297521459011196,0.0223708677269083,0.0329913900377391,0.0431036521838698,0.0420540773189262,0.0400743464971095,0.0231504821853657,0.0357331321429237,0.0268427182786603,0.0189238787224294,0.0312048473551935,0.045752387746908,0.0188314090214382,0.0270644211474919,0.0519412496502569,0.0431235600464663,0.0337546963446428,0.0311641910557326,0.0248033715629491,0.0465367832977646,0.0402636223192498,0.0138734734841759,0.0493439889032116,0.0389788920547523,0.0320639744953891,0.0300354600024516,0.0195531570344319,0.0349040048867871,0.0147669428990185,0.0302954912112129,0.033032211937273,0.0150346140044632,0.0443371171099494,0.0523641749667626,0.0544322630392533,0.0331964345412902,0.0207120024277387,0.026894370039639,0.0227420004542009,0.0200830297838079,0.0334252776863277,0.0375616525384426,0.0289355101047717,0.0408092926289534,0.0535607347082802,0.0429453565339421,0.0318945669715551,0.0343837325032396,0.0230398674316641,0.0446021528406821,0.0472189132474871,0.0145381996568564,0.0468714082770103,0.0374571655723026,0.0437677921267964,0.0336723295129068,0.0151039837487998,0.0250553200884876,0.0297826312342361,0.0355600641842631,0.0304069368466612,0.0175231443296073,0.0285329878478407,0.0264603214081171,0.0460907821317893,0.0285789973603314,0.0166232897365879,0.0308774657479073,0.0216208715584739,0.02711161531977,0.045650027253417,0.0489439378103364,0.0290938785953299,0.0481362860176133,0.0487408081426942,0.0348473975977519,0.0408222897638064,0.0364994362088657,0.0198095658332708
"FEDm_120",0.0422432870479998,0.0521449745864854,0.0122031960369989,0.0305989421700894,0.0422561999119597,0.0383736751234856,0.0372735073809379,0.0131824926847267,0.0258966333119048,0.0163847278934054,0.0300567488653273,0.0317849911282251,0.0162285546071336,0.0325342075428469,0.0314689537853594,0.0382328414400887,0.0333154038280899,0.0187631911176774,0.0336938929813723,0.0202944900963283,0.0207718300791418,0.0390014738658685,0.0743426004767704,0.0215711893772383,0.022740426179921,0.0661437933515001,0.0433070142117566,0.0394958273419863,0.0452543813132159,0.0304405522621589,0.0297838799617761,0.0445075694775988,0.0151431970965044,0.0495434463244187,0.0395991283394957,0.0369954642125189,0.0322277799249779,0.0177148986842976,0.0383149521398738,0.0143717647785153,0.0389674485643501,0.0325697638224272,0.0168025418643539,0.045522101202648,0.0292592605375012,0.0491679110688681,0.0319691833640078,0.0193096516048514,0.0361346433730164,0.032056866118321,0.0241344555972532,0.0287281582169095,0.0557776706684703,0.0314199186338048,0.0332392123566501,0.0399021805198839,0.0444165718738944,0.0396918775323957,0.0349106159045688,0.017817886235847,0.0304903915065318,0.0573654253571064,0.0175267072993457,0.0384251988404252,0.0560699763012264,0.0328718725483237,0.0298239318894539,0.0158240338114856,0.0314740130872478,0.0153714506175643,0.0358589002480238,0.0243459881775474,0.0272081868217158,0.0318737372668895,0.02939037888293,0.0471913781772498,0.0431214839375199,0.0164967198532319,0.0590344361777739,0.0282161921862302,0.0292769990152352,0.023648136149847,0.0401207569701475,0.0248806226955657,0.0313935856769004,0.0558839853149504,0.021784062739508,0.0318768915649074,0.0339236049751833,0.0392309519099321,0.0288439582135621,0.0635335564891027,0.0135338193358668,0.0215662628549009,0.0537214051575175,0.0247155629754166,0.0307687199846735,0.0141120963748417,0.0241863060964535,0.0139207763903139,0.0488854570530651,0.0450794134005434,0.0180495912825292,0.0517462222214504,0.0400987166856808,0.0498650102476043,0.0435990557536634,0.0203870096721594,0.0349830826201153,0.0279175844624495,0.0145946470310735,0.0398490191153477,0.030118305751606,0.0205710643922511,0.0334250740169477,0.0596752950317619,0.0296065629597295,0.034177553389903,0.0285923531389647,0.0398765179005047
"FEDm_121",0.0353027478531848,0.0763450835102255,0.0130530162971963,0.0378871206109156,0.0272323277744475,0.031993753426049,0.0383209058550467,0.0151304296602924,0.0414455488411332,0.017145886250017,0.0316641946479756,0.0683084767315932,0.014522179609378,0.0541470917697143,0.0195468666985464,0.0610557616181539,0.0212727243575527,0.0183236341869509,0.0302700207097153,0.0246536635493533,0.0234341263130818,0.0325904756764993,0.0421494664044283,0.0198056702775929,0.0257251426730863,0.0464717233075258,0.0420842474540919,0.0411184516028765,0.0262760070989418,0.0227232552344339,0.0356873684633577,0.0589831661987824,0.0151535763876745,0.0267310070619421,0.0477137104899618,0.0348450363283713,0.0287444360080132,0.0161167351888677,0.0622965877061484,0.0174829763302617,0.0289783399776585,0.0434007264018244,0.0207758748010158,0.0467027662406068,0.0272728761063134,0.0511020375434198,0.0267285087086916,0.0207790652555615,0.0303442416870155,0.0284388405721105,0.0182885063663957,0.0318717323780759,0.03453572121646,0.0185723751183518,0.0302887691645095,0.0452921994392963,0.0430870255416513,0.0468687561799341,0.0346030333935358,0.0283140037441908,0.0332069629827512,0.0545105443208567,0.0120445512311248,0.0281509519638113,0.0482657441288666,0.0291551831584701,0.0284935214881083,0.0160556241224177,0.0503905698192001,0.0375187467780201,0.0365611734891413,0.0251169097765812,0.020572056838708,0.0391553118606835,0.0237201411925954,0.04522370675922,0.0237528236204817,0.017628000094301,0.0391876440869,0.026399691399975,0.0224822722581576,0.0408817862027478,0.0591518855665974,0.033884861806552,0.0183197846019256,0.063652459499929,0.0312840092397478,0.02717797010118,0.0446709479154477,0.0233841636955012,0.0321579657611741,0.0570233183347856,0.0162981108557453,0.0370086659246178,0.036419091511413,0.0313698891811512,0.0447922516783758,0.0204217530423152,0.0416892409866153,0.0237729395088154,0.0297685384828321,0.0442319242290616,0.0159873912146756,0.0433462032148768,0.0441785276416901,0.0413800647185072,0.0320960493536456,0.020970239681531,0.041213777621988,0.0282374248711677,0.0154336724645564,0.0331513147933943,0.0427963912804572,0.0231626022093806,0.0253139349008242,0.0586917340244306,0.0468223049844657,0.0287280891799649,0.0264612874687864,0.0170753008787552
"FEDm_122",0.0394391742452825,0.0480343586151067,0.0148979657595841,0.0263434981754109,0.0402365799184076,0.0506460079730579,0.0357296905905872,0.0167262957748982,0.0274003674338827,0.0233832928706885,0.0284105592760501,0.0314276285475072,0.0160906080045426,0.0639785970543549,0.0319350622585203,0.0599045031585239,0.0352735872572942,0.0153043005654438,0.0281045832548039,0.019947418705736,0.0260380621304023,0.043122536725845,0.0494578715808303,0.0339975561373687,0.0337757106450696,0.0335180143789469,0.035655411959488,0.0460964358889569,0.0281099986701697,0.0170143224432392,0.0351930742254532,0.0613022726917773,0.0148330337096906,0.0283242101376989,0.0269585139074242,0.0517460437610078,0.0247278448683015,0.0182077515924321,0.0302578628786599,0.0334460233666156,0.0241480516544945,0.0255162286252005,0.0163042041019547,0.0371259503236975,0.0257826849480602,0.0641470571079024,0.0420935875331263,0.017834785551956,0.0335121413483497,0.0147026989101096,0.0235674078211893,0.052640403845224,0.0694934441202811,0.0220989264080843,0.032047443702056,0.0441642399689746,0.0382333488615556,0.0491927785403714,0.0228502723317861,0.0195477131565653,0.0359784346696895,0.0553026870767504,0.0118177216922945,0.034803481869692,0.0349998009401117,0.0346218231800768,0.0247315430469271,0.0129359140323579,0.0259996086618967,0.0355138722008737,0.0391722037160818,0.0213732734860941,0.0178623397613169,0.0339650622348909,0.0206086268645026,0.0807994057093252,0.024781559359553,0.0164163781548487,0.047575066303337,0.0147914176308114,0.0178279342449961,0.051006104114479,0.0566018029738009,0.0271080630716873,0.0382773706650172,0.0538520349567735,0.029174426872643,0.0370805859793585,0.0303682836461926,0.03465317288362,0.0370075996129512,0.0590470811019872,0.0147474735151746,0.0382291055804049,0.0363061278986172,0.040077447877753,0.0323375689584713,0.0161236770943277,0.0328981135488473,0.0244844908023087,0.0483155709027823,0.0366803642361924,0.0179328225391453,0.0408201378586317,0.0260808252280068,0.0545442587752367,0.0335289203702923,0.0201480234018495,0.0380569573666526,0.0180647153064373,0.0251277266450595,0.0277236935829883,0.0303494387773096,0.0289936447779612,0.0412175020065621,0.0464793838570604,0.0281718988558975,0.0439122893665859,0.0380676679249505,0.024525472229555
"FEDm_123",0.0313640534675789,0.0466622487892827,0.0157818501570508,0.0312728249340585,0.0414270816824181,0.0367846863840012,0.0292680950700828,0.0150887993385987,0.0667143127428933,0.0162937428057812,0.0300716265802797,0.0320108209552689,0.0143000575775299,0.0578078255787926,0.0356519524181477,0.0537652719338226,0.0277237704405026,0.0181092654552502,0.020914332551305,0.0244186019591356,0.0225266391918199,0.0260434135801085,0.0233421265255321,0.0196384347741357,0.0331129757748058,0.0685379005119861,0.0268767739954583,0.0551453838823901,0.0550393540145049,0.0243057769274776,0.0438069509844956,0.0548893149883695,0.0147968365996124,0.0247911830983217,0.0424049580718034,0.0472526932250495,0.0397418025436843,0.0168194950771144,0.0326088396477539,0.0321742561995957,0.0415532297385556,0.0474689741088074,0.0155424740844957,0.0306972669474584,0.0255247657981307,0.0637612672555221,0.0320145953731148,0.0143807073370901,0.0365921699495194,0.0229445499129545,0.0250100629493622,0.0246205251276492,0.0510674032288953,0.0182154753600577,0.026123472469581,0.0384994996507646,0.032510260163269,0.0328790924969549,0.0351544597594759,0.036153417852541,0.0349352247000134,0.0560557113365612,0.0177524470286805,0.022201206949356,0.0445968891577667,0.0325950552287154,0.0312151638601182,0.0140568158210234,0.0372210484475618,0.0339503438876112,0.0301524482796997,0.0175898025679123,0.0160621733278115,0.0431053910499152,0.0462925059107458,0.0495367388273111,0.0423068282389555,0.0178348424230981,0.048434784306665,0.0216402809717772,0.028473511359452,0.0313307240687287,0.0436972924093482,0.0172360912806633,0.0299751541967355,0.0460997999752278,0.0290659133975761,0.048989676766316,0.0438513763075105,0.0237447579171427,0.0466043919565474,0.0492892833792411,0.0113508308960613,0.02463024794628,0.0455902286882049,0.033300571119755,0.0362383892785858,0.0141576483870988,0.0337329095162219,0.0240803685630843,0.0354186984660032,0.0289982072424849,0.0159929402170901,0.0347047668643578,0.0379559435787229,0.0553653594521059,0.0242559646030371,0.016291433976037,0.0418601784341199,0.0178548717579998,0.025474406175567,0.0430533865763821,0.0594032708797178,0.024623001631857,0.0385708335920612,0.0300549972278962,0.0341216196393226,0.035495903667247,0.0463265662062693,0.0352027800806407
"FEDm_124",0.036389189564683,0.0417260446892339,0.0124936061843287,0.0459596172167091,0.0371691371885296,0.0475794486455632,0.037923679606677,0.0147217199433511,0.0244677834797631,0.0144344882787955,0.0443195861840944,0.0297654002067422,0.0168509559039383,0.0482694181153367,0.0543365049367753,0.0590307039773432,0.0415589175356632,0.019325737849135,0.0379147730352115,0.0187843566779684,0.020571191985375,0.0364313291129304,0.0365007424389356,0.0242062135149645,0.0215308389708149,0.0419570746029057,0.0291244585725018,0.0422470763112363,0.0406191931525874,0.0237908121179059,0.0422769400546633,0.0417433418682952,0.0166701356673412,0.0372257670779751,0.0409564007250245,0.0482637442099108,0.0309202445649911,0.0189530411660668,0.0278703275020359,0.0265869606275403,0.0308029281767065,0.0286950890857827,0.0180551161613817,0.0424415654829318,0.0356052682007939,0.0616996845544072,0.028923653364232,0.0241899602006583,0.0352698673436844,0.0231445014529964,0.0241056797160964,0.0303273518313909,0.0439871309813938,0.0230239921413478,0.0257753632595416,0.0403907005129034,0.0453291142444008,0.0399768998767478,0.041008062201691,0.0257811677470675,0.0362453720487065,0.0422700617641906,0.0138882600384371,0.0367410417136949,0.0331359398192133,0.051332204144427,0.0308561866523753,0.0169132007235362,0.0330698281787616,0.0207593247456423,0.0369335207982942,0.033620245320308,0.0145229303778373,0.0501764579728418,0.0269921145065505,0.068379531842427,0.0265264734297839,0.0177773658219366,0.0307336597771891,0.0184329550497964,0.0188974463409319,0.053285414242946,0.0640491509828595,0.0250300181771779,0.0336277438655663,0.0305031700397828,0.0268042456199403,0.0379182965929281,0.0376880569190796,0.032889782492838,0.0420239449225328,0.0486724908210451,0.013710106054473,0.0304806056824934,0.0345177129869232,0.0459894106067959,0.032041700004251,0.0128635215610326,0.0713960109815346,0.0245072850855199,0.034731330409713,0.020432572850698,0.0179088359768822,0.041656802482314,0.0413031377712876,0.0527403430051589,0.0445423204162422,0.0169927191505142,0.0279410498544063,0.0192550438806761,0.0169154398818614,0.036906465458409,0.0648274138415215,0.0197353359553877,0.0284455335780326,0.0506655234861208,0.0204812484514306,0.048107451568572,0.0262302980150274,0.0139783452591432
"FEDm_125",0.0260441884943921,0.0550116458779617,0.0117307583561413,0.0485243889216449,0.0515161901488315,0.0450722904541003,0.0285061178529806,0.0124917464477186,0.0619478682466684,0.0272544913492408,0.0306938636547387,0.0238399250104182,0.0190465959145291,0.0284902744911006,0.0393126709151898,0.0574843454743664,0.0415451560926088,0.0184725894832659,0.0276461088352473,0.0218049239375229,0.0321566611651505,0.019037219416568,0.025212515081958,0.0277590741002282,0.027814197889227,0.0424191033580014,0.0258021605153065,0.0508374254536469,0.0447581685748248,0.027767334486421,0.0380930309197449,0.0520465170804478,0.0143286900708559,0.0269847241942674,0.0454735339408181,0.0405197739673076,0.032551190794882,0.0188169970707326,0.0337244665166469,0.0249664827795247,0.0392109777517805,0.0274320033180613,0.0199173438079092,0.0341900560539728,0.0342074551388729,0.037994906868321,0.0411056988789901,0.0201238248494037,0.038205648888103,0.0215272271889484,0.0271412391249868,0.024608274272423,0.0594992206570274,0.0157172897803696,0.0457969650340815,0.0495427865334223,0.0332793161361256,0.0373243414877527,0.0397262313071741,0.0259437855870461,0.0358336506969592,0.0606769151468838,0.017244689642009,0.0266552154796543,0.0455734882696859,0.049233180980739,0.0367828020341198,0.0186448547967488,0.0303043872576559,0.0304058458440632,0.0257633752461514,0.0283632368274887,0.0188280472357585,0.0465576414867286,0.0392078737552785,0.0450510927849357,0.0433257360079086,0.0182308672962787,0.0393511638034653,0.0225938558217829,0.0236459233222042,0.0211034233390803,0.0507402100011328,0.0206515864801108,0.029572737604866,0.0456567670077489,0.0418753566246973,0.0356602118137754,0.0318313431083721,0.0206345202837162,0.0278334068561985,0.0504827784056022,0.0155198125737408,0.033422440846476,0.0674403611705441,0.0246579471117643,0.0449593542509987,0.0171781012083694,0.042229888670607,0.0342657111776962,0.0588087311722454,0.0290913798751636,0.0252330232298585,0.0302909583909071,0.0344026219246044,0.0400708589993279,0.0339997699216814,0.0214109386991119,0.0268044102427998,0.0370465546375793,0.0273573599304021,0.0214269935048621,0.0351342877093244,0.0245335018056169,0.0293041203473866,0.0574326168557288,0.0284147005493057,0.0268208020817844,0.031697675176762,0.0227288926735506
"FEDm_126",0.0480503654698314,0.0438718061328369,0.0154678623499915,0.029740100846515,0.0477990976385858,0.0445744014453146,0.0271990095594549,0.0157730934272847,0.0311417144942548,0.0251654362253106,0.0313711786984402,0.0293802373694635,0.0228033958941067,0.0478751621747219,0.0361708677103345,0.0583342314744441,0.0308774828717245,0.0195343660240297,0.0303098307258592,0.0219698929826181,0.0244439738432517,0.0465803596424632,0.0493285618245953,0.0216249892356945,0.048607952481917,0.0305656798110764,0.0236578845840865,0.0421683550968874,0.0307924731196075,0.0248202368452979,0.0404203196863931,0.0682645557527221,0.0115904076126477,0.0337264517952893,0.0303893277746154,0.0386197601899035,0.0335410984522348,0.0199082926878764,0.0203255644749612,0.0310238420590374,0.0348487678132388,0.0303251074103626,0.012483028021408,0.0580843787588481,0.0209748479746123,0.0773164507535371,0.0354779808332971,0.0170013809783308,0.0354473913948688,0.0153984606593984,0.0252724232186792,0.046351699454127,0.0671378565244477,0.0202498407441094,0.033572525288058,0.0333493010807778,0.0312409175825627,0.0309671620992995,0.0203993982174695,0.0262914607068864,0.0520193704224032,0.0700488645468413,0.0141164006028842,0.0228847552919358,0.0416964746891643,0.0350628506594411,0.0441779662872341,0.0142200876433472,0.0231002015537883,0.0241092780759944,0.030521958428048,0.0369858028099951,0.0196987918353555,0.0531769928271288,0.0169123363219422,0.0731136813452281,0.0287023984008186,0.0212708689995428,0.0317518211517705,0.0158230173157526,0.0348804198906766,0.0361490406193982,0.0632042477037574,0.0203821509538741,0.0267630642828475,0.0284619653075537,0.0239133593850517,0.0360191505996811,0.0343157042870649,0.0265169777614784,0.0409587817872317,0.0680202627091717,0.0140502959340127,0.0390058661123558,0.034349470297433,0.0467503116477083,0.0316496051103308,0.0145765608080291,0.0288158987397261,0.0242409031006507,0.0272047466754569,0.0334167278732379,0.0177834962863016,0.0415901395603713,0.0242428649046814,0.0730199163381141,0.0292095874499982,0.0188006920772991,0.02761387213548,0.0168866787255579,0.0362431716286257,0.0452469585241476,0.0567289122424909,0.0203275749715871,0.0386403891832757,0.037105338880873,0.0301460716268948,0.0329401999687273,0.034387981194668,0.0160467235055618
"FEDm_127",0.037497637726113,0.0646723333206697,0.0140004505577648,0.0424212871688954,0.0312851028943982,0.0356193368381702,0.0339815261263576,0.0181659679875586,0.0480502115590522,0.0220184164704086,0.0266463381610561,0.0306237352103722,0.0144235901093066,0.0374075276161573,0.0250513253089451,0.0610258024585751,0.0368790761936296,0.0197047010288033,0.0333470653003353,0.0200114559560051,0.0298991340017246,0.0390837777758456,0.0583669333555474,0.029213095076368,0.0343169903471039,0.0338407606067636,0.0223848882195601,0.0454354074181932,0.0283309937587519,0.0262951314475679,0.0433014844581269,0.05911660496454,0.0131549083991276,0.0270826793256118,0.0348061052278061,0.0276493756452234,0.0340166029169232,0.0161807650789276,0.0422874893791856,0.0164206540683795,0.0343411151302024,0.0416516348828284,0.0202040422929009,0.0397532197379431,0.0218126035975608,0.0626452827096127,0.0408056621915343,0.01741807846204,0.0280263167675581,0.0244345117699897,0.0300533627001131,0.0349075229323357,0.055285006137085,0.0226351757783169,0.0356986343239328,0.0370251592409152,0.0322738152548507,0.0393406652387176,0.045797665390531,0.0218738559971799,0.0427085833139558,0.059015594718081,0.0136446353742537,0.0322316040047582,0.0319317612863154,0.0451442151663615,0.0338347490532667,0.0158312625982382,0.0385075000205664,0.0231786934394234,0.0282758003662967,0.0368404539057509,0.0169219163673968,0.0523507837947594,0.0170550080579476,0.0634162439804481,0.0381720216286987,0.0159549085650299,0.0325652492429698,0.0186671976246883,0.0409453311566523,0.0322599932739391,0.056923036516134,0.0248877048082218,0.033658860227812,0.0273220578652209,0.0215423055398016,0.0394933539882521,0.0422841472667427,0.0244350268480172,0.0370522425324986,0.0685903629808141,0.0137839043589696,0.0302900172215702,0.0347863699501143,0.0364864652202582,0.0377132362716489,0.0169570639729561,0.029161638654866,0.0193662566086652,0.0364197211740536,0.038408087730661,0.0132983938380291,0.0641687079121816,0.0228202969913199,0.0730620276222249,0.0432613025523627,0.0182049263296699,0.0280344800210351,0.0163666565786763,0.0284643086447606,0.0323325364376881,0.0409977937752565,0.0219290778862342,0.0298004933900295,0.0277358078925197,0.0264349699737948,0.0427344391018936,0.0426970787977701,0.0286413355774773
"FEDm_128",0.037153869892162,0.0628314492076996,0.0128021356122479,0.0367366701051481,0.0396098111835909,0.0442990531852859,0.0385436339157991,0.0158383981197218,0.0389983378855186,0.0207155116904311,0.0414454615311095,0.036307411344819,0.0170995276272704,0.0500419453107808,0.0215851509590075,0.0628232483605702,0.0390784658052837,0.0193380583774439,0.0219103273056898,0.0210625599473603,0.0254127840157943,0.0261582748815438,0.0360959192356539,0.0228740045956481,0.034153244359453,0.0276807125013338,0.0210128704919382,0.0463017414387571,0.0470644418203938,0.0350249792925438,0.0408430197731467,0.0548757394514038,0.0147300810404554,0.0269761429975693,0.0427198727161966,0.0402573530947829,0.0446935757477047,0.0192918941600618,0.0407599309183549,0.0240574240132048,0.0235909360301806,0.044547853454861,0.0173660119146019,0.0494235777044614,0.0278517302598843,0.0492729452612385,0.0437216144824488,0.0159219511848472,0.031117269979942,0.0168972542619059,0.0230408226318585,0.032674777643761,0.0430815437938055,0.0277787834391709,0.0328434836010273,0.031384285742053,0.0324084796975285,0.0375953805849813,0.0428226555733199,0.0274536088452415,0.0375903747247211,0.0655935700574162,0.013709194464902,0.0442613447199082,0.0378261243618433,0.0369296707657036,0.0396927142652855,0.015806504671797,0.0236574917055851,0.0148554787332109,0.0299880652278128,0.0434377667295741,0.0190175623220807,0.0401438032266268,0.0281202660725855,0.0645473694714228,0.0403515175834623,0.0176792914377839,0.0402796111558655,0.0200390880965196,0.0203193656779255,0.035736933564038,0.0331566141687927,0.0277259477318174,0.0345803536434311,0.0364891450291291,0.0202984011380566,0.0407170734115465,0.052745187458511,0.0247041683826454,0.0335755149906031,0.0600429446111417,0.0137369430734142,0.0238159193811512,0.0470330262231954,0.0379201157790154,0.0405294634497537,0.0146919004032287,0.031125397236435,0.0206690354654302,0.0267624860878634,0.0637044346381056,0.0206783545630992,0.0446609828360486,0.0245365822160072,0.06494949175687,0.0393924150373036,0.0174208343525488,0.0259229217669011,0.0175544154660944,0.0187504649244729,0.0331572938712641,0.0274646331252271,0.0145365611326157,0.0222736986324232,0.0406711158246717,0.0238558870079083,0.0449113576479275,0.0560093703847198,0.049646438114559
"FEDm_129",0.0428373201966998,0.0555292865642006,0.0144816387538345,0.0384220609016777,0.0335997274853395,0.0337379721097104,0.0487156813746312,0.0150550711668954,0.0551487718868804,0.0166801983618476,0.0417871022369487,0.03714309716649,0.0175995098259765,0.0473727954128688,0.0177191612778982,0.0671139144889196,0.0417121115208479,0.0182227464386104,0.0359278705243908,0.0194050285678233,0.0260509128302108,0.0253261654713132,0.0342712046862865,0.0201395644264999,0.0316351246227285,0.0292991079959133,0.0184629273626149,0.053012234392553,0.0264800394533836,0.0371116524960049,0.045001402657701,0.061620990703658,0.0126864214980842,0.0308898005763442,0.0310634314982691,0.0365773404187393,0.0452813039687726,0.0182068299568774,0.0464262366501196,0.01941397038373,0.0348626213600539,0.0586357320072668,0.0180718321556475,0.04401519239059,0.0155526614633529,0.0679783838717515,0.03798154005425,0.0170034308040546,0.0397467693140384,0.0174112806401171,0.0215721666439378,0.0312390593638922,0.0412057955971335,0.0186808398008529,0.0294536043229987,0.0275722098686574,0.0215725562233822,0.0428060381527458,0.0341101971862827,0.0333603604666989,0.0400203242405811,0.0590214755764421,0.0141753182411884,0.0309986399522414,0.0323446187932199,0.0563898437616015,0.0345972264567149,0.017276495758679,0.0326837368926204,0.0185332510951695,0.0417458824937303,0.0422626205279871,0.0163093029124822,0.0526861977160067,0.0190513292981453,0.0686776064204681,0.0388866366109608,0.0170549253935366,0.0282904618822661,0.0198921678976097,0.0313561915011099,0.0289395888649198,0.0423717450551999,0.0239809994038616,0.03216809412091,0.0332571390063891,0.0175693643779195,0.0450546674558801,0.0361242845448251,0.0282798637473342,0.0493483280869789,0.0550688937902881,0.0137310300236187,0.0274462438322585,0.0349163102968046,0.0347218902580713,0.0381002820614448,0.0159802382459639,0.0411368460710502,0.0192123407890122,0.0302118203973898,0.0479649876535579,0.0159848341329199,0.0424920029951829,0.023771211522835,0.0649636065537256,0.0323861814860959,0.0172277413592798,0.0453280536943979,0.0149613768307708,0.029169153733533,0.030293667205381,0.044488341714889,0.0215377282459307,0.0359503595095421,0.0262508701431233,0.0230246523474174,0.0513185404435516,0.0442872270093677,0.0287252395656178
"FEDm_130",0.0377765708960267,0.0569766282053489,0.0132077548132626,0.0393551989794124,0.0391520063117793,0.0512136619084024,0.0388016242908606,0.0140175146757114,0.0291346347785641,0.0246872647048554,0.0328987468484253,0.0427424073234625,0.0171987216694987,0.0444640012633831,0.0197181533621363,0.0840529980180714,0.0405820573514106,0.0189882742719458,0.0267742752382008,0.0169053979822628,0.043425112380931,0.0333900445783416,0.0333681855036094,0.0231866359853155,0.029087104234638,0.0260951325788958,0.0196108848784913,0.0437762240325055,0.0292240111082601,0.0301887718259907,0.045434336281807,0.0503196171461473,0.0149173562670738,0.0320751546834281,0.0319417445640354,0.0433031623846323,0.0393838919132723,0.0173594341099135,0.0281766765395008,0.0241314845787249,0.0350733400039433,0.0396686399608285,0.0151894372046472,0.0412909363617871,0.0222423780833,0.0787840524204642,0.0483452345035476,0.017668403037111,0.032861574422392,0.0162974844463979,0.0325507077958569,0.0351027322230013,0.0422783510389843,0.0233248261399465,0.0317501596811552,0.029754978804712,0.0281043989234809,0.0415357308128777,0.0359285037057138,0.0252052719613173,0.0389203571114883,0.0583432731562759,0.0128483443948972,0.0330764003194984,0.0382183477641175,0.0388897216896459,0.0335078453604388,0.0152098500277961,0.0230657029519586,0.0201663353508077,0.0381332779610027,0.027228965745679,0.0150894445264737,0.0469793112502178,0.01611245003386,0.0822038681524124,0.0464998846100176,0.0183564252962926,0.0355485737948872,0.0181729095961992,0.036979325232584,0.0364365399987989,0.0358566016622176,0.0193661959960014,0.0402797208056025,0.0325112958343075,0.0219713551979338,0.0408738546907137,0.0421739964648053,0.0369798250230688,0.0423223882751074,0.0544289377421309,0.0144272902556323,0.0324880718204427,0.0395379933666947,0.0438224183995555,0.0414126372967474,0.0160739476004039,0.0272734181473666,0.0271952562509934,0.0408030095048516,0.0343674883130574,0.0171992190962042,0.0370503080299838,0.0190338324673786,0.0760892308360578,0.0476563768398638,0.0182266481915856,0.043970457705392,0.0167710711269854,0.0181749613155227,0.0322151703293002,0.0392289298151868,0.027046508000792,0.0282754220830667,0.0318979618434055,0.020357528590512,0.0406251368595815,0.0377128295436915,0.034315550352506
"FEDm_131",0.0378496737505639,0.0577437611527554,0.0143347197017004,0.0362041423556984,0.0401671430483597,0.036682853844194,0.0404898488743114,0.0155739264811639,0.0641473813366954,0.0184702931302471,0.0386588827288705,0.0339243826267915,0.0209860682251493,0.0412628440878357,0.0209355532359302,0.0584541976528704,0.0311548709623272,0.0177697068767847,0.0329800837714161,0.020103824957787,0.0288011073364005,0.0259454317513864,0.0522805173094302,0.0232159089157904,0.0286053600715243,0.0362343111493765,0.0185351846822683,0.0399340571166492,0.0346708408667809,0.0338831219989411,0.0391448886433729,0.0525931086141414,0.0151922356295204,0.027098050533101,0.0318027810776253,0.0410031492217482,0.0420864820043089,0.0176539301203793,0.0396073431932665,0.0262834864870096,0.0345536687578892,0.0341166553461316,0.0186203062405671,0.0400245533138089,0.0213093133316991,0.0766047989105797,0.0448572025419599,0.0192097041349873,0.0299643582112112,0.0197988539325162,0.027467873351483,0.0345001255710388,0.0485823901281112,0.0198429721416937,0.0263709336199722,0.029700381981788,0.0238887295261985,0.0482095695066855,0.0448765568888587,0.0250355970383466,0.0473356921340357,0.0524872216385824,0.0129322138548977,0.0255540734787097,0.0421416767080474,0.043760511127303,0.0421869972110695,0.013755470914341,0.0386111070253313,0.0177795592836462,0.0405981096228247,0.0293354273169837,0.0151491100552681,0.0398502359682428,0.0271697212448775,0.0704316980338638,0.0372119626558084,0.0157996334866996,0.0500533016377146,0.0182352090473443,0.0211025420998159,0.0254699386064111,0.0564760270747293,0.020219104135109,0.0320943041710582,0.0338920328110405,0.0205395686711225,0.0400164587822828,0.0415972660826695,0.0282138251201698,0.0415651935553124,0.0564228567280158,0.0145636244488485,0.0327280503498789,0.0365716022247819,0.0394200637740088,0.0423309068997032,0.0168555879872718,0.0412393150851659,0.0385584093588995,0.0420428807017839,0.0388013020341436,0.0154999456280109,0.034016924127158,0.0226158933591513,0.0615214382422381,0.0406916736974026,0.0187469389647805,0.0236975308244544,0.0202826985863265,0.0278834347759568,0.0351027651364771,0.0402983668632753,0.0265436916681961,0.0352641882195577,0.0367235295728715,0.0241730119378804,0.0317191043126667,0.0336512267110237,0.0304678442247582
"FEDm_132",0.0361722777755741,0.0487028123653926,0.0142843301421674,0.0331885513295676,0.0505357491016944,0.0373347664451313,0.0484462795744912,0.0154300946994821,0.0262250319731485,0.0189860621190302,0.0304120340676124,0.045229843741415,0.0162133054554937,0.0373038143647667,0.0326656687867811,0.0740106391563432,0.0458891860526544,0.0162269147580166,0.0384819843451685,0.0146103265409827,0.0270533064152831,0.0282788000182243,0.0378003833758018,0.019579369483106,0.0262416540530674,0.0388750450609176,0.0287149777680801,0.0383350408648195,0.0443156334416743,0.0304561167241122,0.0441592692336447,0.0448077333310722,0.0158604415041861,0.0339528111141748,0.0419063362398685,0.0455557169830765,0.0416011943092559,0.0204169358740941,0.0333632013917769,0.0222915605630436,0.0428084214009739,0.0301219239235254,0.0182353910506364,0.0371330917799617,0.0247577893684205,0.0698682129700199,0.0495910375768542,0.015143356516839,0.0418529544475747,0.0201535185993175,0.0221783119181963,0.0231316709491726,0.0258057588408619,0.0185813272448156,0.0321253257055972,0.0349161131570065,0.0243212809823496,0.0575655608366274,0.0327839068227574,0.0350098453642991,0.0470304929063729,0.0594135979014863,0.0160823788789378,0.0329188678983246,0.0387282909384636,0.0483275878244133,0.0362523301729057,0.0154256259307831,0.0294037497408897,0.0192491128258171,0.0516910730125384,0.0284070869197975,0.0166125630355392,0.0439463539600828,0.0262640593535448,0.0953843804376259,0.0299671783846895,0.0176591269292868,0.0304350941759466,0.0203958225844733,0.0251085924555426,0.0323093987694684,0.0322529567752115,0.0182175426590377,0.0283421819938289,0.0290016216303523,0.022507889740407,0.0403724863048732,0.0357142649255938,0.0325782909337658,0.0408261618935976,0.0559911539930772,0.0145311007391819,0.0257278154754124,0.0405553984217031,0.055938770614401,0.0538365025653539,0.0139672435237532,0.035093113148778,0.0268040453122025,0.0382848551083841,0.0338227692807655,0.0167305838044965,0.0545037390659661,0.0192246717731575,0.0622549703017563,0.044433191696036,0.0187866455226793,0.0314044818278008,0.0218287580154874,0.018864400619836,0.0328221194572241,0.0347482219153996,0.017765032126109,0.0324809909338035,0.0433543330103353,0.0182975404025889,0.0356920296970498,0.0301536040660181,0.0312757556876456
"FEDm_133",0.0410411467077901,0.059702600164033,0.0124057471096676,0.032910326009573,0.0405721477480643,0.0377847681756031,0.0446083417504101,0.0141264858843072,0.0568836054141321,0.0181857182544343,0.0324695633637541,0.0352246920222821,0.0211591364856212,0.0340541520917142,0.0174498198463998,0.0657330878492528,0.0388996481546887,0.0151423277383678,0.0394768855580629,0.0230838457296473,0.021274355944161,0.024464366297531,0.0402074116960939,0.0182796426031362,0.0263057976109165,0.0362379928823996,0.01851361450402,0.0504957131135434,0.0420671066658986,0.0412399526244941,0.0407866656021175,0.0531667971812985,0.0186762224219382,0.0343200279712331,0.0611560890757906,0.0350431229395383,0.031795318694894,0.0218374533475661,0.0472453368484514,0.0290016477324866,0.0300879583065086,0.0252578858607337,0.0250480739629393,0.0277688991027647,0.022326257493716,0.0533993472191992,0.0452385605747067,0.0179891692623945,0.029303785001743,0.0318578878413936,0.0270365577905005,0.0256124767041812,0.0336536102535431,0.0221963677123507,0.023645173709485,0.0396739371155753,0.0269519572941191,0.0467449943687413,0.0416575321788328,0.0315208864312574,0.053146508740067,0.0531572801854616,0.0181350379789834,0.0234178512539438,0.0563853685565829,0.0379122351699581,0.0306158394429739,0.0159255840185477,0.0452685369286392,0.0182078719249888,0.0322085183862807,0.0372518883045482,0.0270271887209966,0.0296062630736731,0.025138164269858,0.0466911550220283,0.0379619438906001,0.0158297481497896,0.0366709722564584,0.0228299782606757,0.028221672281685,0.0352833375289823,0.038636788760183,0.026393972079635,0.0313903442141496,0.046051443407579,0.0187246565237386,0.0516195524346553,0.0275337012976483,0.0327565969366888,0.045492862976853,0.0575609084704093,0.0136682759447952,0.0365249038309028,0.0452994828040586,0.0356101055656368,0.036923755558111,0.0160765272545571,0.022711120972045,0.0171327129795676,0.0475839680370402,0.0421815323524402,0.0146289532343981,0.0474927823454744,0.0132555469414259,0.0867649588631417,0.0388618924791115,0.0159970547598998,0.0248551001210971,0.0210999924911235,0.0316181626159574,0.0238760878309393,0.0255122375398877,0.0186241128857759,0.0318841049331537,0.0370855033142269,0.0248108808442796,0.030009169506894,0.0364145880088829,0.0604427145379139
"FEDm_134",0.032014825086639,0.0663485985172348,0.017127176612154,0.032602736949568,0.0491871169416897,0.0282018175872262,0.0385931446696377,0.0150849763661198,0.0468219907667227,0.0202905190476453,0.0400439736890088,0.0244119683865639,0.0183199384950972,0.025018239980286,0.0264768283095625,0.0700421346117119,0.0355889105444221,0.0207659602707214,0.0323006101653276,0.0228094198132181,0.0185277966625433,0.029001268132736,0.0286195714279453,0.0239084230322556,0.0283947024422936,0.0413739720845075,0.0245825963021667,0.0464551372144675,0.0573897493292337,0.039695896561294,0.0483109176992594,0.0476992078845669,0.0149335604680672,0.0406057493431576,0.030574650111762,0.052717069565342,0.0462227186339269,0.0257362903908133,0.0283066593124428,0.0247897167907534,0.0387548805750337,0.0253501690057034,0.0178007572470804,0.0438081708915544,0.0214422173620764,0.0602095058205339,0.0376608899811054,0.0197936078545941,0.0351088379768002,0.0196566320498805,0.0292646581343925,0.0260167915697025,0.0438045891463886,0.0162470219497922,0.0384447694967437,0.0301700080368851,0.0294398287127292,0.0445549461835926,0.0323871415216886,0.0301880362836312,0.0463206028533898,0.0527965577249369,0.0127807516992738,0.0295078632205776,0.0409602357384794,0.0351140704783076,0.0403192171248839,0.0156706547487604,0.0434118078700009,0.0279890302867076,0.0322982862669512,0.0357472844392952,0.0154637208274149,0.0292236548040768,0.0180257508516336,0.0736936648103834,0.0269383667546148,0.0176673156711095,0.0296762643529092,0.0240872892622292,0.0259287716344394,0.0413634138211217,0.0470016709233051,0.0284547432831385,0.0359251866977124,0.0373525820285413,0.0251237014941728,0.0426478761600697,0.0378498417291138,0.0306598224424494,0.0490127562389795,0.0510978794132214,0.0155900587330931,0.0311575099515752,0.0377480628157853,0.0357098809801123,0.038278637245529,0.0198789831514688,0.067444682982313,0.0289744199094499,0.0305037117539352,0.0456918732114159,0.0204825704581443,0.0449463087829114,0.0193796010155297,0.0474102276274882,0.0369408479914185,0.0167412642086761,0.0283510548349979,0.0209609482740777,0.020603419380105,0.0274235928534641,0.0421834716288809,0.0249927199770541,0.0282169591904657,0.0290202356031458,0.0284129262646692,0.0518217872990008,0.0323806199802298,0.0286429882428624
"FEDm_135",0.0476663647419938,0.0552656482237366,0.014132951589756,0.0191476874694649,0.0510478123277369,0.0239150995744994,0.032686399332702,0.0136611490277982,0.0557843146428212,0.0185111503288106,0.0541691142556188,0.0449374768666666,0.0199579858184694,0.0418724154673397,0.0218069002599376,0.0756512205305227,0.0523983540963369,0.0143602680599503,0.0346631270532786,0.0252845709868687,0.0148141908368843,0.0415313706802308,0.0233323163276737,0.0146110492421702,0.0307902545751029,0.0392972518014705,0.0174558938858975,0.0375729608558248,0.0396424277904399,0.0240322733499966,0.0335836754581375,0.0606425324814244,0.0151919984739253,0.0240522571550348,0.0476342382080107,0.0307690372866217,0.0375009330768956,0.0170305481558027,0.0475681860640782,0.0225702508425069,0.0312194547335777,0.0284707147161392,0.0209436770276231,0.0600483736959032,0.0179976481623968,0.0634893804743167,0.0434944213103785,0.0170529977594929,0.0311818622331642,0.025610811941558,0.020593892010561,0.0297984968533557,0.0294567026691896,0.0171105897737167,0.0300188389042798,0.0326184106382613,0.0257543051194291,0.0444415071290437,0.046080576214192,0.0480736814309827,0.0334971524470476,0.0535321412763292,0.0131585639390901,0.0439269252173657,0.0432058533664364,0.0513970549383602,0.0411504770407994,0.0152743868377215,0.0302051085748697,0.0240753496068518,0.0393220360046162,0.0240009855993658,0.017760266768849,0.0431822787082422,0.0271423440660652,0.0541785532417346,0.0369358041806836,0.0176381087302876,0.0343750745205355,0.0184600338523627,0.0246830968392425,0.0330036351917816,0.0368698605269061,0.0280649695729809,0.0283096347302105,0.0249292690700367,0.026305437000497,0.048092673345108,0.0482061454079434,0.039116779397679,0.0357130619334561,0.0613573300146141,0.0153599444550339,0.0407204175573034,0.0405407648956678,0.0373784458888824,0.0406279698471985,0.0183066847957607,0.0282216505980981,0.0272507805964252,0.0413854188334869,0.0341953793875411,0.0182623278505877,0.0368327035047545,0.0168023400981543,0.0590979324892016,0.0444434043223243,0.0182851130993046,0.0389428292079435,0.0241473817209565,0.0263973703884704,0.0239840819741705,0.0383775318226012,0.0245392989210935,0.0307336239633818,0.0308421261688255,0.0298058990693869,0.0403492264097053,0.0423798568169338,0.0347191033687358
"FEDm_136",0.0385490492006996,0.0482042644503205,0.0126310081205368,0.0434598837261086,0.0376600838196902,0.0383744852786974,0.0327882957311335,0.0148968502741274,0.0293712982514848,0.025654017337566,0.0389076020770748,0.0536783514042541,0.0181036005855257,0.0341014205160521,0.0200458103166523,0.0775953712033595,0.0314184998543399,0.0180559929554206,0.0311490599896752,0.0225816225759771,0.0307333326101476,0.0277623085722013,0.0396228358154674,0.0285801717149385,0.0261065263172678,0.0344609240906638,0.0234151766217682,0.0420979894234075,0.0534122623458479,0.0265819048195937,0.0407476157704982,0.0430432138025265,0.017992261343552,0.0405343021601412,0.0466250662899828,0.0474805429180263,0.0454269515611738,0.0162965568086848,0.0444562376301275,0.0159331334596868,0.0414491840671899,0.03810246129684,0.0207011350086383,0.0326704387175623,0.0293203677682424,0.0662486476469074,0.0390563724362939,0.0157545817732686,0.029334336516266,0.0207381082142724,0.0290987899664566,0.023828535886267,0.0204212545501265,0.0196764615381212,0.0304355640988212,0.0344747034717816,0.0255476688759909,0.0425214609650235,0.037964603537817,0.0441194419197134,0.0344721111011673,0.0711532423975847,0.0125434676184271,0.0371820022020495,0.0533241006713141,0.037133525072898,0.0418951362122583,0.0169142749429105,0.0242729780657087,0.0269835208836919,0.0377504974517948,0.0305379237970012,0.0209160558657406,0.0282471467827803,0.023203669667776,0.0595050867547783,0.0482250057622108,0.0159448431836264,0.039633795792713,0.0314041788439713,0.0266154777729894,0.0242591450648841,0.0372967532351839,0.0278192821201408,0.0324802277767806,0.0356234925978092,0.0263980901924025,0.0250759961680381,0.0346894130821503,0.0384995589192183,0.0347650409159246,0.0629695395699748,0.0162976112731884,0.0434801427312364,0.0509315825192458,0.0302469344451503,0.040574862240957,0.0139982982718095,0.0247222126148281,0.020114171779255,0.0430946354813242,0.0351393121610645,0.0161614264509956,0.0490772896116973,0.018428578901944,0.0594697876021576,0.0281046356659155,0.0206623990933749,0.0273048727163766,0.0268690694879073,0.0307685179802321,0.0380701315991562,0.0286744611696463,0.0248075499180277,0.0339136335509458,0.0438320612856496,0.0289163779598515,0.0362345469083671,0.024566237915769,0.0478040781780275
"FEDm_137",0.0385444325301975,0.0526949054470022,0.0146367848744333,0.0327784155578505,0.0433857537503414,0.0431505163242946,0.0300727575015676,0.0160779433659602,0.0586687382197668,0.0164098519493982,0.0310666394523221,0.0362009985961976,0.0150474847791302,0.0665016937385891,0.0176326957352752,0.0689791115057701,0.0352882748276486,0.0157671224242273,0.0314560975072244,0.0230982126407732,0.0186941641963351,0.0282815661928029,0.0585068994336167,0.015117627673516,0.0274101811026606,0.028377843903539,0.0298296941125244,0.0375958114476793,0.0332900763098312,0.035437704899525,0.0359579461449557,0.0467703100472477,0.014982349582159,0.03544865417729,0.0392671470318636,0.0405531751434493,0.0325369475871263,0.0216990068635085,0.0465482974732651,0.014470881542854,0.0330955876226987,0.0672437098827365,0.0189848009844169,0.0611253200247668,0.0178181595505451,0.0672354152972882,0.0344163786597952,0.0193409086284879,0.0321965548168713,0.0242008295843384,0.0337160721956965,0.0212473238506716,0.0286746017992017,0.019010204519981,0.030690572685504,0.0301506849076796,0.0302216271458253,0.035433410807296,0.0291031577698769,0.0378599636726032,0.0418141315192104,0.0491337758746324,0.0151494642115973,0.0404764344653591,0.0398045649832381,0.0482283868029307,0.0411663598485614,0.0177730231694938,0.0295130336707748,0.0137476109119209,0.029534547441736,0.0398575431822751,0.0156327070991525,0.0426783417475902,0.0213888863853517,0.0685612670783115,0.0381459849183554,0.0178711741531316,0.0253199114526662,0.0199892738507705,0.0769933027742026,0.019722988224149,0.031311150064878,0.027134088869602,0.0386462119002768,0.0291919796870391,0.0234266562770017,0.0371479078193486,0.0337575203584834,0.0268817712579593,0.0485583819647373,0.0484897370333039,0.015557973561663,0.0282956518339735,0.0409643370742921,0.0361979435003774,0.054811268503104,0.0191828438228323,0.05375918169006,0.0179732317064477,0.0364498679011875,0.0493761393757061,0.0192042874184921,0.0413172462029134,0.0217119844811907,0.043948322484597,0.0271802408918552,0.0188401002984622,0.0313800892391334,0.0182875323921755,0.0337449751796066,0.0300081237021922,0.0335017404373394,0.0173930555951693,0.0239683199905265,0.0385221676582321,0.0483643517404551,0.0342146866669928,0.0328393929952579,0.0359568246577241
"FEDm_138",0.0390550524875416,0.0421619628425776,0.0141708160485086,0.0489387035519014,0.0450090840492782,0.0598393861804828,0.0440826725225369,0.0217428771881332,0.0316336091641316,0.029133292184714,0.0416310758832895,0.0243522854769126,0.0215780812822623,0.0419657241324478,0.0261409651986988,0.0559461498292879,0.0284147022542305,0.0155692683089781,0.0285281439880888,0.023055347828508,0.0268151271902692,0.0238231629472913,0.03818250357041,0.0346947305054818,0.0343659487698345,0.0432848818065454,0.0412620965472301,0.0272851502088227,0.024158362755663,0.0231788352959417,0.0382587090391166,0.0439420140323599,0.0150265701176937,0.047628214767078,0.0370960413990822,0.0422172608560919,0.0473725779937514,0.0202061509173142,0.0225944073726627,0.0260043263282811,0.0470534804541081,0.0497022397821004,0.0141314634116643,0.0362676516749996,0.0246762572744497,0.0439832658905533,0.0459150802356153,0.0183964246553906,0.0314471787171915,0.0177106291784701,0.053600176649744,0.0202419128276904,0.0445899656833278,0.0277354628392194,0.0314631908833447,0.0275779806847703,0.045280389528645,0.0288735190250501,0.022975470141126,0.0280319876391077,0.05288157454567,0.0472076844188836,0.0136981423680662,0.0331508639940534,0.0437291190799194,0.0542577244258314,0.0333826000402573,0.0144140376465919,0.0220030972371002,0.0415143565627729,0.031201698575831,0.0285573273650384,0.0195685782546021,0.0345561708799263,0.0202798911868278,0.0598725130435626,0.0400346375490612,0.0212855057366897,0.0430702513722713,0.0187064115999186,0.0378243591056965,0.0266328717519433,0.0386130692559888,0.0216923748156745,0.0301958041926238,0.0456083216508761,0.0219165859323412,0.0365042420805193,0.0348111405868276,0.0328290447446336,0.0351917006001218,0.0565682461559321,0.0167008454158079,0.0378465968869443,0.046373797328845,0.0421202350428218,0.0369885775405926,0.0183216338993079,0.0250528050680693,0.0333158743816166,0.0339244907954853,0.0319386424488531,0.0188288194029717,0.0355439669383928,0.0168786099601634,0.0550005085251822,0.035077985328919,0.0244253633009972,0.025313031122268,0.0279721578069536,0.0625414116050374,0.0334331276288405,0.0440081744207407,0.0228465624801616,0.0301429320712037,0.0290041424173368,0.0423635423363644,0.0252534801659594,0.0295196285784026,0.0275031103457074
"FEDm_139",0.0393439043715104,0.0384257711283253,0.0121483934012532,0.0274477427709371,0.0365150290979728,0.0399670680901349,0.0489120943579419,0.0144136762795639,0.0591409943617653,0.0332380138954888,0.0420576816606182,0.0418403029302451,0.0163380717080356,0.0420611837473035,0.0176637303776859,0.0521560722501967,0.0380378076689604,0.0207625172267703,0.0353973048152469,0.0193921997603238,0.0536226332677576,0.0287322186084587,0.0379032348256185,0.0183220201784415,0.0395541517958241,0.0327991054195167,0.0230475562867958,0.0372019884679662,0.0251076829392641,0.0284498483100767,0.0387605703214258,0.0505630271716998,0.0145051099971903,0.0294927752249003,0.0285317590639099,0.04460842118912,0.0327956305780844,0.0151804665281963,0.0537822485025298,0.0320156738564287,0.0322504903295761,0.0414555881034001,0.0183367645607136,0.0483315895460453,0.0185955365658629,0.0625057196558809,0.0314132155622115,0.0183091715757458,0.0226395417929838,0.0179384635264082,0.0871657902037177,0.0331330063333802,0.03521617129595,0.015568984462932,0.033246492394061,0.024508266601974,0.0283641606897641,0.0359515820056281,0.0254704886410595,0.02936329371922,0.0400705450708273,0.0573725060674924,0.0146849246477554,0.0350778317917183,0.0400236336552786,0.0454015223548209,0.0314496672020308,0.0155841894905475,0.0365324649508992,0.0180486045685646,0.0328406327137208,0.0369047694404318,0.0166548594009198,0.0534730898653098,0.0198920813651184,0.0653593708269724,0.0410735577892733,0.0202429671568339,0.0322419931054983,0.0227166656595009,0.0592637824937773,0.0273516898694698,0.035411997071761,0.024230258348578,0.0301170690000748,0.0339086795652341,0.0226338936485298,0.0333492558016309,0.0295424096020697,0.0285450874753604,0.0366712167656589,0.0509483553835448,0.0155129052754817,0.0291761720074034,0.0428174384656051,0.0584472144869651,0.0452784733449243,0.0185023999903281,0.0244582181549556,0.0202885745112911,0.0334577068004247,0.0401519860508587,0.016737405795329,0.0441532266327858,0.018082828967812,0.0534352312316849,0.0395063839735599,0.0173894646539666,0.0389022778351132,0.018372615638364,0.0531482000791811,0.0272672589622872,0.0547251367969597,0.0189027713667479,0.0328336623220681,0.0238307285806264,0.0274321853902942,0.0344439157459182,0.0310655782542991,0.0340604665355611
"FEDm_140",0.0416106348206741,0.0396459842056795,0.0145406904200915,0.032803661322467,0.0400561612583333,0.0440073717363228,0.0286303457984468,0.0167644768182819,0.0350948725878474,0.0194024172232793,0.0354104618292879,0.039759520774358,0.0143108603083511,0.0314929146798668,0.0286575959945129,0.0705901938508085,0.0343107333900152,0.020314798210696,0.0401723167526179,0.0207378952918632,0.0806363841540227,0.0244858586189386,0.0372988119298865,0.0212373441685919,0.028232417352411,0.0314252940577049,0.0292528747829149,0.0453489771787235,0.0262768688893373,0.0274912615936676,0.0271240338155942,0.0537146542061674,0.0208956055006975,0.0494366217829052,0.0407161184548643,0.0370893092906875,0.0263786407482444,0.0225683315344552,0.0444817934628403,0.0268255087768486,0.0263347288572379,0.0453411280926651,0.0210157292139886,0.039610439643538,0.0197861242332424,0.0476364788633506,0.0402202698635618,0.0219450728080639,0.0443433666167989,0.0281515061122713,0.0386254473623291,0.0239395317562064,0.0305387874164801,0.0263551375994238,0.041979149502465,0.0424041429392381,0.0302310246260973,0.0288707850974165,0.0281594811888076,0.025281050633513,0.0349595471479138,0.0536487349218321,0.0149069035868577,0.040714738296365,0.0394245539484484,0.0401215762356975,0.028084950984439,0.0186443413730237,0.0326297847200767,0.0305060015347875,0.036176040113657,0.0356243323250597,0.022995223856089,0.035448831543988,0.0196197103164524,0.0618846767958727,0.0313134376666436,0.0194476931762287,0.0170052054411214,0.0309100225744562,0.0517351080397864,0.037275376303445,0.0348488083798041,0.0239733001338735,0.0256070706094111,0.0435731143003658,0.0287219749175299,0.0400423308335824,0.0365475376092111,0.0336090723139806,0.0284396475793713,0.0553301038249528,0.0146228037260416,0.0330036187276606,0.0456100899001948,0.0524228356107929,0.0323415112443719,0.0174938738155501,0.0455261406230311,0.0193714241019739,0.0336417330925733,0.0384230822423587,0.0196930192544755,0.0477172648510214,0.0198945660253397,0.0573373867958656,0.0302577606852081,0.0227788335759288,0.0191650070476656,0.0282059438437383,0.043696052596663,0.0323835144158857,0.0517998681230044,0.0161703967156987,0.0262590721440414,0.031563919627112,0.0281967020492922,0.0459323442951649,0.0258014845004115,0.0369199989646104
"FEDm_141",0.0373383496762088,0.062468092359581,0.0163330110583284,0.0299901870263455,0.0524711752676432,0.0293664200615147,0.0351731201940565,0.0150554845753633,0.0531438060813667,0.0205630616103384,0.0378427014921405,0.0569736578098691,0.0203995517606366,0.0412601438595604,0.0184186380889847,0.046391947296544,0.0253351472151744,0.0174521201969654,0.0258223377809581,0.0372836489939774,0.0266171678332635,0.0265060943662393,0.0245949748843355,0.0224851289267801,0.0223590304155851,0.0406857556533,0.0315631069904353,0.0276846471078915,0.0422485898370324,0.05617290157958,0.0373820254807532,0.0543955342141073,0.016814601983499,0.0463875610199185,0.0527320550121272,0.0295892824149355,0.0254233202075734,0.0223132541706377,0.0428338446840301,0.0188629982103177,0.0247216274009466,0.0252914653881061,0.0253749308242874,0.0280228689776303,0.0187139981058985,0.0535627139598383,0.0359957743942266,0.0183946267772035,0.031580495239642,0.0377259573001806,0.0361999848943294,0.022023704787492,0.0495070985228714,0.036278231974054,0.0189095364543986,0.0372352940354501,0.0553904313631204,0.025049164833053,0.0364013767365754,0.0368862406327963,0.0379773160869897,0.0585407714902773,0.0154286378786051,0.0196376560802612,0.0512535148778282,0.0392972694718443,0.0394674776232927,0.0168253782582723,0.0306831893025612,0.0207396660614161,0.0301781416380971,0.0425671758159218,0.0178782810693676,0.0474570177581509,0.0169377640084737,0.0605900584453982,0.0457906390587031,0.0179694697505812,0.0459899072020906,0.0293945391166855,0.032622829398504,0.0225612500157031,0.035034185582103,0.0220752541032226,0.0386234339874474,0.0327241305864156,0.0493183387725586,0.0264487949256399,0.0285920560330092,0.027395855600579,0.0290082127931662,0.0511131245025731,0.0168395991616343,0.0325327858008751,0.0579885202877642,0.0388104289489618,0.0270967585945623,0.017064953722554,0.0331770068574854,0.0243844087129375,0.0501317990526742,0.035113880609693,0.021164657544751,0.0481788030228455,0.0176805695367597,0.0518860139679538,0.0323956716119502,0.0191970953313696,0.0331083230473938,0.0374201638538276,0.0384348031079787,0.0263392045922826,0.0416265295184642,0.0180367215429005,0.032134524682445,0.0381179156808211,0.0312059622226638,0.0275615527137697,0.0304557002920308,0.0417943086849114
"FEDm_142",0.0490282367264569,0.0490501444344896,0.0119941756117793,0.0414476890592422,0.0446280397407796,0.0458738149082115,0.0360002564614623,0.0181944265185643,0.0303559504191713,0.0202102763436208,0.0431210747603115,0.0222102497702784,0.0269902214766606,0.0438699205288112,0.0220482103145854,0.048957889025746,0.0368854727886519,0.0172771419554655,0.0286529574441763,0.0184968741258592,0.0397971105664188,0.0313368118570021,0.0341835907800466,0.0430046962739118,0.0244274830918232,0.035417520856714,0.0355276524877864,0.0317944670866916,0.0351525299440138,0.0340651146412679,0.0322301416541557,0.0499272197497504,0.0175089695827775,0.0377566640664532,0.0426129638420252,0.0382048837886408,0.0272267712379993,0.0229533565583731,0.0323976705658966,0.0172197736678491,0.0400468070933495,0.0324724949703978,0.0235897166261815,0.0586639540916654,0.0172230642686391,0.0658564775057829,0.0461392125729697,0.0188093115474354,0.0367016852854719,0.0230763386114669,0.0334830670948711,0.0321894836746295,0.0264720787846018,0.0225329851904857,0.0370482567886585,0.0363455082782027,0.0314183058969552,0.02956574142888,0.0344692733237495,0.0358578222516849,0.033346435513823,0.0540513926315764,0.0145922279879319,0.045453912366176,0.0456485470555364,0.037959007478156,0.0452841659435005,0.0165657458943984,0.0312203350935332,0.0211165983943821,0.0311503443409006,0.0397405617397455,0.0186954056988443,0.0467266502798353,0.0166957509497312,0.0567627758881599,0.0250612645506393,0.0174795638305645,0.0209548106637997,0.0268392417282051,0.040582067631691,0.0315382380440987,0.0377272195709737,0.0309838720903675,0.0331440018332579,0.0363552357559654,0.0406597959563511,0.0318479995156813,0.034323990243648,0.0374928413285262,0.0485484287441015,0.0455670931813726,0.0167613024815619,0.0553179232081417,0.0334908357559302,0.0419620476336205,0.0307304942551552,0.0151596006039329,0.0329135897508011,0.0188619393420641,0.0403228035933905,0.0320349191430104,0.0146091082867069,0.0339159552751911,0.0310412918065398,0.07858004054402,0.038949479692788,0.0205334186290165,0.0371737523291,0.0220668871171017,0.0258329237024717,0.0277135262579672,0.0320213540077306,0.0307516772142814,0.0213462715215047,0.0323068141673451,0.0504392955990716,0.0278721202923645,0.0379772636328997,0.0251978422308168
"FEDm_143",0.0351776875388767,0.0549181194822578,0.0128607253040464,0.0324709860420842,0.0454889873769623,0.0295814446567559,0.0330413128957462,0.0155690100589711,0.0745927776157073,0.0213267360776143,0.0373924053461036,0.0378462188586773,0.0192244514082282,0.0506992735939715,0.0192421662427887,0.0669222166749578,0.0318239615875876,0.0160675008300392,0.0303486414378558,0.0300809071016143,0.0339823037505865,0.028293684957456,0.0249216710625224,0.0230847276926738,0.037484907014538,0.0421053577730462,0.0287880181976875,0.0300665075535359,0.0283404075290946,0.0282568843380129,0.0375083624767311,0.0556557842390875,0.0147531622735299,0.0382903353434833,0.0357334100131816,0.0323319146203407,0.0300733788438577,0.0204264345589209,0.0336969041923507,0.0229465029874637,0.0417932731782517,0.0543814823150921,0.0164567072368545,0.0656900534555107,0.0146167463082863,0.0623497298474539,0.0190611442419139,0.018509264109156,0.0277843874234541,0.0232058371364302,0.0314078947320605,0.026064702593809,0.0366538706900129,0.0285274431638277,0.0288882681792689,0.0300828927992141,0.0613244287490059,0.0284147937553976,0.0314536791377964,0.0319172113982566,0.0295235526251266,0.0409783893667725,0.0149764234461108,0.038312197641611,0.0444596605270895,0.0465818136606932,0.0371648837284881,0.0184037771650792,0.0231542643927379,0.0191604476153701,0.052149778235829,0.0596233944020121,0.0155725381309428,0.041480415407423,0.0288261446103225,0.0470053160830735,0.0324940401075819,0.0189100472816342,0.0186166697929438,0.0195110167869298,0.0773950099727247,0.0252457362740011,0.0277239077901008,0.0226553070256598,0.0310989973036694,0.0303295329980755,0.043824276370695,0.0279850961383627,0.0343697225594959,0.0324676425594436,0.0349844047481897,0.0477339333304374,0.016749447165038,0.0364664840869283,0.0411895551704929,0.0408668380651537,0.033281707379706,0.015111817050413,0.0294190279190526,0.0255809286478294,0.041348749162778,0.0343677508027108,0.0173627597952727,0.034779032931584,0.0130924146161347,0.0642120170361921,0.0352750238227187,0.0196423132827672,0.0401900044409422,0.0221709630397637,0.0950455478931237,0.0306783161548957,0.0435740200481581,0.019712181165008,0.0284435019148007,0.0261739164190026,0.037156743137419,0.0237565347933992,0.0284807418870264,0.0231533240930617
"FEDm_144",0.0391899932502098,0.0439693201942281,0.0150581144463398,0.0453809232573577,0.0387605962555251,0.0346775788665789,0.0384785134604513,0.0151855322999154,0.0270494019848117,0.026165761355344,0.0340125252026877,0.0515321189564751,0.0144247286632024,0.0493713324422251,0.0294273748407413,0.0673068306740342,0.0383631798833321,0.0185045034764334,0.0251664059316495,0.0220272489741759,0.0533295290490796,0.0240394520985837,0.0394863896119102,0.0220054204361459,0.0362229350415136,0.0335485979152724,0.038963438150828,0.0251635447713302,0.0302446775930052,0.0229440309166124,0.0377901276797891,0.0364687265798909,0.0184850740751668,0.0424759698063602,0.0446455924876883,0.0502346167107901,0.0349558768937214,0.0168590084383722,0.0319665851816871,0.0203052541523608,0.0526727310722484,0.0432387539097916,0.0167694619438859,0.0388323199953888,0.0213019699688243,0.0569908166101335,0.0504720914890218,0.0207436859597309,0.0296015571026596,0.0212015188520963,0.0389078094615611,0.0243006825428828,0.0287057055728488,0.0161150144257228,0.0405713829311777,0.0383644767025115,0.0300878957219788,0.0333714904415381,0.0364105393460913,0.0271532639440792,0.0423595314054533,0.0561597204606233,0.0155152696377356,0.0430568775909214,0.0428801125873351,0.0392815795218332,0.0314994591033118,0.0128241452515299,0.0209314137830708,0.0151612997520406,0.0513661531837985,0.0318523087974954,0.0139204871879169,0.0373116975525824,0.027342803197382,0.0732292409472218,0.0469261966591516,0.0179402498927596,0.0329686250184247,0.0232401183817724,0.0379949414356966,0.0242644174328421,0.0195556831279178,0.02058967164005,0.0460083224720026,0.0485580482313032,0.0181603863771219,0.0327558880353192,0.0343281522299305,0.0420171991054557,0.0466341721617443,0.0487771660145734,0.0155826602419971,0.0265708309699903,0.0419489640533245,0.0285303532022748,0.0474100301511539,0.0147204109491064,0.0215469698895425,0.0282302766915838,0.046683248429818,0.0528176608087416,0.0212943322374423,0.0512118801523165,0.0237863139375759,0.0723196700154014,0.0362523874816913,0.0166168106601734,0.0270632177616308,0.0259953033325735,0.0272728814314181,0.0492109080287225,0.0272208034997429,0.0175524804532779,0.0269374642862623,0.0322093085029382,0.0269109973894953,0.0317694464863933,0.0346961023039623,0.0322269484751314
"FEDm_145",0.0390396121768298,0.0466246558639148,0.0149209551993329,0.0544526883012028,0.0377867875286903,0.0482956841067277,0.0353904066279325,0.0176650678342854,0.0383388457606618,0.0173860637094912,0.042811958792457,0.0536911890998173,0.0160391000129676,0.0564596120907665,0.023869675929969,0.0463232742528586,0.0292316882902868,0.0167043497286761,0.0271139068834674,0.0231890744737676,0.0332256648527079,0.0284391553457019,0.0263765287347031,0.0232816266855417,0.0449658726359209,0.0414294107765491,0.0283454034965341,0.0365961442044772,0.0198836546915845,0.0321219419121765,0.0399643576570553,0.065572011256198,0.0170250563155633,0.0377852677517376,0.0375157549276661,0.0410655755988648,0.0492967981711436,0.022700608905797,0.039046801990984,0.0206160577257533,0.0462347493542051,0.0589144743996263,0.0148962473110146,0.041524495387019,0.020885696390683,0.0577763728367858,0.0399264845413886,0.0183078435965177,0.0228028736968016,0.0235943018289804,0.0364190964716816,0.0274173149609415,0.0276801283866728,0.0197001320435349,0.030240236570632,0.0370089965514743,0.02494975029262,0.0319068053790645,0.0232927759674768,0.0259329337321166,0.0486401671516709,0.0439326949409267,0.0161087404402911,0.0338032837157531,0.0371666046293848,0.0427240173362238,0.0240719180727409,0.0167297071934093,0.0413888107631288,0.0218075289010959,0.0284254288950912,0.0454352119415443,0.0146240138376689,0.0469377873617625,0.036024565460233,0.0664120838892046,0.0329498580249358,0.0194035986586698,0.0283203848785157,0.0189145079922122,0.0467222707842233,0.0458961016350903,0.032741675934648,0.0264333979324171,0.0222109319136663,0.0421107279165146,0.0409032543161414,0.0294617998033883,0.0296972231988399,0.0200017024806074,0.0429665421986437,0.0425235719745923,0.0150975984937829,0.0412413838847689,0.045350126835119,0.0409723609314879,0.0385916354997769,0.0175768451585529,0.0281245268034634,0.0181635206917613,0.0430488820612662,0.0449981356798603,0.0196043758364185,0.0488647292799524,0.0406215975540705,0.0575080552099492,0.0289728300583971,0.0181403008983443,0.0242314368556649,0.0185507586686158,0.0485418584184568,0.0209610465922305,0.0365662638517106,0.0188159431260186,0.044357688545414,0.0368999139076973,0.0344492356483019,0.0243045944776218,0.0239230267313764,0.0360312141266834
"FEDm_146",0.0347621176680478,0.0456029225131278,0.0132187890339397,0.0283488551198757,0.0476069657248111,0.0456787058627106,0.0414733455535793,0.0154878310223344,0.0257449885609847,0.0184579159264343,0.0338113617288181,0.0442485171782298,0.0190421521308269,0.0514315250915568,0.0279561981962275,0.0654503993020284,0.03376952507868,0.0144461313117079,0.0214109007541106,0.0193979664862368,0.0486332895324555,0.0377320561018641,0.0372243186424582,0.0315778915313899,0.0361972779332184,0.0335014657762455,0.0242209851400745,0.0306643913367227,0.0376732786523511,0.0352279311089518,0.0436207216156032,0.0587654288267582,0.0152082916398403,0.0272752277333346,0.0371544067671189,0.0399563073729745,0.0317946522829922,0.0209579993992076,0.0212257653098858,0.0346009235822855,0.0379812621667283,0.0344107877738034,0.0143970377199508,0.0342756948896654,0.0301533167663087,0.0546810020671614,0.0656772441901324,0.0238246612193787,0.0309664868617646,0.0156034330728139,0.0552097947233648,0.0258304896941509,0.0303105079977301,0.0395382526490908,0.0350879564459619,0.0239037667340119,0.032622203902875,0.0248644038552186,0.0302899208180737,0.0298120519218144,0.0385065229353221,0.0587733064765218,0.014699997282376,0.0233384285658484,0.056385992897074,0.0397202191173614,0.0380698224492562,0.0157605622902089,0.0180994752569886,0.014424767524326,0.0529860114166087,0.0337912287614205,0.0142390821117998,0.029288980572609,0.0272466957103051,0.0548218862899499,0.0486235253446696,0.0186708174671645,0.0408247874011111,0.0208850500345193,0.0347435037731883,0.0184737758532729,0.0444318279486413,0.0207271300470429,0.0287568121875388,0.0482717812258491,0.0255995024623519,0.0362683595205346,0.0334471668351497,0.0501229802409897,0.0344793452236874,0.0422964849104776,0.0135124358538598,0.0273588405841861,0.0361569559438913,0.0446516797302562,0.0337098092797125,0.015851885452504,0.0251911997211175,0.0303575178992697,0.0308927240533504,0.0524647691063894,0.0201536570671068,0.0412830257263709,0.0292364032011977,0.0573093229625255,0.0482154360801213,0.0218110535283523,0.025251127297801,0.0174539876957672,0.0513309350139264,0.0391652740937495,0.025894602557643,0.0184591692219024,0.04016699718503,0.0380310583591293,0.0361406671189059,0.0417800673295525,0.032691259079884,0.0287023087223323
"FEDm_147",0.0404868299161349,0.0348127956178792,0.0139890080191374,0.040560819160379,0.0445752149586208,0.0290465814460165,0.020959039033268,0.012730497088095,0.0478601567284384,0.0250259014184063,0.0256224770822174,0.0629482597847954,0.0157537149306599,0.03548019179135,0.0314451450506648,0.0575434203844122,0.0419619381228552,0.0201279405811403,0.0371657383059656,0.0241762139343763,0.0364362583207083,0.0344342119564823,0.0291012760607854,0.0222591440356853,0.0313613828696557,0.0287643801981252,0.034440427800376,0.0479926705958035,0.0519769709702247,0.020961393837341,0.0425727739377915,0.0479701080418953,0.0199817560657923,0.0345743037802835,0.0396431461193638,0.0451886400369433,0.0276645378255869,0.0214209688804122,0.0487949452634354,0.0253011611863481,0.0244099011692765,0.039218952117398,0.0200763296873083,0.0413527446766966,0.0267831681006085,0.0486942590841257,0.0276541249250556,0.0185989981055265,0.0408475931326699,0.0299510940016782,0.0325747347393792,0.0199827207107873,0.027047333256165,0.0233262593043742,0.0399075543301674,0.0415137851924558,0.047362292254316,0.0299156962614227,0.0381398750081284,0.0295302428046079,0.0350716234794516,0.0449176694241932,0.0150208158500624,0.0344123348793405,0.0481481471965845,0.0401990350109794,0.0382893447751992,0.0153172567017575,0.0396565047702739,0.0135946547564031,0.0448424454394965,0.053704796021503,0.0116729272741737,0.0443466924256616,0.0344762604201399,0.0665960803533546,0.0303349327640235,0.0165431729411348,0.0169050833160966,0.0271715136526854,0.0729657799645635,0.0242834403540238,0.022151083899672,0.0286230271178812,0.0322753860291401,0.0315343083256093,0.0251899734226679,0.0259135492624316,0.0370605377373514,0.0287816224341442,0.0346672561852395,0.0469114653541972,0.0151726228365851,0.0435387364071425,0.0431758306863332,0.0516789877108631,0.0276286647627822,0.0194816765474781,0.0263330109540963,0.0173567336622981,0.0477569494778685,0.0208469279623015,0.0205868245484995,0.033536458820005,0.02550194162037,0.054106217893603,0.0296555650812314,0.0200530732996861,0.0247312554218927,0.0222962283651088,0.0788269052162925,0.0277048953717677,0.0279525540595007,0.0358999184998287,0.0338957381281317,0.046021940143959,0.0234539587566381,0.0270475883894716,0.0470199659478703,0.0271601078889577
"FEDm_148",0.0430906432394171,0.0475543080862772,0.01546894285281,0.0380521103880581,0.0485776114229674,0.0411642422806982,0.0372972989426531,0.0155052194748408,0.0319665740710261,0.0162556409784383,0.0232222673053561,0.0575046583762545,0.0164022528298924,0.0446845550123446,0.0263972733288256,0.050232343974199,0.0315924492748839,0.016542821405026,0.029694461029056,0.0261938638015352,0.0713162789943947,0.0276830546174921,0.0317098936115001,0.0184741065899382,0.0342699462963527,0.0303497234427679,0.0280033898624438,0.037169602998737,0.0275261576937268,0.0360983078180872,0.0419061560305678,0.0406304066105905,0.013185542299349,0.0200083954024386,0.0432898130235218,0.0355897784091519,0.0521231190002965,0.0172479275698105,0.0331334721862763,0.0161140453593568,0.0379852427056324,0.0585809383629959,0.0178275171817252,0.0360610169348898,0.0269145464388877,0.0351374211738312,0.0374483339497439,0.0171037135725704,0.0332418585174782,0.0220440901835865,0.0583688305498077,0.0270361162650523,0.0245042914658792,0.018004290350644,0.0372434391374018,0.0391340144240283,0.0287574284609609,0.046469826446742,0.0413083777729265,0.0436000502138563,0.0407535489776241,0.0556391864435886,0.0148431475219273,0.0340198970824023,0.0402337624503323,0.0431213501710479,0.0316600893917412,0.0149677644123898,0.0252892486041481,0.0452554097635905,0.0295237026568444,0.0530687691770789,0.0215007142791304,0.0367086059808046,0.0240241968966187,0.0536610086224,0.0308670878221727,0.0158198435382994,0.0264754966132951,0.0218107214376961,0.0468956115895676,0.054380592749835,0.0333844491383209,0.0196912667227997,0.0229710485931513,0.0337480471134182,0.0267155028365852,0.0356817476771569,0.0308799175106339,0.0364082642253989,0.0463109069434487,0.0458917078198664,0.0150456956091001,0.0252516375407233,0.0418112818251304,0.0523709404136319,0.0400584100851773,0.0193312306343602,0.0226910359147001,0.0236105678961649,0.032609364551176,0.0722675869971023,0.0160718029392567,0.0485705416950696,0.0279601250884038,0.0595593574402273,0.0366075834369503,0.0202990278580354,0.0190946460988945,0.0267711512664935,0.0570399910797751,0.0298699877698866,0.0304166011055991,0.0176875049218263,0.0278550731849647,0.0335006788489186,0.0434168072069771,0.0206287498847588,0.020620407530811,0.0267795964125701
"FEDm_149",0.0359584247531372,0.0742461212744674,0.0129125358095998,0.0321211194955572,0.0437751312768701,0.0368533729874398,0.0288802361576178,0.0155792764931589,0.0267557031954985,0.0367603842138906,0.0306893870944471,0.0493518934240111,0.0162384627850353,0.0363388240419149,0.0148713348789852,0.0649147385371987,0.0306898849412116,0.0146215726130554,0.0240895012065325,0.0315165493158231,0.0727997153449513,0.0287622645799334,0.0322431993202386,0.0284928266828723,0.0365960048328707,0.0360596358375311,0.0242429049245622,0.0274977230071792,0.0291028676253428,0.0270384033490662,0.0365512206889237,0.0653783100839462,0.0172687051834153,0.0356533527593404,0.0318623572870192,0.0399964909106609,0.0299554010672129,0.0161112847950834,0.026599921910366,0.028129489048375,0.0297785777106711,0.0444273752678288,0.0149231317216575,0.0362348559041693,0.0152437306550544,0.0622878317035595,0.0338117078100413,0.0173611158346427,0.0230198450286643,0.0229175422136096,0.0829865315040542,0.0416577294485479,0.0350861396537575,0.0271349222841938,0.0313947567916929,0.0380807195824419,0.0416126306442505,0.0260990776263776,0.0237387193011219,0.0246965255793203,0.0381956609052793,0.0600372835405063,0.016618737647308,0.0292830153823771,0.0429948480878195,0.0362311143695111,0.0329073876772742,0.017973145461733,0.0300710894039666,0.0181827688905819,0.0400908142286629,0.042774515715514,0.0198272586665737,0.0489736922104498,0.0170825452507145,0.0515895544502987,0.0260478262673477,0.019563964043506,0.0289640247951333,0.0259177024616802,0.044691590469999,0.0268031264446864,0.0541088874810633,0.0245753463234632,0.0383431677406242,0.040978867923542,0.0452239602393353,0.0257090333013174,0.0235499399528828,0.0326891306668486,0.026992564348708,0.0601985870059724,0.0213220526715171,0.0296081917068748,0.0426536369434606,0.0430449496376581,0.0280480665986888,0.017947438049662,0.0180308790715619,0.0328343432324092,0.0364935992504269,0.0584387257668767,0.016774752255884,0.0691207408741021,0.0155663673821878,0.0532707470604389,0.0269167381334045,0.017954488057765,0.0340447126085759,0.0238593017255223,0.0433137514648625,0.018232914046378,0.0348937633301806,0.020733442637814,0.0416820892012822,0.0397714986699597,0.0429311862176741,0.0176987932772702,0.026985269209017,0.040636409563865
"FEDm_150",0.0445403144573177,0.0482880182645772,0.0127519251171863,0.0280093658391642,0.0430108703368524,0.0364668407260213,0.0378925625895079,0.0201560951865609,0.0236652959039875,0.0207008355872761,0.0518517392773545,0.0549888132427243,0.0186256806922362,0.0534772071955483,0.0227435816923382,0.0502973630212147,0.0321378048691627,0.0168959320850468,0.0247686995688568,0.0219116919050058,0.0686077694723982,0.0313195075700923,0.0305207782852473,0.0222300929067848,0.0295075044042758,0.0312886911278516,0.0410103912182791,0.0266865303847069,0.0245122409173831,0.0311358561550412,0.0308188478376862,0.0517560429529019,0.016576096334836,0.0348900310584168,0.0420870541835076,0.03593654012126,0.0323739663468138,0.0255971947491126,0.034067189473946,0.0206345401669727,0.0407771864136953,0.04279586450168,0.0138105193181252,0.0383392888322444,0.0164734704645662,0.0568716239179515,0.0273686220519918,0.0207917079836174,0.0305291798235495,0.0247010485078513,0.079308834817916,0.039377054587959,0.0390552948223978,0.0191498716279229,0.0360905853008992,0.030949357328395,0.0416538418773981,0.0257465280641316,0.0237589980397847,0.0277136184924692,0.0385915989713694,0.0645051297890138,0.0167658583980982,0.028191940730158,0.0417949867559647,0.0416784423315509,0.0359874386184302,0.0162113117366553,0.0233482710108915,0.023410295047442,0.039836415376671,0.0307953539079074,0.0155130261186699,0.0415331717146989,0.0140215280816032,0.0631109442504352,0.0262380757677677,0.0170076831909782,0.0212014547859256,0.0222202842522127,0.0653104358122667,0.052475154428944,0.0424329710992699,0.0242218506206112,0.0285203953655245,0.0387191224997912,0.0260946386631718,0.0294039242274073,0.0267530872141414,0.0441052092324281,0.0363773967091533,0.0488743040615298,0.0144631769653032,0.049289039297817,0.0330233577123944,0.0374439830403366,0.0186822793162608,0.0145724849483812,0.0264179691941438,0.0151715049326817,0.03629275535009,0.0252959480366517,0.0146506238090166,0.0498930035738369,0.0247042123030751,0.0677040279136408,0.0504189231192657,0.0199789167072273,0.0303901617153412,0.0258691608004105,0.0524133338177756,0.035041249260751,0.0322987078263427,0.0330403820065132,0.0450173245906421,0.0284423012437264,0.0230973815969175,0.037489998491688,0.0398927407546588,0.0337533509044272
"FEDm_151",0.0464802448032399,0.0383413922107954,0.0151923969612022,0.0436211513653102,0.0390633668954104,0.0380804806145207,0.04059585982442,0.0147934488091945,0.0572283844952635,0.0270610420264285,0.05064311588335,0.0530851702966546,0.0152789796529623,0.0345482546923607,0.0199522776248814,0.0474623005572311,0.0303025823990181,0.0191306503754602,0.0249467167351,0.02873057201306,0.0860239534284313,0.032729911687724,0.0303353100083641,0.0175355640107302,0.0255756140438136,0.0220787743937692,0.0295059705451378,0.0230032074733851,0.0229361896383684,0.0257371165344124,0.0375385263294367,0.0541492720643452,0.0149094483086286,0.0337882907792108,0.0380363254707037,0.0364101515745874,0.0316961160019538,0.0157420682210309,0.0368109783266581,0.0169028157263377,0.0510242740235911,0.0416260086541573,0.0149907074443478,0.0525473525766666,0.0166343159005261,0.0564055714462922,0.026264839752499,0.0181763175241703,0.0197575221334021,0.0232093232592879,0.102703137759139,0.0235522781067099,0.0334800410202315,0.0216291701307301,0.0341416439094334,0.0328256068681175,0.023942983520572,0.029446651833755,0.0273292858033225,0.0343289755301561,0.0392610884050243,0.0409022187393913,0.0147763348072021,0.0428725736787884,0.0385581532149152,0.0365698019037606,0.0293165945166863,0.0160003914313535,0.0299685562249649,0.0221002785590224,0.039632414740134,0.0331741808686857,0.0148376619980205,0.0574517281853654,0.0211327746243947,0.0619688760685346,0.0305451868205419,0.019298434096903,0.0258814139525051,0.0232367395041678,0.11098124380884,0.0247003514806111,0.0237185254560422,0.0159845222759153,0.0438342840230627,0.0268698679747138,0.0202570730741654,0.0337352120392098,0.0363974229971944,0.0260360945298835,0.0436209176128221,0.0506449434891255,0.0142964949795182,0.0302378088394602,0.0390518569942977,0.0479796413248794,0.0296577658242841,0.0160673536928648,0.0279794799556067,0.036975999144277,0.0456455718887024,0.028405092320961,0.0163707972355381,0.0382230393988454,0.0175874914490441,0.0659679689366347,0.0217029206681035,0.0213918732806009,0.0214182356039935,0.0202773070804289,0.0953192012211671,0.0376012987408469,0.0342414963525999,0.0182021142613017,0.0422776568950018,0.0262649102756499,0.0219868213903989,0.0321425987517212,0.0350695425536995,0.0233917998376246
"FEDm_152",0.0325119970359934,0.0451159481067054,0.0144446694587237,0.0345274583714833,0.0404524187304814,0.0447340719421278,0.0255099109682587,0.015685672189037,0.0343872890680993,0.0249106596128426,0.0281971042468927,0.0489283699101478,0.0138495723540252,0.0430022838002074,0.0124040229031238,0.0465346597155858,0.0197069969963501,0.018661721381053,0.0214917395838955,0.0314572043545382,0.148712928718596,0.0287190986019858,0.0415707778347021,0.021975190001801,0.033646310106023,0.0286123220522674,0.0295581839281353,0.0246910485765721,0.0214610223128331,0.0245393471375123,0.0311845072846349,0.0479719923671158,0.0172931615622772,0.0294121941590877,0.0474308820857885,0.0441122989667439,0.0398069680954265,0.0225825919218478,0.0269035226871802,0.028776081255288,0.0341355526747765,0.0355411574449492,0.0186175459638973,0.0339793125894564,0.0252088226753538,0.0471308698740437,0.0455788873821602,0.0170832667698821,0.0208323484388821,0.0284948102396297,0.0697904033471429,0.0250164194187249,0.027476542610737,0.013554035306333,0.036726654738228,0.0368355157308984,0.0316479377347749,0.0400055098785632,0.0400305755684281,0.0368396312277482,0.0298053495613268,0.0602446587298889,0.0137359899174631,0.0363775885548484,0.0437767838423589,0.033183959653054,0.0336920073013802,0.0122344534811032,0.0288363870736566,0.0201957128496724,0.0435094216858097,0.045439273522482,0.0170182526529583,0.0412136724123842,0.0208904560925765,0.0567715197412742,0.0426353026081882,0.0174940785341546,0.0289209973431888,0.0234708599764089,0.0558195353935565,0.0361564501904228,0.0281733909133044,0.0199926834326749,0.0316550140224449,0.040089353453477,0.0252186545851617,0.0370040076019515,0.0435452543930761,0.0328989304797522,0.0307043670539203,0.0507073309010833,0.0157066710048381,0.0332250591098925,0.05156539520731,0.0353461926170512,0.0428779784433079,0.0162095882894115,0.0243755804704176,0.0296776550714587,0.0447468141841459,0.0218241327134061,0.0221286934012955,0.059013334429925,0.0153281263721241,0.0675931468202805,0.0465744528927552,0.0163445708668126,0.0204203939979855,0.0276801400793259,0.0489297656432203,0.0292677283341664,0.0180598979657553,0.0294189800252285,0.0303505525373889,0.0239845504853855,0.0205471429734223,0.0359005877322648,0.0413017552470983,0.0501894151293225
"FEDm_153",0.0375139725698703,0.0422044978234106,0.0145337334181485,0.0325366869959484,0.0365632903716508,0.0549902155179404,0.0321984460452957,0.017076931618318,0.0406632448609832,0.0324734803677617,0.0393769578685837,0.0321967388597486,0.0166665678731988,0.0371138448227717,0.0256399222258724,0.0452924577736196,0.0322340804777222,0.023636224174209,0.0262457690444564,0.0248180413314252,0.087952272345957,0.0298005751776324,0.0276425647020495,0.0270451366824603,0.0305742139041508,0.0296099931992594,0.0276464724078401,0.0412750829570981,0.0264713157162118,0.0280072688664054,0.035815933679368,0.0439205848025886,0.0163936496611558,0.0307744670618971,0.0337128970189318,0.041353149760265,0.0312636013825788,0.0185717328683333,0.0348632519044821,0.0312524051853225,0.0448091677997643,0.0343413742233337,0.0181832007164715,0.043845953874937,0.0184937964091855,0.0512354149114489,0.0358660558598653,0.0198233321903406,0.0259956716998255,0.0231746369630586,0.0866982289887997,0.0419588842700296,0.0297260289300473,0.0196402433326323,0.0418444943855291,0.0326138804849668,0.0233216509952319,0.0363429517647717,0.0307262036281824,0.0234371552466551,0.0455373004552335,0.04118758774478,0.0149092372635489,0.0314087452088703,0.0405242921492224,0.0434030878563831,0.0358282397515962,0.0164343285518905,0.036846388815342,0.0171735803187718,0.0270644778017933,0.0347999241517427,0.0162692765436127,0.0431295145917045,0.0201090525155041,0.057254148051458,0.0419870274297551,0.018880607239856,0.0280090614331541,0.020351518239759,0.0842616008119265,0.030722324907965,0.0351207736877393,0.0211330087539715,0.0376327983483332,0.025689482478292,0.0237939831696016,0.0347257932410497,0.0311939562637046,0.0446188822234385,0.0406472360836216,0.0401690646425633,0.0146456956186348,0.0468607893544736,0.0493219604496067,0.0378720174317604,0.029630545861892,0.0152392835496881,0.0355895227133236,0.0193571323022561,0.0338009280446608,0.0422091669456028,0.0215715362059881,0.042524764747824,0.0281264074239711,0.037708814459426,0.0369897541996962,0.0177850858688863,0.0276493966693264,0.0235299348069183,0.102178197014943,0.0229041010198646,0.0261294761685578,0.0287962938141825,0.0247822792321862,0.032230590021377,0.0269165519731991,0.0303405774628934,0.0339160634119076,0.0305768325007684
"FEDm_154",0.0438582953788358,0.0428932896569975,0.0144499106805939,0.0327033014696434,0.0618166514880856,0.0401886965704811,0.0411253771580016,0.015924282648722,0.0320854694442345,0.025235673185917,0.0520009706741682,0.0288347801710799,0.019843213608479,0.0302900462705684,0.0199456789673619,0.0442616417340588,0.034616703346117,0.015908361336319,0.0296138519683985,0.0275476547030652,0.0580881893413566,0.0392034969264696,0.0421479663073103,0.0212997839032932,0.0348767383111362,0.0355836083865309,0.0291382559193268,0.0274861803732915,0.0238942861369887,0.035137643933168,0.0436081795859991,0.047179159172011,0.0188012606939753,0.0282340505562713,0.0427402341704346,0.0470216792299009,0.0317779057581283,0.0210826314059804,0.0257167269772307,0.0197289826464013,0.042141325667117,0.0339606524401508,0.0173124630916543,0.0489007362638884,0.0319565908514426,0.0491442873029541,0.0358942702737159,0.0206997572650149,0.0214095097257606,0.0273595040880302,0.0518821143600921,0.0327914526014324,0.044022631524794,0.0128619990308089,0.0325365668652173,0.0429421724818117,0.0305079664615534,0.0407675977843469,0.0283963746193542,0.0286212171045274,0.0324691152453525,0.0313632707509851,0.0119525219416915,0.0385178080527794,0.0527383581081342,0.0391882996262522,0.0330550277346339,0.0156911992482094,0.0255490853816685,0.0326576416064323,0.0341748495349077,0.0504939322083581,0.0240813140141774,0.0452527622101366,0.017665031058787,0.0401338611269866,0.0406829961316936,0.0178921081909839,0.0266541769709157,0.0306683350316302,0.0733448801462892,0.0296997319271485,0.0376771809799407,0.0208444619055223,0.0453842454697521,0.0413583518882835,0.0198562698402547,0.0340512493390396,0.0255010990544373,0.0314008352746163,0.0355167652408754,0.0472489753393421,0.0128607960005174,0.0376853870465236,0.0489057548486561,0.0325237582664331,0.0360408005613524,0.0161512148331924,0.028839510461979,0.0316110314762358,0.0453684207717405,0.0452607573294781,0.0172199884072956,0.0497185865596896,0.0186909592592928,0.0541871387334036,0.030381000543461,0.0207068212855003,0.020276720317944,0.0297633810759475,0.0549553963050074,0.03667299094642,0.0338404901047966,0.0183416634260657,0.0314208153762171,0.0356341887906284,0.032125258402828,0.0302320969029196,0.0322888442565165,0.0355304871297404
"FEDm_155",0.0251852266714918,0.0423829138451679,0.0151034377457562,0.0331839236188767,0.0399579192858919,0.0464700295819136,0.0261236678237425,0.0177874535652674,0.0419856392643255,0.0331851068970273,0.0267181434492891,0.0402936434141971,0.0165473117545415,0.0478380549385291,0.0179365162173683,0.0570798164020892,0.0273202435199396,0.017101432992163,0.0309905866290667,0.0264091599584507,0.08530337746248,0.037337850441654,0.0333007817031702,0.0228340793628207,0.0374561812965433,0.0368934774610725,0.0272422562282324,0.0363728959352126,0.0338383270740187,0.0198205454597006,0.0385623739678636,0.0575834564479363,0.016939273694277,0.0315358981590963,0.043532333808973,0.0323175227344041,0.0302090461116136,0.0162621560755116,0.0321756888523317,0.0155747561572829,0.0378970060647754,0.058591456205544,0.0229014885849804,0.060089442523961,0.019398132614369,0.0488692002706557,0.0195568839530704,0.0174918222964648,0.0322605420725778,0.0322150155458087,0.0800059940604562,0.0192957148376753,0.036155013135525,0.016627701980223,0.0260819300267415,0.03216845933006,0.0373408147072163,0.0291432610482368,0.0289828166238999,0.0302347981084685,0.055335365619792,0.045837033711659,0.01605795589579,0.0326859429995862,0.0486033402094133,0.0340269325468406,0.0257421097682997,0.0149742160154242,0.027127813070241,0.0261483919105914,0.0394303560148183,0.03411394028937,0.0198035974749749,0.0392844045885879,0.0222193160912264,0.0592985451730067,0.0262492775602043,0.0185453285592607,0.0299294328849675,0.02306890971942,0.100150684429178,0.0272384435655498,0.0460181386048026,0.0180798271849826,0.0295802203919763,0.034086026650481,0.026885730046779,0.028812557181275,0.0307479984827189,0.0199181633587823,0.0348756977588125,0.0435916262114159,0.016049406968795,0.0295650397930602,0.0373126350690746,0.0393985919985712,0.0292255004047903,0.0225960398270219,0.0272501503579569,0.0368133971147234,0.0411681037446235,0.0283926092646388,0.0168054287517469,0.0617399922720247,0.0167880367389909,0.0606184244254944,0.0356843191509991,0.0213296344422576,0.0249675824924385,0.0246293727883462,0.0860355794275061,0.0266167704333514,0.0424121768383567,0.0192607815136605,0.048800972021863,0.029656442335871,0.0291860656928617,0.0249918920061213,0.0191165853549259,0.0251211447996997
"FEDm_156",0.036894316944701,0.0564387493196361,0.0132109847038497,0.0362580083582526,0.0369213248165489,0.0334686310792535,0.0228175399720435,0.0145720302445799,0.0200313221258861,0.0325548152812872,0.0309597147600762,0.0447682475216592,0.0154301760716952,0.0457855545743269,0.0296911778015793,0.0504049999831625,0.020607646297064,0.0150990488534829,0.018065960312097,0.0236637974735773,0.153878941648331,0.0293818134952496,0.034621007715565,0.0205445005019263,0.0343287006479419,0.0354919367424544,0.0273361179552644,0.0253155708091009,0.0190340625727752,0.0224233014166322,0.0331128526755593,0.0477529266275246,0.0201593944283459,0.0284174753860451,0.0327430647112847,0.051730357691251,0.0310083361888463,0.0251286942106846,0.016997441202472,0.0259775281724218,0.0335645766572865,0.037530473536338,0.0131961351164581,0.0356027240387741,0.0163937040819373,0.0410987944744705,0.0361546242040997,0.01898328619598,0.0349827863715935,0.0212565651445955,0.125748761431116,0.0262764852894522,0.0473362461885512,0.0168789107099167,0.0369347393934015,0.0369539936153287,0.039248318851316,0.0203813277969755,0.0153308130236002,0.0331186625843728,0.0331800933576614,0.0455170131184888,0.011833803066255,0.0368589413565327,0.0396352274476939,0.0652901968017514,0.0350686964767335,0.0191129509812481,0.033026757453885,0.0201913908360709,0.0370568680970448,0.0489163657666837,0.0152394821497989,0.0465507702059421,0.0191683971231234,0.0580966178847062,0.0165031990831634,0.0184689359616481,0.0246662907756508,0.0260231057932962,0.0701991527175649,0.0349384613658468,0.0529801944495802,0.0162926551338892,0.0296336456426984,0.0294356775666569,0.0274230374611199,0.0338577404703467,0.0271540758525377,0.0276802556023811,0.036676742689137,0.0462436825149332,0.0139038585425164,0.0394942660775728,0.0461401658355863,0.0809256311121269,0.0336457572445539,0.0174031062952238,0.0324720398336675,0.0193013750703687,0.0349040772755076,0.0328002355348453,0.0216972489260272,0.032130695849725,0.0182540972905737,0.0459427514305017,0.0316428318043014,0.0239723959904248,0.0156236413517837,0.03238765715972,0.0557861038553682,0.0314776633320799,0.0585517261722154,0.023656175677034,0.0231538734182741,0.0282005870305207,0.0286954404865176,0.0412270421865389,0.0253526266519532,0.0283365033604011
"FEDm_157",0.0433149530120165,0.0346816386924543,0.0126495877017853,0.019853841645194,0.0363958056426946,0.0511477335683379,0.029515236394394,0.018245698418356,0.0519305812434227,0.0288373981105854,0.0387307007183286,0.0343416223384789,0.0166754654425046,0.0453595876943213,0.0158799233644038,0.044817038250285,0.02334631085827,0.0194917816562376,0.0260276204533607,0.0209686822061843,0.099464213175014,0.0292936497982994,0.0507766816821684,0.0206987383637475,0.0336985578072174,0.030658534390777,0.0367625162995066,0.0371059314532227,0.0242263016530034,0.025103667965428,0.0436375855055551,0.0376790523287993,0.0126514787254152,0.0252357751243559,0.0515927982809099,0.0398165790788536,0.0345865615623378,0.0166443308343996,0.0472953265890255,0.0382614111697776,0.0344810136672398,0.0451789867192408,0.020578156026107,0.0352514161759591,0.0163882310741289,0.0384761169103073,0.019709416782169,0.0178534268197318,0.0157319619007685,0.0290208310472815,0.0761214438043412,0.0274423944788937,0.039018134391444,0.0250644172214269,0.0389840362167445,0.033098905771663,0.0429808004326842,0.0295466266202628,0.0329305966316103,0.0347421881085663,0.0448191708241225,0.0406461483815089,0.0131572991257224,0.0297876569215303,0.0336637871028499,0.0512767295804916,0.0295830566996015,0.0173246773572708,0.0263067452245679,0.034700844011176,0.0362014854459301,0.0253238700896315,0.0174768352378824,0.0431058146604666,0.0156495390129993,0.0662003530665449,0.0457521463580524,0.017648562531481,0.0525038745192372,0.021561419271522,0.0654069243716984,0.031221494251649,0.0316403997096886,0.0231066483012943,0.0351350470398235,0.0332279850227998,0.0198735365347342,0.0373820200544352,0.0314642232690784,0.0288517060222094,0.0275958146007074,0.0351953830939663,0.0154792472390859,0.0410923637334551,0.038877135200729,0.0375802321358864,0.0295128246368419,0.0198895659583998,0.0374763302672175,0.0170934837906645,0.0400147970770563,0.0486205964855941,0.0170505539533485,0.0591039986522358,0.0168236466097962,0.0586857232549192,0.032307799184194,0.0169309648569994,0.037781262232113,0.0231977758107498,0.0806005843848132,0.0282326055092457,0.0316196094015213,0.0142895432858903,0.0432399065384649,0.0267821267894467,0.025351116925693,0.0324195343381869,0.0406131684784728,0.0265423055743051
"FEDm_158",0.0301278479104648,0.0536763362440114,0.012829846830117,0.0550484120004644,0.0282758563605238,0.0434981334141218,0.0274555491903993,0.017662427703591,0.0183302415783286,0.0227926003308307,0.0297012639662504,0.0489794066997548,0.0116068821067871,0.0672205475500919,0.0169289448565247,0.0594615823825077,0.0336211558655058,0.0185754457361012,0.0172366753135069,0.0286992420021916,0.112651638204649,0.0245448461777785,0.0198834576799953,0.0222272723827302,0.0447038661673115,0.0259381168312374,0.0258587531247456,0.0241454590706991,0.0302184950235513,0.0280996972952272,0.0389759286371488,0.0389971641638514,0.0154691719480827,0.027171104199891,0.0339519381581485,0.0508030214443071,0.0357492608690848,0.0185173121027657,0.023074618037915,0.0270041117245396,0.0580068128353741,0.0262240423185198,0.0153547872449221,0.0522545969588275,0.0157312767663221,0.0601992485898674,0.0292330840108117,0.0207374855843655,0.0231241796314243,0.0223624747341555,0.0877760906116855,0.0232220819900604,0.0268088104219838,0.0166471765295871,0.0461361197566252,0.0345512973135035,0.0458630159733807,0.027591385459066,0.0264795043544917,0.0319828976292913,0.034656188141115,0.0634359150071253,0.0142663716309758,0.0244107219668031,0.0581631462486193,0.0348745562108145,0.0234028052193598,0.013250895051531,0.0278910999848436,0.0263200531459983,0.0348841281751434,0.0525667431765003,0.0215908360188673,0.0467794422922875,0.0169488222838178,0.0510527984673624,0.0234324372539367,0.0179431303425407,0.0245687438680386,0.0335702748987168,0.0999142960052808,0.0213799812041375,0.0274030584595796,0.0212484082781438,0.0407067889951708,0.0377338673741626,0.0276347144246677,0.0213745055917445,0.030216595401668,0.0283786748810477,0.0296372449719468,0.0439825934195525,0.0145824653877378,0.0375600061352046,0.0505083497918735,0.0400923990207582,0.0241095934792934,0.0167062942063839,0.0320942247677008,0.0314395201573845,0.0310904284697338,0.0315295200795775,0.0180758578516743,0.0531634466845059,0.0184287274520727,0.0652606311238467,0.0483498877184695,0.0239626974591261,0.0291260586617724,0.0240669282779444,0.0584658086980987,0.0410684475494842,0.0285384660724334,0.0183691027722089,0.0432545571822098,0.033427172887387,0.0288926473989649,0.0242867225288188,0.0315381896390974,0.0283920101547377
"FEDm_159",0.0246149921126214,0.0531598544943246,0.0133704156633649,0.0543155342730628,0.045452520944385,0.0426671095126348,0.0286847745203537,0.0157297677374348,0.0445444486598148,0.0141699737666837,0.0500671430934151,0.0345906048797834,0.0148396391194082,0.0499038091387561,0.0162562092424083,0.0443961315501005,0.0382023426339922,0.0189829451133203,0.0277582251267024,0.0314941443916618,0.0636529168149634,0.0279636468868362,0.0256084046007963,0.0207529518534423,0.0371343337984287,0.0398259268623906,0.0278019448204128,0.0374922682435332,0.0240610890065411,0.0325059311384266,0.0382056139897581,0.0528545362780098,0.01341776659557,0.0347606053996399,0.0390109427292818,0.0423827257865827,0.0335606988285028,0.0173811264470028,0.0316333420727938,0.0185275513157563,0.0421278675692232,0.0490888891164427,0.0176653771015339,0.0561449300283169,0.017420752288094,0.0454891152746395,0.038675349708605,0.0187533618213138,0.0260382675372495,0.0324311794826909,0.0549267514852395,0.0345597378546487,0.0333587125582787,0.0190246102485792,0.0315623828258408,0.0393515156943587,0.0295983031965521,0.0406025901654735,0.0254155749169009,0.0260298216831208,0.0313606777314293,0.0461188255166838,0.0131837805814637,0.0532198481966291,0.0361467218605045,0.039703376923658,0.0311723577637555,0.0167664500561197,0.0240114741761713,0.0244295698921458,0.054663316925232,0.0628674738854756,0.0143702277632514,0.0788806525261995,0.0135877990353146,0.062814536417625,0.0303696405347613,0.0188283162839945,0.0199504844427031,0.0289951897449845,0.0660173012783872,0.0207613774265094,0.0295526944081965,0.0178209362480194,0.0410566365462157,0.0302771800765795,0.0220265614612679,0.0240242739973073,0.0263039614624617,0.0207183568369532,0.0333933555325052,0.0472864174743352,0.0121844671478173,0.0328367198191293,0.0390314502456559,0.0395292495596323,0.0298368019643843,0.0205891424800772,0.0246487187515392,0.016861917801162,0.0502337671988395,0.0568290191577052,0.0254927062806793,0.0567225535235784,0.0154812369114543,0.0466417346995069,0.0357617822522607,0.0177429360643312,0.0261323018396461,0.0242057379462049,0.0667143936611012,0.0281917731586478,0.0261615834860746,0.0204630796583847,0.0506032022568823,0.0304157510567721,0.0296322779330795,0.0321555053567376,0.0297901962806926,0.0344302205011833
"FEDm_160",0.0350536880278252,0.0441381884292364,0.0133687822375771,0.0300170046416988,0.0318930352292251,0.0534815761261276,0.0242848252061407,0.0150856850153842,0.0232658546987664,0.0340337898883644,0.0398392000732292,0.0630823524268862,0.0156476257298679,0.0527327362795853,0.013488875260973,0.050824331764173,0.0395413795065291,0.0176120310433947,0.0333516129503392,0.0277068340260023,0.0821311932817582,0.0249760661512537,0.0352133552629739,0.0185682116679926,0.0292350509290612,0.0330390629679639,0.0321934824911303,0.0300638360006619,0.0220310678516583,0.0340992648342203,0.0337800766341036,0.0434361246046138,0.0182368755336932,0.0332626709331405,0.0334983909514111,0.0549315707837052,0.0332892592300471,0.0232544194146595,0.0235451226002833,0.0304102787300287,0.0509960571910544,0.0634913257476882,0.0175193215444698,0.0438134237250562,0.0157802409640429,0.0526200648865885,0.0348068624796859,0.0199342154075097,0.0218844690576753,0.0250559736140053,0.0777089536212114,0.0241668321178746,0.0304349707514072,0.0163169954583938,0.0375246022372983,0.0339502119844971,0.030437102310997,0.0293405276836296,0.0217555544497137,0.0248175053515152,0.0373088238970424,0.078289824712712,0.0122377586497105,0.0239802162785644,0.0358262452237629,0.0409725358277999,0.0281675425436686,0.0146649729421138,0.0215443764572404,0.0272465653889333,0.0355636007741971,0.134092682686457,0.0156793705626577,0.0449792454225556,0.0158349945878667,0.0650840465358717,0.0261277492454137,0.0187748641608097,0.0310612627098066,0.0246262074811661,0.0218719678807388,0.0258194111351691,0.0144088729661806,0.0250754000777237,0.0347870244889126,0.0466518170968836,0.0273421374535727,0.0212192915322963,0.0224428887113704,0.028318302568802,0.0396320215951378,0.0500442811668738,0.013577276407038,0.0286752021352565,0.0398487700326895,0.0458250870096195,0.0376520008293578,0.0177391369830655,0.0243454554166123,0.0162702953814349,0.0422545995129522,0.0675782404477263,0.0201954934948908,0.0306745373305479,0.0152416360935008,0.0541429734860979,0.0296569011506992,0.0186085059727303,0.0301206249670606,0.0235992118965091,0.0533330243719632,0.0323035668633651,0.0328118209917018,0.0176193814749204,0.0418138167367824,0.0333365465006237,0.0334468865124472,0.0416178748696114,0.0264343031375938,0.0416005272311905
"FEDm_161",0.0224106051202155,0.0478381397031371,0.014051809199633,0.0400078442928607,0.0503865732478282,0.0428295661459812,0.0379702861564138,0.0175427937471762,0.0250731188344351,0.0162184067351263,0.0350301460659238,0.0362780459865454,0.0201203490073591,0.0550321627617859,0.0210818261981303,0.0429528924075733,0.036010471622538,0.0194209833243087,0.0306560664086406,0.0244548654030337,0.085956260903308,0.0257198617958668,0.0263760114973609,0.0274920487702183,0.0527465336128873,0.0253890235893338,0.0402494373072392,0.0279078014907605,0.0246284003985935,0.0281676682657859,0.0430869636532773,0.0402203951847031,0.0150118622430898,0.0373074538655343,0.04910509151337,0.0491594048027992,0.0316703972773429,0.0188305558895313,0.0323940301286805,0.027805919746133,0.0569978409048203,0.0347832560112986,0.0221253818402812,0.0398526297465742,0.0158678014148441,0.051956905376985,0.0287840313434317,0.0208740011302279,0.0240855246536285,0.0277012887615897,0.0379532802868885,0.0351822749101084,0.0260208371716095,0.0174442893838052,0.051678502227379,0.031463700143256,0.0348920279222273,0.0371243936492611,0.0228165474664495,0.0378034113508731,0.0472263124546833,0.039692606000179,0.0123188139912001,0.033884591132824,0.0381380190299875,0.0549020392279174,0.042884326993304,0.016735624845468,0.0302788237650427,0.0137254770337645,0.0439290388785285,0.0434201365426392,0.0188704260029012,0.0378907553779678,0.0188510537211248,0.0481530941456532,0.0432244635979257,0.0172565376658898,0.0260194644053484,0.0264883109104226,0.0526426882025336,0.0272990475519233,0.0225928112455247,0.0406504488371343,0.0376747049362243,0.032212988155386,0.0271567129989765,0.0372395939372375,0.0319694211032534,0.0366716673090347,0.031980820755837,0.0482277446760182,0.0127868504240874,0.0269821626792061,0.0431417346754343,0.0460569790175514,0.0349149839856657,0.0169047980637487,0.033753944547809,0.0168073716711921,0.0469957601177602,0.0549710977747775,0.0164120650828144,0.0472428903087267,0.0151376314258589,0.0705136794518296,0.0334277595862919,0.0159942871419353,0.0215478760103996,0.0230818097478225,0.0649839559968071,0.0336597710903269,0.020453530152932,0.0263055632567809,0.0446631637576537,0.0311067273861745,0.030238509701871,0.0407272861096761,0.0225154749651394,0.0284637704378719
"FEDm_162",0.0467753286548127,0.0341039593991561,0.0141452558384543,0.030964781745679,0.0366099612174205,0.0451544990743237,0.0307257263986153,0.0181721413722199,0.0231361098345614,0.0186100437936346,0.0469103005577221,0.0517789961217719,0.012414888446515,0.0711266260377115,0.0145771944323188,0.0591620487099163,0.03348930879965,0.0165750843089747,0.0267761825521413,0.0220202568082497,0.0829217961574369,0.0240693587339168,0.0312104776385506,0.0243034967938451,0.0501381116800959,0.0284057073927213,0.0314984950471819,0.0208913805321817,0.0253980950989457,0.0279343868212752,0.0579418553063918,0.0421966517025451,0.0184168818814612,0.0356977740842071,0.0432772705320929,0.0442677294287677,0.0273159169910192,0.0258431695256019,0.0329666346552978,0.0299123145869364,0.0475557830150749,0.0305504978060904,0.0170965967643681,0.0270131832467773,0.0214299381250789,0.039208260779342,0.0305688303498552,0.021376233415359,0.0336907444551369,0.027979767860091,0.0593472142838661,0.0243850800145196,0.0585818374977093,0.0167077948226827,0.0409391700183573,0.0320296535965989,0.0294970308494127,0.0366056249466122,0.0275607728672503,0.0200397865914962,0.0454140169549751,0.0423883047431571,0.01580856785202,0.027977441397209,0.0466073290890267,0.0500995505961554,0.0241716850185097,0.0157003766103944,0.0311753425505459,0.0153329428736034,0.033725784034215,0.0377748539721471,0.0173050653315439,0.033526551808822,0.0145367741066356,0.0479101913606201,0.0320544174580014,0.0178148964822677,0.0205698591619705,0.0285314639362469,0.0896997463852987,0.0465565593222471,0.0344866312517757,0.0304625489224602,0.0258541230622756,0.0448529911310034,0.0348868388774835,0.0341433577211631,0.0221322459821561,0.0384995420060697,0.0299299898465137,0.0443995817708178,0.0181151491001813,0.0495079512541124,0.0452730259969224,0.0417536604367462,0.0341746336393883,0.0198157360891986,0.0396401476809049,0.0150783462340524,0.0286455370704157,0.0328517372360205,0.0126054313466157,0.0276022158628452,0.021423509337187,0.0398802262086104,0.030991217996497,0.0238695039468544,0.0205371185821418,0.0325396160001127,0.0716421616384113,0.0403032408755244,0.0316153755219608,0.0265942487405232,0.0257696458351468,0.0551221824249244,0.0311410566956462,0.0435185741507913,0.0278204387140558,0.0378387397668774
"FEDm_163",0.0406682953428328,0.0529229212914227,0.0140946998824501,0.0343404375394152,0.0492299825157145,0.0383125436229228,0.0217961413720521,0.0150884750719551,0.0359851675351063,0.0167440261560351,0.0541631388039007,0.0310565711137769,0.0250429652231404,0.0395185696077028,0.0175999436364501,0.04400534895849,0.0307772083018828,0.0167999402554847,0.0316265827855746,0.0306518469973813,0.0683218114452169,0.0331009216478951,0.0432974060703702,0.0301417946810421,0.0347792270036542,0.0329644387923271,0.0271813957290235,0.032859036903609,0.0278734008890401,0.0290557608241305,0.0377164879029425,0.0509056165819189,0.0168489702114409,0.0331202837021567,0.0477903697465791,0.0330346188323738,0.0285766762854134,0.0187027684595833,0.0375274486984942,0.0200608641164049,0.0424113774553122,0.039477228937899,0.0210070524573171,0.0461023767015398,0.0152035182838108,0.058851848619432,0.0236267626199066,0.0142542757331372,0.0201848331655173,0.03714781872986,0.0571718778743474,0.0253910264137814,0.0369006840043603,0.0283442633127501,0.0404207156479665,0.0340918746026823,0.0342085828130929,0.0362228059176706,0.0240712397708481,0.0406257324014604,0.0317385333024522,0.0429696231738726,0.0149726514294115,0.0363498767539919,0.0545524688414923,0.0433455744796914,0.0248501211006467,0.0180606313071323,0.0380965859016959,0.015884037446495,0.0448126345761831,0.0353623737545136,0.0179268423823548,0.0393811268564438,0.0241340323915866,0.0387878073005576,0.0290674915193773,0.0163655807235698,0.0274532607754247,0.0347131666262547,0.059458175727993,0.0359518296949305,0.0264210967853341,0.0341674787241009,0.0394515939898014,0.0435585367206462,0.038136304384018,0.0352403426575555,0.031544956984728,0.0272452636877447,0.0250141268253388,0.0474509097822323,0.0123933349216278,0.0447385862707929,0.0418653139108734,0.0446696644894551,0.028619493920307,0.0170872455773765,0.0176670294285537,0.0162104128393854,0.0476648665064808,0.0423858417164324,0.0183870433350264,0.0510340914342931,0.0182738599667118,0.0615476874118746,0.0320513994106783,0.0204737153787946,0.0267767042281238,0.026230957767596,0.0648071386446083,0.0306434810317077,0.0273533529315603,0.0296912830005407,0.0460234292420554,0.0373750055521378,0.0376485290895237,0.033858105032222,0.0241064919494601,0.0279508984042295
"FEDm_164",0.0372429188181374,0.041661478932968,0.0119527674446729,0.0401462159445486,0.0537217728940751,0.0507676669797776,0.0304537271065417,0.0167324551698421,0.021882941612665,0.0187359414535712,0.0650059408253388,0.0279549459790018,0.0180228377960752,0.0300295240705161,0.0217469075954291,0.0417344997140885,0.0285926695517046,0.0159034485172355,0.0313894657266375,0.0335791327757847,0.0586558776528611,0.0369102147525302,0.0243272388259077,0.0260854008397786,0.0319179776243583,0.0390741178613402,0.0391379358521966,0.0450877668398585,0.0276833166294411,0.0338628942131164,0.03380052205119,0.0468179580645563,0.0172140855788363,0.0463594626508564,0.0387963909084756,0.0484795382543386,0.0297638389146631,0.0213038522804702,0.021853378975055,0.0201806431601214,0.0392845329336756,0.0191677403977625,0.0128864616960287,0.0436145587027515,0.0186152073453529,0.0455600710596732,0.0396092087488746,0.0179884236679733,0.0284179938897248,0.0225063793144388,0.0567667988825298,0.0292637620462031,0.0448197666095805,0.0235527298640802,0.05949078347349,0.0365616191166429,0.066334916804237,0.0293434330799145,0.0196438764344481,0.0220020650940549,0.0379879484517729,0.0432268316759675,0.0142422860713124,0.0298007611107644,0.0367800884542173,0.0508595956474556,0.0292658660863656,0.0197771765277453,0.0215572771817947,0.0396820876279835,0.0294376366551856,0.0305688744061918,0.0136368846144193,0.0386467671379066,0.0179283653100908,0.0562905175153406,0.0278480358062057,0.0152350081192711,0.0293205131600404,0.0226494724092924,0.0721065668249093,0.0462674693776723,0.0374674768533481,0.0374831300595603,0.0355041950689883,0.0391927375692337,0.0449427481192459,0.0274929387715522,0.0232773229005398,0.0315234204856268,0.0394988301414287,0.0413479950940451,0.01514379540503,0.0331437476757493,0.0494096401634626,0.0558008860278223,0.0308976677536653,0.016421606068676,0.0366837993087676,0.0356750716321033,0.0455020207414803,0.0286794930619708,0.0189414603132457,0.0395336347685246,0.0224667116204706,0.0507503636351618,0.0215923173723958,0.016329701107095,0.0231383291016582,0.0256963632851485,0.0484478146704023,0.0363181596854816,0.0300039986920605,0.0286892060319152,0.0493485227844089,0.0348098104912797,0.0356802109785466,0.0296900212843727,0.0280091077849701,0.0323497133186611
"FEDm_165",0.0258154081121086,0.0445087209997539,0.0136825638119257,0.0508021458324788,0.0473107125248089,0.0382184291154691,0.0281951178716532,0.0147151394542961,0.0431155613654559,0.0171675166573513,0.0526501547073481,0.0268124545098758,0.024500513182889,0.0597798071581315,0.0225522953466414,0.0552566999744084,0.0304480429030663,0.0175035714691533,0.0256097300993693,0.0354649057686048,0.0370612368423842,0.0310595522266102,0.0284791213858133,0.0265190856773805,0.0345869505534756,0.0406423108388479,0.0344566186252506,0.0392691240429589,0.0265344985698336,0.0272820103726559,0.0332278639481046,0.0505216803548044,0.0146833143477806,0.0205733985331968,0.0593057405326156,0.032809892082421,0.0330797408904168,0.0182743823186321,0.0366261114535297,0.0282974343994257,0.0350370872773527,0.0396205168743309,0.020177958425169,0.0519933107896305,0.017976975309889,0.0563430145442382,0.0411707590711556,0.0196775744111298,0.0276533089165012,0.0370775956341555,0.0443016331471065,0.0247370605321705,0.0220644297292948,0.0180187526341156,0.0254217096806894,0.0405096268543089,0.0465053254815016,0.0233003308952904,0.0244823938598758,0.056531077071167,0.0366376003300508,0.0418990108966341,0.0156632437122123,0.0375062821022142,0.0505027312341288,0.042592304898842,0.0314587565481362,0.0159813127931912,0.0388885284434222,0.0327444855130925,0.0464523787811519,0.0243716919668027,0.0156880188015467,0.0278744752333014,0.0244684980041141,0.063369982464328,0.0534098041494467,0.0159578388086277,0.0353060192283932,0.0271544203125804,0.0209403873246145,0.0237138545126994,0.0269255104518985,0.0155302635014945,0.0494436881407672,0.0447201955056424,0.0321827532862255,0.0434851956949073,0.0355422368483455,0.0295885305111881,NA,NA,NA,NA,NA,NA,NA,NA,NA,NA,NA,NA,NA,NA,NA,NA,NA,NA,NA,NA,NA,NA,NA,NA,NA,NA,NA,NA,NA,NA
"FEDm_166",0.0300165915893881,0.0539077809727317,0.014957171135331,0.0342628648166039,0.0417125348653564,0.0496781918908319,0.0355573251972814,0.0206600590134748,0.0189356563420605,0.0246351480291634,0.0395794224312716,0.0323583539983926,0.0155723180604187,0.0604955126947938,0.0256806010141908,0.0517665571737468,0.0277710532903454,0.0199380137585385,0.0217114065283687,0.0220201961724735,0.0477855573014851,0.0199860741893881,0.0318787860616013,0.017568679764069,0.0242986114653943,0.0496006496696828,0.0513147565517473,0.041860621423517,0.0465631193674181,0.0279263852309335,0.0265834872035973,0.0542572648263287,0.0171384289937281,0.035594592394608,0.048515257620917,0.0448654795873685,0.0347776269873954,0.018655761049311,0.0208235034322513,0.0309657607392158,0.0422164925237906,0.0459443006295629,0.0171280877167227,0.0458058660460164,0.019239759973896,0.0422075102231211,0.0394214131568757,0.017259742925143,0.0314836314075943,0.0231817503270443,0.0598446151200173,0.0220488311102509,0.028846474645997,0.0177004163724367,0.0387501585011833,0.0364751696377755,0.0592606152231864,0.0232089554165511,0.0234039376378671,0.0343951085702469,0.0413900873706453,0.0614203871722632,0.0127140591737568,0.0586258376292373,0.0335957540923151,0.0405581005040928,0.0236975866178056,0.012183797484901,0.0235328098805415,0.029500471986587,0.0465240794297613,0.0343005281491711,0.0138802861612621,0.0388243980636923,0.0141028630627036,0.0616172316945909,0.0351128236260096,0.0177962393429743,0.0175743158325764,0.0245618874944631,0.0557116770195912,0.046697024659393,0.0390109024641602,0.0249978724769022,0.0444499956239151,0.030441234745705,0.0293149064532537,0.0274381100856183,0.032920697744947,0.027504033957164,0.0407539734213892,0.0474623023495326,0.0121952731382476,0.0572591053903809,0.0286073590271102,0.0563901096209249,0.0369756897371129,0.0172757948059726,0.0219521359271831,0.0224616556696354,0.0371912198119851,0.0333851499351606,0.0123379242849788,0.0486629696994835,0.0214645068251178,0.055401538462642,0.0355501370079957,0.0243206260127838,0.0276236800936061,0.0173026952191998,0.0530609425113768,0.0339065623806,0.0346934651445137,0.0203592474936328,0.0538158651453969,0.0348984637146377,0.0450845033243019,0.0220536488987748,0.022712619697075,0.0248408352492477
"FEDm_167",0.0399672123975846,0.0426963918554574,0.0193849645981201,0.0331442635343245,0.0496004512026008,0.0484525802797538,0.0494398667806686,0.0143904164712408,0.050640929358894,0.0160187072852824,0.0469219874060048,0.0263758976412934,0.0213134815095794,0.0305903156400265,0.0232847666194893,0.0418265873262078,0.0400943818129281,0.018749103619349,0.0248270024241848,0.0296184812944572,0.0381353235216655,0.0321650003492128,0.0298216330321373,0.0178982785132473,0.0302987764265808,0.0346923026082191,0.0328627458418659,0.0430392717557304,0.0217163419631434,0.05203253693075,0.0287133640036456,0.0461141780164847,0.0176911166698377,0.0313808714168967,0.0535622821738979,0.0499148762764433,0.0270589758546967,0.0193790249191834,0.0303215734022214,0.0310175204128395,0.0367155361292021,0.0465338964236459,0.0175286034158729,0.0225064358015331,0.0223037393301595,0.0431700729742068,0.0245743058091809,0.0193593729640453,0.0188191929897334,0.0313299089132648,0.065021725171808,0.034032965906691,0.0402861766212537,0.0259387427875904,0.0215992074072677,0.0497476918699887,0.0433972545304436,0.0309480022169645,0.0235154893361922,0.0475178962548088,0.0348519902071205,0.0416072110165035,0.015382910097041,0.0369792080202391,0.0382745825098062,0.0522663590475306,0.0250460750839154,0.0193136469135622,0.0362055064182064,0.0180385793254827,0.0363466120427867,0.0353436160407793,0.0136820884308466,0.0479305460017659,0.0198516827534232,0.0615726853747974,0.0335563301285424,0.0204392118985698,0.0160207949817806,0.0248854922649792,0.064945375120278,0.0363429739611923,0.0309669671636715,0.0188504660536669,0.0402105510192474,0.0323469678972103,0.0529406280448044,0.0309207331343907,0.0349036456460293,0.0299765634018303,0.0296846128035356,0.0305802859634862,0.0162540238792702,0.0328752525905626,0.0528407468050937,0.0408397885974203,0.0401485079744777,0.0152792632415471,0.0196046665046486,0.013383093217007,0.0497893042820836,0.0268602531764339,0.0186261395692861,0.0460186290667127,0.0234046688084187,0.0692821384886303,0.0386668237461943,0.0187457610735532,0.038059649869962,0.0239323886752582,0.0546787451618006,0.0222617085178293,0.0303747212823228,0.0190013495985142,0.037621388278738,0.0471202604276065,0.0363415260850395,0.0340402398634479,0.0445523004143358,0.0291317620367833
"FEDm_168",0.0344276331114936,0.0533534409133539,0.0135567597561044,0.0285763794895538,0.0432680620299451,0.0414524659868809,0.0346780327549723,0.0168416251802102,0.0268650904648626,0.026241438825075,0.0653640000905006,0.0398195731036268,0.0197099542524709,0.0495668806392936,0.0161157161780042,0.0529537896191776,0.0446039522043161,0.0202581461054733,0.0249658483579081,0.0297916255424832,0.056535548240526,0.0218176636434848,0.0226705465633617,0.0133931985735745,0.0431152896697756,0.0324448640974625,0.0233366064200082,0.0396184306793197,0.0309910933917723,0.0336663441150084,0.0284362723253847,0.0444729299119075,0.0205437353200806,0.0387426812658914,0.0479694569144085,0.0394683816848121,0.0296787740459314,0.0163611652932046,0.0309904975957623,0.0193743140632967,0.04287826542743,0.0295744014801058,0.0235754384801335,0.0449243035044262,0.0262431162075223,0.0505733842658262,0.0380521916630381,0.0192378940321408,0.0390991034594415,0.0300674093575053,0.0440708515264472,0.0326311934882688,0.0375034648392498,0.0213765894172728,0.0264684675942909,0.0436390429346149,0.053104442050102,0.028083813894261,0.0215386622192035,0.0313197557380397,0.0356865050189387,0.0466772900146155,0.017429498283027,0.0315736491496889,0.0525651475586389,0.0340289871636116,0.0413929069428021,0.0149977971266916,0.0235805979394203,0.0138265974358995,0.0500627556215544,0.0395287112057089,0.0227556778081458,0.0391991031967299,0.016669161723917,0.0535053688685866,0.0482737969355752,0.021446890701056,0.0274272214974765,0.0352526166851278,0.0505116926548338,0.0288394164493407,0.0278444074346283,0.0187899349255474,0.0324808291048038,0.0300823729885622,0.0288734194738963,0.0441310194707073,0.0284640678894364,0.0441025587310316,0.0495151341955306,0.0441983375047964,0.0187932720014163,0.0194523739538592,0.0543359643318832,0.0332392308000672,0.0328141646301365,0.0145549105920757,0.0314485465052687,0.0221211158480627,0.0705119083106453,0.0340222046208634,0.0183435180065675,0.0353130112157594,0.0164757367076197,0.0565068610384405,0.0198380243034101,0.0213679992890104,0.0297580659893738,0.0277688233357656,0.0390038502684936,0.0436977723743223,0.0212862828590123,0.0142754803052646,0.0265730303152695,0.0424670179456327,0.0416458647928578,0.0308148208608615,0.0300445289552378,0.0598121481424953
"FEDm_169",0.0448449978202955,0.0443497202430087,0.0145467232327791,0.0412837593141914,0.0421356674506409,0.0371032194364425,0.0311315453244724,0.0132035834149543,0.0359014875366621,0.0263928365814994,0.0555354392583637,0.0300218335136489,0.0162406843343407,0.0314521758800262,0.0120528943927493,0.057995053144879,0.027329662805507,0.0166071677276758,0.0325835486865456,0.0312475709020823,0.0438564125069748,0.0495697715498736,0.0492232429743259,0.0261637678605866,0.0238129296591455,0.030319618623971,0.0255297332224474,0.044671522424856,0.0259623835454284,0.0389310466316261,0.0386788462689468,0.0547653021801955,0.0134618583951112,0.0435320100797309,0.0380316850738937,0.0360449652625778,0.0248865205940323,0.0154318000719456,0.0256111549871953,0.0151300683423296,0.0381072028922008,0.0236224699529222,0.0191256810380287,0.0484354307640374,0.0244945224984316,0.0518676186690836,0.0206822104227196,0.020604889160156,0.0142340896451192,0.0335431738775694,0.045685319527026,0.041439420895878,0.0226617310430872,0.0370518577708415,0.0668286800098016,0.0363694968030486,0.0555815765709052,0.0328753421015294,0.0306059886755186,0.030609086426137,0.0359751800654259,0.0414149344951301,0.0172649114862226,0.0580105805175109,0.0403538951175805,0.0448469331448624,0.0302787599675318,0.0161046685852966,0.0379304712315801,0.0157234978275137,0.04137673246593,0.0310376575722877,0.0154553204263196,0.0358399101311468,0.0194458684200393,0.04988491011732,0.0281299766083131,0.0218861944948112,0.0165686070080096,0.0356145289090936,0.0738869333062769,0.0238883005705485,0.0230619762651673,0.0253113312052177,0.043946279501679,0.029245666106852,0.0320104676605775,0.0406002359498671,0.0327400454670766,0.0421652253748118,0.0284598962602308,0.0623327879729469,0.0142485763733943,0.0285887031258821,0.026198900302984,0.0517772397694911,0.0349773370563965,0.0185580466404177,0.0339441800194981,0.0320993381367989,0.0441036702033203,0.0275081351977325,0.014100849162601,0.0362456029683648,0.0133390313181921,0.0683023385480239,0.0321530132793978,0.0221764562438362,0.0245588385296191,0.021941670102794,0.0435642178289104,0.027896188226007,0.0540061695130614,0.0195907724777129,0.0506457242374836,0.0208308655902822,0.0626903767671792,0.0297982126853006,0.0274026904295634,0.0279601710325772
"FEDm_170",0.0411587396108918,0.0381669920647899,0.0156021107444858,0.0402877598217499,0.0367277809129736,0.0577175545710322,0.0318894028328844,0.0197513986570284,0.0231943266580311,0.025520937848096,0.0410168261635092,0.0262914633625988,0.0159115864395587,0.0340401468428035,0.0237838602224196,0.0528385312650246,0.0350002445128706,0.0170039225144684,0.030229049615556,0.0235359467238565,0.0428346660932388,0.0255847085359378,0.0401457572544645,0.022468926054261,0.0590008631075684,0.0340852425427352,0.0381308323210698,0.0373351744662886,0.025145562101471,0.0455996861383358,0.0400316597931631,0.0422718447220926,0.014635724763817,0.0439914605351828,0.0372720221678551,0.0560646911989955,0.0396455342659314,0.0197703731608045,0.0269108869790736,0.0160721263895644,0.0329653541676499,0.0287699878549943,0.0154179657332839,0.0251332898411441,0.0212546033208701,0.0549937001367015,0.0544584225690165,0.0195236621089939,0.0294944781990582,0.0192978109834631,0.036802097973404,0.0328616708044319,0.0437464666856841,0.0281732923192988,0.0384980944581118,0.0404040571579048,0.0473791063455048,0.0389358423380049,0.0245043681542499,0.0307194048717494,0.0420755478655872,0.0449081541614206,0.016381278857115,0.0422512538757739,0.0456788742634497,0.0293252691460833,0.0339002588729805,0.0173338760474181,0.0251707636605812,0.0170227014112575,0.0456454369544933,0.0346731304120566,0.0177816526221916,0.0546618316635441,0.0150572772503776,0.0605777651776874,0.0351689532436665,0.0192724554017888,0.0232089065503918,0.0263136212487984,0.0392938029905114,0.0470443271295065,0.0158418656045114,0.0142046551494399,0.0493976483393777,0.0315530412151942,0.0395677610575863,0.0350085999925297,0.0202873979217999,0.0613918919128798,0.0393297639463516,0.0425884173298999,0.0166516115042634,0.0329562167517534,0.0446803675512875,0.0379639316978085,0.0313119201470072,0.0156490791613112,0.0239265662539966,0.03793102071341,0.0553942817678526,0.033834465251575,0.0147709680819513,0.0446075241573611,0.0203788811879858,0.0437363350128465,0.0304748243117369,0.0153277805862843,0.0276678292352258,0.0233761713949545,0.079156929731385,0.0383510432629815,0.0303716332259305,0.0238460702661119,0.0329010371718299,0.0320129836034068,0.0362619408972998,0.0248026919326249,0.0276349349807299,0.0421027788828368
"FEDm_171",0.0305843792755761,0.0333992315776834,0.0141485679789483,0.030441584030978,0.0697259049303084,0.0315681925845939,0.0452400926789783,0.00949998952111648,0.0262183707778655,0.0300211361582337,0.0627485957701257,0.0244339454089982,0.0200555639828158,0.0378355498250957,0.0213941739720604,0.0598234472846503,0.0504602341685646,0.0167531939338479,0.0280581026901571,0.0276445510929262,0.0527990968301738,0.0203336591288895,0.02238774169403,0.0206000919223438,0.0495977806604352,0.0417713649751448,0.0212647051544424,0.0259235151203772,0.0313941018406688,0.0438731350299705,0.0392150359074256,0.0485812237733591,0.0156578106547515,0.0381055686359267,0.0469033119951547,0.0429302419890551,0.0283473206397722,0.016796785712316,0.0256785522223038,0.0143879893308783,0.0540717816185153,0.0316989358588539,0.0188623169070749,0.0492002355083827,0.0157702992293285,0.0611127492180525,0.0302526695171687,0.0252237219606567,0.0207250766249359,0.0369993767693059,0.0487569622107624,0.024045751827852,0.0364212406137083,0.0169637167731852,0.0478009542590681,0.0232359893271476,0.029189909742697,0.0371811632391004,0.0240759137618706,0.0518073941713905,0.0486860707314757,0.0476492958434521,0.0142715813818052,0.0321907333502389,0.0522771630747302,0.039743298327304,0.0379660061942829,0.0129078867588174,0.0243532111329435,0.0147224303609533,0.0535372991072079,0.0221973530357951,0.0159399282786283,0.0508590506962009,0.0231385659272011,0.0610921885171246,0.038368864707819,0.0190600649740991,0.0250284790147631,0.0287590335857557,0.0421485030493663,0.0244585252213508,0.0438629125008391,0.0189428679779597,0.0346498424470402,0.0312677856490086,0.0295251647654991,0.0344997823576426,0.0379795858453431,0.0399165251853528,0.0291495553360866,0.043897972280191,0.0157969182764707,0.0332716705876503,0.0373929639910661,0.0351491295639398,0.0298264962977738,0.0198620937220667,0.0217115991791834,0.0213297669976673,0.0516691645000029,0.0201022218949146,0.0190752224112517,0.0578426801118903,0.0228584089017054,0.0531428487831601,0.0261796441050109,0.021229897242917,0.0342404151044168,0.0270351308456177,0.071133473850616,0.0294273696569048,0.0348714965163823,0.0226725811195244,0.0640623460005411,0.0290282708130847,0.0390829116143537,0.0397464551261956,0.0212564803963053,0.027954814773109
"FEDm_172",0.0310662003348462,0.0425106785263256,0.0146053578073346,0.0458609489623385,0.0392098645693983,0.0396389889440748,0.0284382471983364,0.0147566779311694,0.0277731774167069,0.0286358830102571,0.0550171767426097,0.0366970154192692,0.0211608341115897,0.0415710070616793,0.019492083147846,0.064813815503556,0.0394270019417162,0.0175188277544981,0.0208626532320523,0.0276070039532529,0.0323500557044717,0.0304554583907755,0.0354220686507536,0.0179076811025706,0.0335707400582644,0.0433997322029671,0.0343263061156179,0.04878127522334,0.027537815492702,0.0395854234896801,0.0389751537013521,0.0462209575040822,0.0153877397511452,0.038262327109659,0.0509956267185129,0.0569729816024874,0.0279592372900439,0.0192040640626752,0.0226702487427564,0.016453173887528,0.0503369262787967,0.0250127710092454,0.0190742467864133,0.0340444696051394,0.0194602802805145,0.0472186085922845,0.0395534443314646,0.0198099332876486,0.0298424478515867,0.0288912023039802,0.0560874149571699,0.0251199714863091,0.0246354829002222,0.0228622756162466,0.0411994996171102,0.0364800109350158,0.0414252616695719,0.0453347573108855,0.032519186780265,0.0279902980298877,0.0373695626634172,0.0500580427387284,0.0161157125757378,0.0355615148988194,0.0329630978438023,0.0482604453513225,0.0283094002842643,0.017994748229624,0.0254479776503548,0.0179170807110192,0.0512479371109776,0.0288980214137901,0.0153299089101509,0.0400239628990483,0.0169404684615027,0.0579724122695965,0.0336944322004431,0.0206225736695359,0.0319355771622626,0.0272562990912576,0.0599330408696567,0.0397041504168466,0.0321812689823028,0.0186449757728617,0.0350344338292379,0.0303481166975786,0.0417920336189215,0.0325056611563414,0.0230433717155245,0.0528937708050732,0.044337847561402,0.0360958904193997,0.0157924831769452,0.0402541444612858,0.0466037127740225,0.0446923055562702,0.0299028074867644,0.0213955035234581,0.0363870948232795,0.0213854929788885,0.0438041889944139,0.0402836229964551,0.0180923127976868,0.0298983636924752,0.0125118767390254,0.0501885137590816,0.030064314519456,0.0231382089899425,0.0205489345144203,0.0276928757586728,0.0598875991724071,0.0541457108932868,0.0441343392119512,0.0154671526785464,0.031574340131214,0.0348750423296011,0.0425192643902997,0.0414075272286262,0.0244700783693526,0.0184484500713694
"FEDm_173",0.0280049863500572,0.0488307624022765,0.0145598266157534,0.0587980066327567,0.0485393129050933,0.030166914215201,0.0271672145691302,0.0199758863836387,0.0515519136645488,0.0153063532602629,0.0612759302821247,0.0261023892009965,0.0220782204891531,0.0265020282871935,0.0204363174762993,0.0435813406942516,0.0603579128805371,0.0179673096080783,0.0173206282952744,0.036337174775666,0.0386638431509769,0.030294307696913,0.0160166880004343,0.0211677021528763,0.0498138813982449,0.045808616611067,0.0215893657252374,0.041949990562495,0.023090033290394,0.0367451424230681,0.0421369070434011,0.0403851703669084,0.0175383891412481,0.0335007894974762,0.0475402737099338,0.0551196466094159,0.0251721790833995,0.014867782981358,0.0493989602734746,0.0295416237758981,0.0389749127466927,0.0213728465231415,0.0217128733635366,0.0343006053077234,0.0197658627481999,0.0459860523899649,0.0247683799668298,0.0205546114729604,0.0252114504139691,0.0348057671051018,0.045415876163569,0.0367355178982265,0.0324263015952823,0.0176002448202726,0.0369751722328696,0.0502813473908117,0.0417422119230033,0.0285793180589575,0.0266604087714503,0.0409285166249234,0.0314412280202642,0.0567070336068712,0.0160874838745406,0.0348723015233127,0.0493943860404189,0.0429181834535154,0.0316948062481442,0.0151473466814943,0.0459191545173907,0.0213561623330848,0.0419496618729969,0.0277802741212704,0.0196787711228654,0.0324643913599074,0.029417426446253,0.0404384127530407,0.0219411294030115,0.0239312774024581,0.01698527172883,0.0315260109010537,0.0505539948648807,0.030296036013799,0.035576874073257,0.0195782746235181,0.042168301885471,0.0486842919629741,0.0378384429757993,0.0332426471511571,0.0357490533077608,0.0346613697306589,0.0199590377893988,0.0502972872111173,0.0212551026385816,0.0331736416804597,0.0546591350184704,0.0334578979970004,0.0227554546557731,0.0223073247672758,0.019780402965149,0.0292095796736982,0.0497807289791491,0.0210035726214601,0.0237438907424517,0.0477977551613404,0.0189352449429126,0.0483605119401965,0.0317511687091482,0.0191777426571589,0.0288338155109324,0.0345924662270876,0.0600453330425645,0.0166766371524355,0.0165170355655237,0.0206108813464772,0.0387729466221342,0.0522599810513036,0.0650007844867562,0.0253044335418855,0.0342708585808275,0.0397093467213301
"FEDm_174",0.0371936410226059,0.0404555404725481,0.0164886802522545,0.0358087663537492,0.0378983128572445,0.0420897920078847,0.0293343082807128,0.016638804500571,0.0184648207686587,0.0357924445345627,0.0614062515196601,0.0261330652307352,0.0194788709184395,0.0354119136039156,0.0212552370884236,0.0697849842326358,0.0284151273719277,0.0201783546212596,0.023258201234376,0.0235305670570493,0.0579781401449952,0.0321121673613498,0.030848059298487,0.0163565523772197,0.0409181067981209,0.0402540872299914,0.0356304339470315,0.0401714506052951,0.0338591164873016,0.0328542018209931,0.0362385549418787,0.0356560466276162,0.0171848573195732,0.0520008873761133,0.0561599764205635,0.0344454092638732,0.028442142498446,0.0165732550252892,0.029993069237534,0.0145201688748569,0.0422749431202575,0.0257187747207206,0.0160817497770776,0.0485117638292264,0.0233606490011129,0.0432914971683111,0.0331657553948575,0.0173018626828514,0.0322775845328992,0.0318563678541044,0.0571794983286951,0.0223530885741389,0.0299250457553017,0.0245348336709215,0.0631688977399348,0.0450514739670133,0.0354976419776578,0.0249952841261445,0.027000147053545,0.0352387731394846,0.0405812941997273,0.0560176164528365,0.0146948693846534,0.0367422399731449,0.0471929319311165,0.0448139198935005,0.0328051439855223,0.0125064173842293,0.0199482738516307,0.0335168722168533,0.0579587748809577,0.0331018212864216,0.0150932778154274,0.0470796729405183,0.013916072340876,0.0492847849535284,0.0304672698183899,0.0194618127113942,0.0187490857337251,0.0247829005715889,0.0570525773124681,0.0301114254914476,0.0473215500129357,0.0197298638849756,0.0378435829050453,0.0406778976613297,0.0309784265900265,0.0294504704828454,0.0222582619013249,0.0358608914315587,0.0333908605394627,0.0486727931132434,0.0148188231092661,0.0486925440394711,0.0338185523283398,0.0496429843987206,0.0284277307554589,0.0139352867855514,0.0254417341454841,0.0181583220752859,0.0370061393327981,0.0169885188810565,0.011928533834016,0.0333376383288511,0.0214314933912036,0.0705620788816452,0.033685013376921,0.0216168417140228,0.0225363755288544,0.0293700210431957,0.0583841945069003,0.0466382172167485,0.0380939644894571,0.0168930035399034,0.0522364263339839,0.0490380624747414,0.043476145321225,0.0310714930914832,0.02940345949444,0.021302747928269
"FEDm_175",0.0392299607213221,0.0385869020816849,0.0130857930991767,0.0473078560872863,0.0415368581940794,0.0379823029610317,0.0345195633240014,0.0144407197929525,0.0433597425356796,0.0144588197340708,0.0436960407977875,0.0344151579212277,0.0141042680597162,0.049579040514226,0.0273431548588358,0.0513950022975974,0.0400371977579149,0.0156975643079222,0.0570822909349394,0.0283215801166267,0.0427780274509643,0.0249644416363169,0.038287968297356,0.0196612477346812,0.0326526632613308,0.040380340244434,0.0303611221503399,0.0327806313054156,0.0276797634532225,0.0242739783678595,0.0277889085013504,0.0540346590357623,0.0171462560646246,0.028282374283898,0.0537857232545609,0.0553807657011801,0.0287202407912886,0.0161927650663546,0.0392060938404758,0.0196331915662403,0.0238537489224959,0.0301582508039181,0.0239497914618139,0.04447241371351,0.0194266193333465,0.0430488445837685,0.027828203204276,0.0194689363219746,0.0265554944017892,0.0244148814049082,0.066562606849101,0.0331161389539077,0.0515950506082645,0.0223488910222502,0.0226119082451625,0.0413971317578749,0.0621349500541187,0.034772851152618,0.0184352831047224,0.0236770259944435,0.0289274329479706,0.0481437391801748,0.0133030204513498,0.0497176792216357,0.0394872961088796,0.0548143363549694,0.0238552416978652,0.015293239519744,0.043538409580158,0.0277688424048372,0.0529961218026103,0.0294814140731218,0.0177490743146196,0.0355522148869,0.0293414231797123,0.0460073326844004,0.0302338504202424,0.0158034315956665,0.0260150788102691,0.0291139300478928,0.0429399830918447,0.025279233995749,0.0382564254668919,0.0290077687759593,0.0313316656079521,0.0317615039149469,0.0362807917361703,0.0362180800099707,0.0348949600594954,0.0368864780580002,0.0275985837174958,0.0488122032773956,0.0159823731188847,0.0546224010774487,0.0569989718450511,0.0401099348824763,0.0212548147107334,0.0156036934170698,0.0251040181227488,0.0152998905210141,0.0373846086315063,0.025807248322286,0.0218001133347167,0.0354134620997523,0.0280293684697136,0.0520770544306097,0.0321996298811304,0.0196474100346005,0.0281098728312174,0.0371960549024927,0.0606439454285624,0.0210431723650155,0.0270738387176467,0.0210052993481009,0.0400735717310612,0.0495197815068153,0.0517626156462812,0.0262395004771601,0.0371468278008897,0.026439739350123
"FEDm_176",0.0514715165448254,0.0431004512098434,0.0144062829923304,0.0246457469094006,0.0352846397962501,0.0552075055362848,0.0307878673404954,0.0180011607209798,0.0243372129373539,0.0141233221472594,0.0464331288009451,0.0282456244710086,0.0174379005864261,0.0504361459940569,0.0371870167876528,0.0508067184684251,0.026529042605223,0.0154786449784502,0.018728096201366,0.0237205154595457,0.0447540170014212,0.0520165842994292,0.0434982135537272,0.017968355215291,0.0390929014717933,0.0336839424753706,0.0359777324312568,0.0474560960266926,0.0280059035177341,0.0311777135191615,0.028592716977347,0.0536250393467333,0.0138425413249832,0.0333691169679824,0.0382968225093285,0.0425281713015727,0.0221385129442366,0.0206217622437725,0.0220264541266658,0.0196051252478317,0.0503493113861733,0.0175204493596413,0.0150265199837288,0.0344135944229755,0.0291360934021679,0.0651693494338429,0.0314263596856128,0.0192062514642805,0.0311039950115693,0.0191104814173072,0.0568341762152616,0.0363662449287399,0.0299987407903826,0.0323965903001579,0.0778587549727706,0.0393240803035346,0.0512322525301447,0.0220481932652342,0.0258807839202552,0.0209515142157657,0.0352973209259876,0.0658443090392633,0.0169200232563751,0.0349517103008812,0.0357945714016155,0.0215923452918011,0.0344098895302483,0.016573051773736,0.0170278802342404,0.0225751102581508,0.047934690795029,0.0393603601161951,0.0161707084868091,0.0345659665185091,0.0406541096222364,0.0454408214095859,0.027188857250093,0.021840185352803,0.019415543881743,0.0280575772594842,0.0867121570377161,0.0341042340950293,0.015728890822543,0.0313221759162324,0.037754587307621,0.0408543360954025,0.0483116384210104,0.0285493027841946,0.0194071493901774,0.035640495425286,0.0356237803982475,0.0509821965719434,0.0153403325919143,0.0537669859362434,0.038218369165988,0.0366987963647488,0.0246668297146389,0.014741088953539,0.0273413351459098,0.0260650427129638,0.0216115829162473,0.0234064219203176,0.0122271252964401,0.0378345496164942,0.047471458502794,0.050239233832047,0.0435904514570096,0.0180784919468493,0.0207938127535438,0.0283729770459176,0.0490208199412161,0.0448898431226786,0.0270895356393115,0.0269868038348211,0.0354631419534788,0.0500079373492349,0.0543510868668725,0.0278304623197474,0.0215835495044477,0.0357059566243941
"FEDm_177",0.0332523510504509,0.0417969677495979,0.0162534269246587,0.0307890255833168,0.0293187649197181,0.0381024871048374,0.0311787566524781,0.0156576673722755,0.02017327896741,0.0187055151462222,0.0502106288974947,0.0392391975357267,0.0151676315913152,0.0538508913074743,0.0285288480473466,0.0772725917209856,0.0233247342464153,0.0179580299312806,0.0276005967781813,0.0253070636684696,0.0892258843955081,0.0210746141718431,0.0353112934174367,0.0271440579835079,0.0408501489892518,0.0284753124316094,0.0433522363527093,0.0270595129392757,0.0253912438468951,0.0284272402763072,0.0334941638772174,0.0396287768822829,0.0145082764772134,0.0317857883117132,0.0362768171508923,0.0486988891508762,0.0300155692205564,0.0161673632784793,0.0430968699690424,0.0153182162189586,0.043659249198568,0.0451456040683351,0.0154632913464776,0.03970679119701,0.0278165458903447,0.0508875716489255,0.0332489318033442,0.0178485361375763,0.0202143469898513,0.0281601870337879,0.0773548524353744,0.0245290258880786,0.03758094708749,0.0235742893886487,0.0413561285104276,0.0432102038789731,0.0379901597190722,0.0284813576842245,0.0271326638763002,0.0276485856799584,0.0366150624462867,0.0562167273246429,0.013519636140358,0.0197732610118411,0.0341459841684785,0.0479443343488236,0.032449612286003,0.0147862060458082,0.0366884031591853,0.0164496477777752,0.0549265915401242,0.032997311825222,0.0141956812173197,0.0332921535726876,0.0257876676087629,0.0654643023937068,0.0384327826808839,0.0150109763015736,0.0206738190527309,0.0286952428791893,0.071828766404727,0.0303689309177821,0.0287580700546555,0.0204899203749885,0.0699742273534672,0.0178864851797306,0.0316076143997746,0.0406514437477968,0.0267950352143011,0.0235741025713732,0.0443406128787526,0.033337339050794,0.0154565649285557,0.0236358183799787,0.0416470644357975,0.0566130806635214,0.0283480085775496,0.0160505199138691,0.0353658902540589,0.0193049241856134,0.0431841579781484,0.0348830286436376,0.0146249782924622,0.0542816200477552,0.0210893859331672,0.0423064771187033,0.0331649889439002,0.0190338942575104,0.0234790033453648,0.0261486441202496,0.0828327204252917,0.0376692821502951,0.0395529629279069,0.0155254778406003,0.036881508576402,0.0426242791523027,0.034560341498863,0.0299742808822643,0.0167613875130531,0.0373217570836309
"FEDm_178",0.0355765542472481,0.0383087500471391,0.0139445249263756,0.0473533286430074,0.0432291019225358,0.0490127500720018,0.0284642035912257,0.0174594944812178,0.0260218325806698,0.0202089817697453,0.0504249076826827,0.0344583247987366,0.0159733020277468,0.0436757956428451,0.0280599265248849,0.0471289741546501,0.0304782042291745,0.0204456426856972,0.0151769059085097,0.0188769404798896,0.0545606939293766,0.0300261525195069,0.0316992405320038,0.033828677101898,0.0557733907171595,0.044141883141062,0.0472718489279429,0.0241201882546932,0.0244891704549585,0.0298103080054152,0.0373428223887198,0.0394149197493998,0.0194715408987979,0.0289732473894623,0.0452183141125564,0.0578346080213561,0.0328001208696139,0.0213941450398574,0.0183408415737069,0.0172858004213588,0.0310169845022897,0.0276472274356082,0.0183923767386666,0.0251374755924001,0.0260124259016446,0.0512373781711118,0.0256693683534695,0.0160260579971163,0.0346968699133392,0.0199344533048492,0.0445458701077109,0.0241373837150166,0.0396675686474919,0.0308212324516195,0.0375554453638828,0.0557670263286614,0.0617683709700479,0.0457818876613597,0.0358899172412684,0.0302183191376164,0.0371948685748324,0.033002940575269,0.010244020516331,0.0439821348377671,0.0487968961564652,0.0599134719890479,0.0281696661934843,0.0141876556119401,0.0158314758321602,0.0139699242058521,0.0495760276371339,0.0180588571456155,0.0210472348531329,0.0347053162234052,0.0261512368449695,0.0548686612912392,0.0484827669326275,0.0193843631300917,0.0338367903100994,0.0265916436048369,0.0511555291282193,0.0433248054493694,0.0247633459304748,0.0205154462301275,0.0393193411853277,0.0577980598412536,0.0236488753315554,0.0491645300291345,0.022519556602082,0.0297945578061548,0.0447195009265531,0.0299117290522707,0.0158740614249634,0.0513867125618866,0.0362633476386391,0.0518243222426239,0.025853607906876,0.0163196837669952,0.018924290630708,0.0167010244230306,0.058453148611726,0.02014691791491,0.0148408557945344,0.0470822106454624,0.0264573691424288,0.0698855298634271,0.0317869698491723,0.0169434029233032,0.0263354333924309,0.0205312118278575,0.0471755116310165,0.0454776977631761,0.0289371301732043,0.0254259342277529,0.0417751248826761,0.0429621819998807,0.0336387882908867,0.0376280743836256,0.027213207926274,0.0295250181817079
"FEDm_179",0.0427590840154443,0.0377222982466327,0.0131941294202942,0.0428650628229058,0.0426186135463706,0.07304382481113,0.0237612025851297,0.014831412433722,0.0383676637972556,0.0158720034613314,0.0360009213030757,0.0220899949841816,0.027679138390205,0.0407879480383398,0.0205867620015807,0.0481131171541696,0.0307478663324491,0.0193023813945599,0.0169664271597018,0.0246101265725641,0.0490579749122109,0.0392598018739041,0.0408817842443557,0.0387104427685887,0.0508811171204859,0.0306972892743841,0.021547815809091,0.0351318500319606,0.0239285257893645,0.0379834197046112,0.0323971783714021,0.0382249967432246,0.0138732303526177,0.040458103721896,0.0432725716573241,0.0488577578237748,0.0350986773511752,0.0147598269321695,0.0450919956741752,0.0439488862238876,0.0377522901663036,0.0214002185085527,0.0165956259033163,0.0469916857670863,0.028101631640425,0.0442723264941486,0.0213782184499752,0.0158189085737251,0.0298837313487569,0.0355558330343294,0.0304245127926662,0.038996786784793,0.0431713228066768,0.0365783296710278,0.0336766885579545,0.047785375663978,0.0443108667989306,0.0297512284389121,0.0193695555096269,0.022201638237168,0.023933447340287,0.0436081231671704,0.0143994077334441,0.0440197408299559,0.06151610590988,0.036795541755945,0.0303917356214347,0.0134207454483908,0.0355472438868273,0.0172053335157693,0.0484556912359733,0.0238773867117214,0.0251843486010009,0.0293073144783719,0.0353216092220544,0.041714432322791,0.0403673638021266,0.0210617022080463,0.0244489535730842,0.0314243777192551,0.0603887623778957,0.0261811848470438,0.0273420864479163,0.0319249198755556,0.0449942881597576,0.0527743571152358,0.0271322994143036,0.0317998198497587,0.0271968513794208,0.0282648254495824,0.0509948071455597,0.0429570238142875,0.015020739059732,0.0266231458768491,0.0383745414384316,0.0658254598199494,0.031551126928707,0.0196897739421308,0.0192841900022474,0.0315187738909401,0.0563105747372006,0.0236012860651978,0.0135951486525228,0.0286737861239819,0.0346692121956733,0.069337243290022,0.0236763563752303,0.0187541082585163,0.0217884401223824,0.0272495794991859,0.0490869811521048,0.0318884929712999,0.0327110492935015,0.0217015333116077,0.0305430723890474,0.0326482842821742,0.0442610991033128,0.0363594054127721,0.0201325324126144,0.0411722324328175
"FEDm_180",0.0558578655166626,0.0249969830111103,0.0137258644526313,0.0629914604104188,0.044893330686712,0.0466309847533788,0.0274376764558425,0.01359510188214,0.0244833401752202,0.0343392277039023,0.0463067031705256,0.0359504382868214,0.0170447776625004,0.0349222917822692,0.0243392079525843,0.0435169761035143,0.0253323080635842,0.0139578784738028,0.0281101396759372,0.0243102531191674,0.0502670268011072,0.0358803946552616,0.0474007103552091,0.0236253038062228,0.0341723737203573,0.0427991985703451,0.0214364973062202,0.0429972348904435,0.02645926503965,0.0322191855164577,0.033895024739224,0.0315514308790597,0.0158478779806994,0.0439802559346654,0.0416948296464652,0.0536283096481916,0.024536566628257,0.0162175197586263,0.0171834116233186,0.015190036248638,0.0587667926979638,0.0364363653235636,0.0126859836889025,0.0629976068048994,0.0223573986260559,0.0518433746784794,0.0241492337275056,0.0150492437427868,0.0244504804907951,0.0217836520132659,0.0839819581358691,0.0288056588917121,0.026180967304198,0.0229094510996464,0.0453668033849518,0.047881355903115,0.037022266644024,0.0327477071946433,0.0220468554375996,0.0288115811228775,0.0353379088913708,0.0445346688079333,0.0109657375441349,0.0371389174737578,0.0345705394078136,0.0435066343077829,0.0308905466690839,0.0121126565462562,0.0147682715759857,0.0301658241060682,0.0408788874980045,0.0292336711328123,0.0179757220436622,0.0442357366279779,0.0173880671906746,0.0723033756247767,0.0236235068303926,0.0178218623772949,0.0200735200085698,0.0205385036411832,0.0947219337884926,0.032412118200823,0.0297621584538559,0.0211044184260255,0.0440070946888021,0.0449951978373371,0.0173530546807009,0.0410670186010646,0.0342246515995091,0.0422877954178529,0.0405402338588755,0.0463637385483168,0.0143027573268844,0.0488183779413334,0.0258086465519167,0.0495309149981776,0.0212198840936323,0.0166818635823559,0.0172805740435306,0.0214413044480118,0.0317889705228724,0.0315410054933712,0.0134738298158337,0.0470384119864649,0.0154595905865487,0.0585719979367829,0.014041109376533,0.0218480827593243,0.0154966545746274,0.0197823110177704,0.115628070956287,0.049769754659294,0.0359092229645397,0.0184967605516599,0.0478712916251078,0.0495739784433337,0.0315080139087253,0.0263397136625654,0.0220137638344713,0.031859169930852
"FEDm_181",0.0373326315167113,0.041800490546245,0.0163025431847797,0.0237926781413409,0.0434037351590746,0.0377985187040403,0.027737890146608,0.017376113770227,0.0494289335033634,0.0403187816746205,0.0336332947552772,0.0279080991643893,0.0178062560530092,0.0308855232019394,0.0157038549650682,0.0472034641764251,0.0489796515017093,0.0187791824806735,0.0373474891916427,0.0194230781898047,0.0765748079362167,0.0439481931616622,0.0389164818981914,0.0221798517647396,0.0281951820028759,0.0256870572971901,0.0316530992105321,0.0455307523471483,0.0268908642073635,0.0274615001471308,0.0391759969146316,0.0348959782916749,0.0171688169441263,0.0395593252810869,0.0504721084295089,0.0568569069794203,0.032956902842129,0.0190357843531777,0.0490840033935943,0.0199117822643308,0.0390172073092148,0.0227632266237505,0.0185132310203666,0.0327177530545044,0.0219815790033942,0.0386923379641323,0.0270763738689706,0.0208049097614087,0.0312988679492043,0.0280957329933536,0.0482862660372596,0.0375522656271386,0.030614716947806,0.0233941923440691,0.0421296771216296,0.0554961578764351,0.0360587914288409,0.0305488578387416,0.0212539747273844,0.0345862748087147,0.0395769064752233,0.0432593467287376,0.0094791796035075,0.0586572224030011,0.0431919945161982,0.029041561515149,0.0311297066641401,0.0132998579532828,0.0320157119292154,0.0142964066500342,0.0529742637256047,0.0267696353717309,0.023824262856425,0.0372995125054825,0.0264933708710792,0.0499826717248739,0.0293915644823574,0.0187291839955449,0.0174759281079693,0.0271986492140155,0.0498430477546198,0.0320457472934215,0.0283794424589341,0.0421848543262851,0.0397971372793334,0.0542366561615128,0.0289745277124126,0.0369504358882321,0.0309186010783345,0.0325826127533417,0.0301078722680119,0.0614876150920394,0.0121703922769458,0.06833213620287,0.0333105434014304,0.0373862704940588,0.019399642556874,0.0127254814388708,0.0207481200264077,0.0391905095408565,0.0372237833314038,0.0150871828505674,0.0148589278483802,0.0388136263985833,0.0347799344179239,0.0515465793851282,0.0145554316661195,0.0215324000642221,0.0236369668615626,0.0217394872859942,0.0579407653053058,0.0548107292938067,0.0342246789407814,0.0286382278864205,0.0485809554007383,0.0631798495604037,0.0384228873708538,0.0302678712342609,0.0157069727032857,0.0195941588958929
"FEDm_182",0.0410079850748202,0.0361964631842682,0.0125675141796648,0.0342805029041696,0.0459325454691484,0.0534600500206897,0.0199988271605618,0.0162231764276237,0.0184503756494907,0.0179230201141295,0.0467806887328541,0.0370724975160288,0.0117255885924659,0.0434979275033532,0.0301365653239923,0.0562103766790688,0.0302067109370764,0.0204320499069127,0.0292484209796538,0.0256101904373592,0.0357912461434927,0.0308016387455722,0.0405892473700792,0.0250859840595633,0.0426821950263619,0.0658212854515192,0.0572570547943306,0.0268179138018494,0.0223495711906543,0.0258423866232455,0.0226903154676451,0.0430561676046705,0.0196197601873997,0.0457058239700686,0.0485030876500281,0.0362063820982296,0.0390472060108561,0.0196980419024817,0.0246463209195641,0.0169830928343657,0.0399286606864798,0.0161963046349225,0.0211714844056655,0.0475537408158003,0.0344227160976793,0.0406419862477722,0.0272487582237106,0.02077835345967,0.0402772221900637,0.0335741384769607,0.0195894114606481,0.0264391913406127,0.0195620244631961,0.0213413898396154,0.0304536431327589,0.0640890714685129,0.0979495098279568,0.0295513152703117,0.0215904869293861,0.031484392382968,0.0379472478777614,0.0297887694364965,0.0134805297315019,0.0471298919744067,0.0325164510009618,0.0700252763126162,0.0414478250444447,0.0162668923183901,0.0214813640062547,0.0273344364508572,0.0314141585125249,0.0371988880002251,0.0173107666693908,0.0360661075481685,0.0207321119329582,0.0527455993236656,0.0366473783381273,0.0201983743514718,0.0185388898028315,0.0257675413758449,0.0376398526691681,0.0326668381785116,0.0354705923941953,0.0344270990013471,0.0284424786840686,0.0482935890626939,0.0339467798529882,0.0510009304831165,0.0303475770321103,0.0337257626329008,0.0278726239857296,0.0454661549388179,0.0195084883217143,0.04351005691176,0.0295359971895879,0.0377350159346604,0.0207341064181395,0.0193182278633894,0.0269934973507872,0.0194175175419006,0.0350698017733225,0.0240435092939875,0.0161237647134565,0.0453152737278993,0.044558110113301,0.0690950311975055,0.028024425813224,0.0249052612756212,0.0201118298439781,0.0209388625682815,0.0221746939967466,0.0621678870849071,0.0188275013431051,0.0293882346181676,0.0343736450195412,0.058320362414814,0.0511854886810173,0.055822999132876,0.0288199138267053,0.0206417171050561
"FEDm_183",0.040230520761728,0.0416120846271645,0.0128598575171844,0.037383789341216,0.0326672453238915,0.0408518746466595,0.0307432915210919,0.0160048785140442,0.0389527108729452,0.0371935880461842,0.0612920023706552,0.025377212188336,0.015466511590291,0.0450495426157111,0.0207923986990619,0.0548625620281638,0.0288638802381862,0.0152784556541708,0.0329335018484932,0.023267865351766,0.0413239354166676,0.0197023917493749,0.029493337808649,0.025554133319646,0.0421686323015808,0.0398716977919337,0.0477351973660231,0.0328868473263197,0.0340054704988995,0.0355745826639613,0.0377193644727927,0.0461300349489192,0.0176665426478249,0.0331618574725368,0.0322543449264093,0.050217745056022,0.0383259546649073,0.0192775878130061,0.043770386395793,0.0201322428297712,0.049471810859836,0.0457093950714414,0.0185837017476561,0.0483304426034164,0.0246269985325756,0.0486848254279622,0.0159120988732818,0.0167129273537265,0.0148256313400968,0.0341539473547071,0.0292558290737265,0.0269500067181149,0.0464106349577632,0.0198390763141342,0.0190958390939943,0.0453351654729232,0.0578198691756502,0.0454647506874495,0.0276062670681712,0.0265547210453904,0.0367179548002144,0.0376758776550779,0.015866552523401,0.0411782648041814,0.0419461552778729,0.054215200780417,0.0255210407690666,0.0184870535623277,0.0330956654344978,0.0346741683473051,0.03941353936263,0.0213694593049167,0.0163407107674951,0.0322873199743302,0.0282239773129006,0.0450262493231239,0.0270685674912883,0.0152836894447239,0.0210361384199172,0.0278843347801326,0.0398987919076523,0.0262085441385877,0.0372048686546645,0.0209935047070211,0.036332130928536,0.0476798356683601,0.0496652267315305,0.0491415381827902,0.0470124270281531,0.0325512119168841,0.040673217098518,0.0340181562079415,0.0166049622290907,0.0285479742668952,0.0465567462582122,0.0554624387072642,0.044445497818617,0.0178267561289359,0.0330947667730547,0.0141016647195137,0.0328179284264198,0.0251194888315243,0.0196438871705514,0.0625646353759591,0.0245768233869991,0.0477172695231805,0.0211645190412695,0.0234731241820939,0.0491873503881443,0.0243940364487788,0.0275754230907563,0.0224848169761986,0.0318878461307927,0.0232812519166713,0.0406142228129662,0.0525999933563475,0.0351957957622344,0.0464732371302652,0.0295725473207771,0.0283236225200269
"FEDm_184",0.0397523366479158,0.0431080955204423,0.0123482072803571,0.0572060862599513,0.0394319350028114,0.0535415706292645,0.0310836710859655,0.0126962099683186,0.0252057648132243,0.0396179865700051,0.0319850057329464,0.018450757620065,0.024358298679332,0.0278244014318044,0.0386981205443559,0.0456867594793829,0.0298158013417817,0.0167361216712279,0.0193969446047444,0.0198180631114488,0.0222464640314698,0.0479915245134175,0.0287737345875506,0.0310914239338681,0.0507893407260128,0.0442107847264697,0.0328486306027383,0.0467331952442376,0.0394337142267364,0.029119049412154,0.0441437429921885,0.0445171690357604,0.0161697760684212,0.0325406902744134,0.0345816891223922,0.0304351161912389,0.0281313377045174,0.0190712581007713,0.0309472058630059,0.0220232016812125,0.0294427214702526,0.0275605776882953,0.0136232033914304,0.0301102541282078,0.0334302091915104,0.0460749392702939,0.0293290372205767,0.0207781417854286,0.0229807523800041,0.0246515381115665,0.037464686600818,0.0611398683466495,0.0317305258326052,0.032013329775991,0.0325400435287963,0.0461680223526282,0.0884073285202281,0.030464447306477,0.0342248887568171,0.0253042973075015,0.0409311360090251,0.0483462695871589,0.0127734326232857,0.0551319894662463,0.0537186641214513,0.0348153703113853,0.0292069072568188,0.0134755134341226,0.0291462687320262,0.0140209088897658,0.0600845066300056,0.027129928950011,0.0324655932741358,0.024175444408023,0.0381809581733037,0.0431040237172666,0.0420805626136019,0.0188714058573888,0.0329471887361995,0.0274031660009207,0.0281698851947131,0.0412210039275218,0.0194978101350408,0.0192926486300215,0.0242199099394897,0.0404851123750822,0.0271938205091319,0.0411912747641874,0.0451519149412571,0.0355673807914115,0.0294822388186755,0.0716420698024937,0.0138973152804374,0.0773074476522476,0.0416814887312679,0.036585160994206,0.0233725580715898,0.0135113871277305,0.0266570137978259,0.0174670872655786,0.0385790089367684,0.0209316072488297,0.0222143718610635,0.0371081981233267,0.0377627098945908,0.0512226232170536,0.03157936886833,0.0200768984939991,0.0143934227209361,0.0323560474719466,0.0202465395684307,0.0317329125237342,0.030353227344285,0.0405705912271992,0.0349193302800311,0.0481654857984558,0.0339204022607948,0.0307189170593497,0.0243746567270008,0.0471699128318214
"FEDm_185",0.0309781643015447,0.0486371774449069,0.0122545010635973,0.0628643683027053,0.0400894081162734,0.0277051362048358,0.0188128083777556,0.0129026752654105,0.0472454837404736,0.0127506730897132,0.0318149363025967,0.0327997706010631,0.0194111220502966,0.0278919749032216,0.0507560966336675,0.0553169219252297,0.0365880602070639,0.0181074063974889,0.0281146947664882,0.0251356760495456,0.0290097588390785,0.0406464911984105,0.0261745862038849,0.0198234980628497,0.0293156994226963,0.077006016419881,0.0341404675868825,0.0492859947371221,0.0342211077246619,0.0201993240606547,0.0332422465485173,0.0491902733175237,0.0147108315092082,0.0551093806330669,0.0436865900334444,0.0544405592101594,0.028389277970881,0.0148648622981888,0.0429983381398841,0.0166809872048882,0.0519029319924093,0.0155628627579461,0.0215582821873484,0.0390591319439164,0.0221539425195741,0.054787989178219,0.0220128181113341,0.0161395171007048,0.0263737381604838,0.0312403709406302,0.0415537135671131,0.0257067555090169,0.0344798820380637,0.0332359821102739,0.0411567743473886,0.038565135802737,0.034239087857887,0.0361142369621513,0.0301646342854723,0.0306788657615684,0.0252882291015258,0.0511576569637626,0.013091594533385,0.0349847101894546,0.0331135873552435,0.0356159046735155,0.0332153688452238,0.0144765297332724,0.0283054618394602,0.0173211829378927,0.0297834698263798,0.0183298929743714,0.0155891283284451,0.0396414999083246,0.0261860416143201,0.0568839734198349,0.0518158359874002,0.0161862383770826,0.0170501121156393,0.0236052503980971,0.0469978432991904,0.0476604783179973,0.0259449047178164,0.046895672594577,0.0596814167111368,0.0638153438183991,0.0466408418188566,0.0300925164419195,0.0284261845768886,0.0222031285805872,0.0473452669534354,0.0391191394255165,0.0163635715407307,0.0530624738160038,0.030970984792951,0.0469200098209098,0.0306164827517035,0.0179573175039175,0.0313794855712502,0.0342527537917382,0.061463524240126,0.040493317535441,0.0144142403551172,0.055297990856363,0.0230496360150328,0.0493203317008739,0.0302655428555358,0.0217718259595133,0.0160462598042738,0.0199009146341412,0.0326174848365667,0.032236079136188,0.0289494164265975,0.0279256813772315,0.0525292150191719,0.0243972429209922,0.0302325543859347,0.0273360892318239,0.0263937975357697,0.0373713692051494
"FEDm_186",0.0474045820281527,0.0468854028972775,0.0134279556046033,0.0387026263033687,0.0346079528363072,0.0461089390266152,0.034582481063493,0.0117860482710845,0.0189965665975399,0.0242664945023371,0.0334401804355103,0.0292313549685926,0.0240584856692568,0.0410469853723512,0.0280655571260117,0.0485837519674899,0.0218937384091496,0.0168163191701321,0.0266246005906447,0.0235517706715765,0.042701853973111,0.0367025686383756,0.0476288136649164,0.0315280667973119,0.0339062576240018,0.0624635340731189,0.0397927940582465,0.0296348119662452,0.0277010547502856,0.0378584509428928,0.0324662322929558,0.0334612523705446,0.0160017552014978,0.0399543936462237,0.0441710212592401,0.0501043927436479,0.0370516919710383,0.0161315301220084,0.032556965255349,0.0382264291682997,0.0429351098805357,0.0296519839012904,0.0226163581678776,0.0468366411190695,0.0302548225978831,0.0485110886718779,0.0309478601141861,0.021182089353112,0.0276981782687823,0.0241894881520847,0.0330735575764627,0.0218959989109174,0.0257088305054147,0.0466789587146145,0.0244258503735745,0.0610755001817253,0.0259153536491871,0.037261160640575,0.0272124345658924,0.031803070624132,0.035999235008681,0.0428597126851092,0.0149462177039349,0.04763850588149,0.0603960352332691,0.0408950125996411,0.0475638980635194,0.0174320174494103,0.0162277895970648,0.0376684760738183,0.0609173307777477,0.0197832132471134,0.0317569570716456,0.0332515135787984,0.022722386620551,0.0495121860214629,0.0369151968194433,0.0235683589065055,0.0144273929976876,0.0329956199314712,0.0238942730620647,0.0268117012515351,0.0186834487201015,0.0258253101555398,0.0208723568596,0.041542059934244,0.0276586459574409,0.0472914376005286,0.0288888125770744,0.0510548976135063,0.0322212594084856,0.0380060017667205,0.0155375177357036,0.0510754056598865,0.0446358934872593,0.0514630273339686,0.0350489053676987,0.0135870199769717,0.0312747804206672,0.0368840695733378,0.026709307995497,0.0358147141151109,0.0219251683701904,0.0518146099900594,0.0248195869352487,0.0380089953271389,0.0330574709561117,0.0236924474322374,0.0216949128760185,0.0294742539860292,0.0273616535449033,0.0363221450560476,0.0249874011830611,0.0302453936296478,0.0362604683958707,0.0618815659138552,0.0355110920922903,0.0389435740562255,0.0279151674350016,0.0238261899787553
"FEDm_187",0.0501646488667745,0.037081393343465,0.0133054334755735,0.0474348230276123,0.0299115194930676,0.0522326682515063,0.0219831671105086,0.0181130712311296,0.0237978622940711,0.0404444439530359,0.0587944866018068,0.025060772009411,0.0127361785485317,0.0451952116866822,0.0179623230372353,0.0816543778203279,0.0680095113917649,0.016678227607264,0.0231094353656172,0.0174315849705448,0.0236073915413954,0.0329789313399853,0.0400050063149382,0.0183049584826179,0.0511689212814633,0.0152640576382358,0.020016043077862,0.0310310964344548,0.0378634115801297,0.0286590422229876,0.0297010846482916,0.0618478181030557,0.0168987831598218,0.0308845197371687,0.0467795365982675,0.0442990919941859,0.0397217221248051,0.0160094874985421,0.0528263781140131,0.0366108173518015,0.0380722340639064,0.0185137883490981,0.0250901380505351,0.0347576105116773,0.0206791548187404,0.0710346788283504,0.0262697255186953,0.0192513931420589,0.0226503589070273,0.0363187557832591,0.0490976238366122,0.0244132531737369,0.0350839479642982,0.0170308399771431,0.0264406261004952,0.0405016678026424,0.0271918594021051,0.0339256266248341,0.0269327646340187,0.0311647131808127,0.0396563390765526,0.0378467745578829,0.0122927610182243,0.0407340865350073,0.0316761082356325,0.0529198010765921,0.032776493930495,0.0143868009734966,0.0255351147148514,0.013839477349661,0.0732083812158811,0.0242931751609342,0.0162644106189894,0.0576901937496335,0.0286896229592999,0.0544374187423299,0.031598858441829,0.019645033683105,0.0208279958395817,0.0239403703317688,0.0306589170715884,0.014009083761789,0.0251203006983291,0.0250393070326257,0.0595123833554255,0.0496439005658435,0.0238118318803138,0.0399458749488825,0.0291392501152775,0.0508599323581771,0.0572409743573343,0.0429557303220854,0.0157974750620628,0.0260363432797268,0.0378173759754785,0.0363665889420749,0.0245572257686761,0.0150629941768044,0.024509176332294,0.0178092309760849,0.0367610196219312,0.0280415229493053,0.0164069708956981,0.0593708663587987,0.0297279457028097,0.0783025212155891,0.0258043718816194,0.0172331480397662,0.0181472351987992,0.0226971146380822,0.0378672771065804,0.0212296857181832,0.0378245344190447,0.0200044041762586,0.0239015667993835,0.0686653634693609,0.0360435386920478,0.0497871794949855,0.035674774328373,0.0383558441007609
"FEDm_188",0.0567438966897262,0.0391035300057338,0.0128637136691097,0.0308737989401084,0.0231244353759918,0.0447959329393092,0.0445263396048486,0.0131963683047184,0.02344144398113,0.0454384174599586,0.0509785902948544,0.0198918312243894,0.0129787897440079,0.05504467286574,0.025403164199066,0.0762261548131507,0.0436140755898158,0.0156126363283428,0.02577625190987,0.0180760613284455,0.0230404465421938,0.0238017102058844,0.0428036300850377,0.0198328686800992,0.018754447108319,0.0842357812646242,0.0314845000832222,0.0262181588699707,0.0271749698647593,0.0249433820275724,0.0356571471943005,0.051939761285487,0.0132443763403583,0.0372256773113113,0.0284833905654321,0.0370466542230148,0.0232763407368207,0.0155834672564429,0.019769299134834,0.0210283753583455,0.0461334215296477,0.0339371686548298,0.0144622020455281,0.059302685646518,0.0214203089024788,0.0766867347966411,0.0278168866994081,0.0144334249234482,0.0191282577504709,0.0232199547287641,0.0749806510445675,0.0371477214759505,0.0236722029953518,0.0232297988545997,0.0467919086486765,0.0379067125108266,0.0574024568236298,0.0374611705212175,0.0162387320560849,0.0253731099850134,0.0428246632158973,0.0425968120972556,0.0160309269574384,0.0261911836017078,0.0252490583014139,0.0518110241404291,0.0378280647933179,0.0159488828944222,0.0157535972084572,0.0185314460621733,0.0531983630513592,0.0195393293838278,0.00933143695685814,0.0624813605791515,0.0100190888509894,0.0919006646052308,0.0394993415646528,0.0214284402792951,0.0274222453563799,0.0100925781419236,0.0594712509816152,0.0540868764094084,0.0431998704755672,0.0241181869391039,0.0326889448836392,0.0220038715208613,0.026885814849353,0.0456994918489187,0.0204509744781118,0.0337162095712405,0.0445071958400434,0.0533862245607861,0.0148758723343725,0.0325475047829702,0.034247005307358,0.0417946767699192,0.0210684663549222,0.0114735486123369,0.0215482922507826,0.0462668907509162,0.0307647230204421,0.0362318220536562,0.0121940715610481,0.0503976057314374,0.0187372633357947,0.0496200671172207,0.0303066718052199,0.0181423233623636,0.0185770274386661,0.0240794042281561,0.068756540407551,0.0365349763318716,0.0258499185296763,0.026936591136401,0.0546145829388856,0.0586349077149356,0.0354088631091089,0.0241570455366729,0.0182458603563376,0.0400940567201472
"FEDm_189",0.02719717339952,0.0537371328260819,0.0185640008916583,0.0532270447074921,0.0301407112877565,0.0641789466883517,0.0208544907800475,0.0135820942698849,0.0338456857701835,0.018120672054957,0.0344752901804978,0.0114099273316011,0.0142264804765874,0.0359927788669619,0.0187257003183805,0.0359886621992771,0.034391493837488,0.0194411271909218,0.0221758830032616,0.0198259569387625,0.0714397166967668,0.0284430054846865,0.0335657810005184,0.0227114743060326,0.0332707547459544,0.093529878794898,0.0310418245171471,0.0600695031179518,0.0225083661189846,0.0233184421973867,0.0293896870387451,0.0473717583761089,0.0129083242638946,0.0429459135150526,0.0304296000260156,0.0343904184663209,0.0268736672198372,0.0156092811594182,0.0568747276788794,0.0121482218098318,0.0333047261129619,0.0310009745629546,0.0153639829433737,0.0526557416976424,0.0204369360983573,0.0521746398094903,0.0285313964583241,0.0211718382020233,0.0159796469038447,0.026822457591966,0.0755170584014942,0.0260254186645304,0.0330288964961428,0.0302466994815719,0.0422187027957731,0.0589554241986764,0.0432434262700022,0.0323636677753066,0.0259257648168792,0.0260910011645807,0.0474949694595183,0.038917300412556,0.0100953962187937,0.0166618953139978,0.0466343101003713,0.0367485828323199,0.0269703610385597,0.0160111718909796,0.0485225492395429,0.0490693767702259,0.0443722118666622,0.0407510810423461,0.0157845771162534,0.0303828524207035,0.0231945251672677,0.0661287617596743,0.0235043422240995,0.0136980257638305,0.0300861393329432,0.0314715755445177,0.0389224487719999,0.02895311065283,0.0288590641631889,0.0259742716081349,0.0286088006990457,0.0486258656917811,0.0329368046311064,0.0409128913991045,0.0401915249236444,0.0295152119440008,0.0276872575027101,0.0424686334542952,0.0151198233673815,0.0359622271723439,0.0424869972996402,0.0252423871620675,0.0264963560182905,0.0162397015725136,0.0282127558941256,0.0123449806920131,0.0568117502306267,0.0212805850490311,0.0233408736107459,0.0309620977516069,0.0216182631017359,0.0502213949989387,0.0693274590130965,0.0165756779773692,0.0246276051195682,0.0147975478912985,0.0347279816015736,0.0305330068538436,0.0225966466017368,0.0242428978793132,0.0198031229783364,0.0940977650934998,0.0537213262170849,0.0459224076092664,0.0279067444485588,0.0446237258373879
"FEDm_190",0.0355224633081476,0.0425976716053607,0.0151206077442521,0.0355894873293651,0.0404421544516596,0.034591730271344,0.0351657461736363,0.0193594367928031,0.0243478940257947,0.0117903179023968,0.072203050910009,0.0308429751025701,0.0140816197964941,0.0564729909408238,0.0190948147169914,0.0670480206503928,0.0502511451390673,0.0191153194628004,0.0261472204075153,0.0292478013965774,0.0234665323903895,0.0342668452633376,0.01474111447873,0.0185699092876496,0.0555674117235449,0.0515268293111495,0.0412263232928672,0.0260695118674924,0.0248979568557333,0.0306350974011046,0.0379384792447736,0.0284781272539619,0.0160667678715099,0.0483532488999412,0.0380927296300871,0.0467170894498912,0.0354637935822878,0.0139344577018433,0.0197663222322646,0.0151233601018667,0.0627303913044404,0.0154699410761102,0.0166961930980408,0.0468028286619122,0.0221998966793467,0.0693324297218694,0.0340422838495451,0.0134838093827847,0.0204759016982983,0.0161239325223884,0.0369009598096801,0.0174976965535845,0.0231825212558766,0.0489431838663386,0.0471953766219859,0.0424259472279315,0.0499136814770173,0.0390148818837333,0.0418130926458808,0.035820674694808,0.0286945716314575,0.0514415507268688,0.0141855659589708,0.0425113592768036,0.0518664746685611,0.0412633113272036,0.0204738319565141,0.0149549439374096,0.0231096441146138,0.0531770678469662,0.0514063398859752,0.0296001331344893,0.0148408000496334,0.0459053944880888,0.0167083052102281,0.0468561568080522,0.014082941598262,0.0236053286879285,0.0120795324469638,0.0217897508253854,0.0567975352362293,0.0275561351973366,0.0355410222512001,0.0169030983871743,0.0227576536120154,0.0752963492934208,0.0285627385512776,0.0514251996064469,0.0191035811286985,0.0475036821558247,0.0445989687521112,0.0370350723901791,0.0197294265788135,0.0221256169323466,0.0342899160250163,0.0263432452404872,0.0303909726717432,0.0188238601555474,0.0296091086185853,0.0524534109878409,0.0499414964545215,0.0345435176228696,0.0137533056301975,0.0276942759135847,0.0194795656379317,0.0660525460494546,0.0269683355054689,0.0195791496606103,0.0175338591233811,0.0232082329124206,0.0413987959972872,0.0677166555493892,0.0289302702797205,0.0204145029303266,0.0281233766393592,0.0694266866810302,0.0494099955828052,0.0369533622188293,0.0192801649802945,0.0241923062778468
"FEDm_191",0.0217078404339029,0.051303419550189,0.0125560431396091,0.0340077383304631,0.0653064442056688,0.0505875369065984,0.0429038815183731,0.0151932467179798,0.038372979131428,0.0459532085856098,0.0545599674249542,0.0217231335910564,0.017145002693972,0.0598177991345772,0.0192946863964705,0.0442261477740363,0.0318811290123568,0.0169900786239138,0.0275179248386565,0.0382631759186704,0.0253084013709439,0.0190310552796052,0.0157027693867025,0.0258029663038889,0.0291129761913872,0.0615153296627635,0.0244504596146698,0.040102444182129,0.0287625222075247,0.0208996918718993,0.0389815505731579,0.0466764814912196,0.0127097891917296,0.0499618892339671,0.0337572445614464,0.0337617480449685,0.0386618672962436,0.0189151529818459,0.0262072476237906,0.0129655465314888,0.0522173415763148,0.0286476779934774,0.0124723315982454,0.0571295472563874,0.0216367506907819,0.066727275134463,0.0290089927575597,0.0185514476459413,0.0163188041388455,0.0268387880906563,0.0232998197765973,0.0151910005485064,0.0145143960141312,0.0323192261029259,0.042106512119171,0.0443162285596571,0.0380994289970362,0.0501929586602777,0.031583824027346,0.0662291307818203,0.0301555909471542,0.0345170828560772,0.0121238993469308,0.0588032583468842,0.0206552714176486,0.0528142860705728,0.0184781412520493,0.018031216043355,0.0149898089881908,0.0145286895506052,0.0350034419883609,0.0287291296620747,0.0153812568603329,0.0706037659201275,0.017964754763168,0.0823082258085808,0.0458040362371901,0.0173511837531196,0.0184779403526247,0.0156574901682777,0.044901281310739,0.0270461932016532,0.0237689078496357,0.0376598054178063,0.0528695876462931,0.0536750586679821,0.0388684853387608,0.0349976165918608,0.043288134245175,0.0205464593967691,0.0311137127145544,0.0395720510151979,0.0152532599079021,0.0249662254719506,0.0246459430612556,0.0405788649879686,0.0231289978474027,0.0163053785772373,0.0204345313525501,0.0131063143454062,0.0655046606817077,0.0274026099700911,0.0124923696357099,0.072657762844828,0.0292308626643177,0.0855863943929467,0.0410834565197286,0.0214441832943314,0.0306998685631277,0.0258906612586454,0.0237428610123337,0.0278629445127103,0.019153269947103,0.0227443503405615,0.0474645129972277,0.0579319941282391,0.0362085455153321,0.0368604474917499,0.0387393960590231,0.0281935688888599
"FEDm_192",0.032317288947469,0.0378598562069095,0.0117411450378238,0.0399117304236156,0.0269677302649585,0.0484880389620845,0.0338397268199075,0.0174919793122312,0.0169714329670927,0.0193368201914889,0.0567427986580043,0.0338147441628107,0.011796681363687,0.0639711460483249,0.0144220721392496,0.0504000467258112,0.0414099232615387,0.0151241477351096,0.0270983389078031,0.0204638461109862,0.0421211650225902,0.0380987312729384,0.0278145740909612,0.0309335821515294,0.0480734516719282,0.0426700957013419,0.0371507976056115,0.0493015361238729,0.0293697013431366,0.0342968707691831,0.0429053404601911,0.0332307256002016,0.0115817394435085,0.0217050629518903,0.0395134131831717,0.0379264510702162,0.0234131411748294,0.0168469945024519,0.0233176133157665,0.0180820166812121,0.0489045653673422,0.033346685849783,0.0141898155094882,0.0598202630921279,0.0172656709546355,0.0485304096518907,0.0694270802927921,0.0191053528644455,0.0339926328933325,0.0192322396477916,0.0194541476208878,0.0297292839582422,0.0194498546335885,0.0223729523893217,0.0341098467907811,0.064466169344836,0.0549138687805361,0.060727193779493,0.0284096965719693,0.0340297716232758,0.0325178955677445,0.0388107165436806,0.00835707487336883,0.0482979431964652,0.042942965958137,0.0359905906722524,0.0234655305951436,0.00967894269969461,0.0194890688055547,0.011966205374913,0.065038977780794,0.0230560482762494,0.0103392947551483,0.0435612904455848,0.0189088259362309,0.0735731967816251,0.0237838258884445,0.0170480407621519,0.0101712140095817,0.0156239605657922,0.0335310903824623,0.0572369355499637,0.0268906779427938,0.0371693854818278,0.04552037830376,0.0560496274580645,0.0122227335938075,0.0824450754770435,0.0368503354405594,0.0394621508811603,0.0232722973692581,0.0495920559568401,0.0120731789314655,0.0259935459390105,0.0356202460278355,0.0434053809524597,0.0267755787917716,0.0139275776488422,0.0185309841716712,0.0368187352628274,0.0443047360807333,0.043378593440737,0.0116020459722008,0.0564384565698682,0.025823710523579,0.0495852839147927,0.0687604623578072,0.0216959471306341,0.0300581021552829,0.0245955579879193,0.0127744128144785,0.0330455389437223,0.0121963169983623,0.0290551300479406,0.0273983882733757,0.0612656339045472,0.0337723750273074,0.0456632623686672,0.0335334274006595,0.0490430370354031
"FEDm_193",0.0331445979853114,0.0313620322415457,0.00953756968649931,0.0476969309618785,0.0245588003379412,0.0468462002770282,0.0435287838217064,0.0153261023105773,0.0268921342074596,0.0138431526706464,0.0459090954762633,0.0511568774956364,0.0135624655866364,0.0885443062989346,0.0180253221026122,0.0637505167164715,0.0287756698979065,0.0188647085183482,0.0177892526007694,0.0204920931192432,0.0327279309602988,0.0248611099421856,0.0129658570301676,0.046158711692293,0.0475131850867697,0.0429402800329893,0.026840041547017,0.0396298422649058,0.0335002173265943,0.0332562118033634,0.0349496689800478,0.038084741602849,0.0157349341021168,0.0268939623409247,0.0344450014636713,0.0548628711338023,0.0290069887054168,0.0137599173272709,0.0295310564238095,0.0119515538956968,0.0608772969503889,0.0149620987407552,0.0105331918753557,0.0708859064017717,0.0145233308004339,0.0479925818300753,0.0220996735457856,0.0256362924825247,0.0246890657737445,0.0178265346834309,0.0348344958354176,0.0244960962757984,0.0378086942189642,0.0240053304126954,0.0431573442399205,0.0731752142992668,0.0311921237545472,0.0402212470631619,0.0241828097027856,0.0676799751375703,0.0370791108023775,0.0496743925209467,0.0109382677413325,0.0253192820507875,0.0321628473645744,0.0514608171244796,0.0415644284571938,0.0188812697684254,0.0266143930859974,0.0372471185917797,0.0304469116091437,0.041004057025464,0.0119308185337918,0.0816170991683348,0.0106410074989578,0.0551543959526333,0.0234149129710304,0.0207869623330539,0.0202352643798739,0.0213912964295099,0.0781768875378345,0.0256437568156874,0.0283000673720037,0.0169749369853422,0.0588755386725374,0.0418034793795221,0.0352432315370828,0.0347003558395565,0.0149827664209238,0.0177343260298216,0.0299345541276628,0.0339502439570688,0.0214935315584711,0.0323054197702812,0.027123994757683,0.0486987350010022,0.0200008417406724,0.0166817736981041,0.0129364778647719,0.0365087698412722,0.0389674756309478,0.0359548403690502,0.0158410911673783,0.097918403040707,0.0147610084364113,0.0825053114435075,0.0214646709456772,0.0214434374650041,0.0287596112566476,0.0177998077757463,0.0232731950265403,0.0191085730283205,0.0284865199400992,0.0238832341835588,0.033555307576346,0.0506590503637167,0.0500223797865825,0.0571322669185817,0.0213980418241812,0.0374314315040064
"FEDm_194",0.0343608599592232,0.0281746121124161,0.0130838500403029,0.0364997112427722,0.0391134246163478,0.0316530639642815,0.0436082896554864,0.0198040621386191,0.0165975279553562,0.0147984434506623,0.0676136739603626,0.0448077766494806,0.017036844183718,0.0698170354347923,0.0220792379404598,0.0655822037098279,0.0364614068075366,0.0150173431628992,0.0188569615279856,0.0297495434476133,0.0377055188571976,0.0206856179955726,0.015398751222785,0.0241735305156141,0.0197380414800927,0.0477571002010573,0.0423530215114845,0.0337555440649872,0.0298792581602127,0.0638377440308529,0.0302835105984693,0.0342055910279742,0.016135175642631,0.0364856478153273,0.0284864179408393,0.0513578943023521,0.0294160662943208,0.0195676309644414,0.0170707912513434,0.0184804067074996,0.0303940751900457,0.0303720556587616,0.0126053089485798,0.0957006981303115,0.0182647043990233,0.0570705214610271,0.0284377177916754,0.0138660262220265,0.0356282676155539,0.0145377986319059,0.0443494950190456,0.0338850001359589,0.030148833361388,0.0298925656900545,0.0461723986096323,0.0466101328979827,0.0582782432634562,0.0420086683394526,0.0309782199869835,0.0193101361019367,0.0222546776172819,0.0419066766198564,0.0151699495311052,0.0347849347117751,0.0366428581109235,0.0524309067873952,0.0293666821972954,0.0142363993774489,0.0226726006243387,0.0128347665538915,0.0369437584540408,0.0342278764018382,0.0166337167787631,0.0861962226519767,0.0220028718911499,0.0561983272642806,0.0247958208308312,0.0185923751265334,0.0216141398639206,0.027503466921954,0.0372207700165203,0.0298655658209167,0.0139640262065166,0.0392246693618505,0.0616027711409926,0.0662606208709278,0.0177762005949629,0.0427912885301277,0.0418585422870945,0.0224265168534898,0.0389555719816477,0.0483926447534228,0.0146746433088788,0.032651393797569,0.0277671204471306,0.0433494235974981,0.0285426331852387,0.0181591292624212,0.0246887925420399,0.0158720519734061,0.0450988128840014,0.0422152646506085,0.016191411765201,0.0524270407377573,0.0121321101832656,0.0559414061223229,0.0380150853636533,0.0176597250655338,0.0165233774659897,0.0271900972883205,0.0240672722269619,0.0288940740758731,0.0474476581906287,0.022838867490223,0.0174707573706052,0.0493796862469457,0.0469737107313274,0.0508736071033358,0.0561966846953027,0.0394099454928897
"FEDm_195",0.0342416659862303,0.0347161299520064,0.0118611259954808,0.0434126160719634,0.031460298302898,0.035155389318015,0.039296983948709,0.0147458474768206,0.030183395144971,0.0333054859397978,0.0392746938046763,0.10024708970346,0.0133978387734789,0.081339973901633,0.0192294950065034,0.0611697033292206,0.0242212941283439,0.0139690856314311,0.0212994565391386,0.0299024373522342,0.0372352014847205,0.0181083377174966,0.0182890276530217,0.037428593679524,0.0321928104779892,0.0324819823122374,0.0283221977373289,0.0299114538904437,0.0286047858675682,0.0249956028726576,0.0486272788407714,0.02728743143202,0.0140109071695506,0.0265230177160908,0.0361650062103571,0.0458697660124687,0.0497787989324092,0.0153369316962743,0.0292056887302527,0.0125420940861457,0.0437910188710178,0.0437273005056008,0.0112649433485815,0.0680210123387427,0.0185086412750257,0.0555144664930049,0.0255677015854351,0.0198130036956761,0.0215733587180333,0.0249081147894719,0.0670996383893619,0.0214985412485216,0.030555751297192,0.019914463375809,0.0389398940053218,0.0527524944497174,0.0296492876417214,0.0333412348714489,0.0224743563386246,0.0457378559353511,0.0430274655512539,0.039612754114709,0.0137347419443741,0.0411514327727217,0.0330755800231416,0.0460264144238519,0.0422581887282952,0.0170951553420973,0.0191713342701673,0.0152246193105276,0.048169919608815,0.0850298710360781,0.0154540978036493,0.0629294373284483,0.0156480310269485,0.0822682298895366,0.0315688971404328,0.0177421395128243,0.0325212933291781,0.0279078904716406,0.0185385048510446,0.0221730997401733,0.0334396436597289,0.0270147057949568,0.0341172593604212,0.0313770649987036,0.0219354178786149,0.022688404705017,0.0240409442838771,0.0350574610987715,0.0441254657266391,0.0485313627983458,0.0146955329103433,0.0718193990295427,0.0298561854061943,0.0411941235143502,0.0239465441134312,0.0151048842801366,0.01774720863447,0.0168323601042903,0.0428632000456783,0.044478171219485,0.0137988249602806,0.0682690073278646,0.0141509270164449,0.0779919504232019,0.0278666141328813,0.0190200223488875,0.0190419365722696,0.0243008050431995,0.0330846652359036,0.0368091558000618,0.0356907456741404,0.0235906717469051,0.0578746539709246,0.0159015659031266,0.033153343523707,0.0314045809351613,0.0263974673113368,0.030458624290796
"FEDm_196",0.0553881118073395,0.0369197588904851,0.0154417487641255,0.026682272413305,0.0322708167599691,0.0308144688994483,0.0281596243616068,0.0145325162667262,0.0176193833618246,0.0575427195215991,0.0488399406375374,0.0291639977844781,0.00955167349817858,0.0410369604902086,0.0181522814198895,0.045605291808462,0.0439352424897168,0.0135147832934596,0.0546349803366169,0.0200265870572024,0.0477552609716378,0.0335666111449675,0.0341284111878332,0.0194540463383503,0.0542819800716502,0.0530381930348839,0.035980165012246,0.0386583230852822,0.0230688615007054,0.0202349877902647,0.0272995584662356,0.0333966866206707,0.0166022226281581,0.0248042871890111,0.0366976779849881,0.0400047686669539,0.0321627347070236,0.0200522145346103,0.0264647453988172,0.0140840602274275,0.0387853175859746,0.0353578316137408,0.0116665775664484,0.0606315191876416,0.0233874991195693,0.0725579595310705,0.0636036330349311,0.0177400116188962,0.0278877633167538,0.0189420899249198,0.0584409100022351,0.025084544749417,0.0244370183546729,0.0194692889831713,0.0336096830275536,0.0563916902931976,0.057003752875192,0.0276314282427624,0.0275429186727561,0.0282596058751996,0.029296588907281,0.0397289768786491,0.0135790158676223,0.0241221958880406,0.0321003977501529,0.0409440277232997,0.040378225770079,0.0159757562455644,0.028011271712029,0.0209398996009372,0.0446368249891838,0.0444534982522966,0.0122949167508064,0.0374242751778446,0.019279060344182,0.051806707259385,0.0297925631882036,0.0161972159540529,0.0202938352154996,0.0300980186456424,0.0437080294828094,0.0523507646153775,0.0344339560685393,0.0235705667952437,0.0352376215823137,0.0856681818270058,0.0430679336062564,0.0391883017148436,0.0269936831573311,0.0244276890295276,0.0445990170778708,0.0380213039872849,0.0158281601889011,0.0187078116882239,0.0370882682200456,0.0327132961140399,0.0307917608620145,0.015090553545321,0.0180359962061716,0.0394771463617728,0.0571251195004288,0.0196631265354879,0.0154833342954032,0.0446976093535915,0.0184335909371685,0.0739040246042987,0.0313521138584324,0.0199124698089957,0.0254391570312011,0.0406533247714895,0.0155660842120805,0.0295132604478954,0.0189242863391418,0.0228240954989133,0.0339938146545089,0.0675137649386442,0.0549459485245074,0.0354329810505188,0.0207137145507207,0.0635548648349254
"FEDm_197",0.0326794343388105,0.0338188069072582,0.0120939250741941,0.0233809182826738,0.0171829992031922,0.0570925300522984,0.0316864092880212,0.0171455737657761,0.0139562360055045,0.0494746208666775,0.0528882460282741,0.0624861683573351,0.012033448860921,0.0511172374945647,0.012870798719587,0.0760618015074557,0.0532211335704299,0.020496770582978,0.0267769735180344,0.0188296797836103,0.051148103681866,0.0215527975898773,0.0179617563824663,0.0321460251490567,0.0827019828102056,0.0157005788862716,0.021405933711091,0.0348124685657682,0.0212637677801045,0.0260128732356961,0.0314523498605367,0.0321275302230144,0.00980883672492638,0.0192542862505431,0.0321213273793004,0.047021880874554,0.0486097351165286,0.0155325225067209,0.0418560455191203,0.0447368231115293,0.0339692602836045,0.0613302127458876,0.0132805987274005,0.0537489577402451,0.0244276432301691,0.060471494244952,0.0322572080313719,0.0161574528774455,0.0277053264696683,0.0229412063423458,0.0237501784166191,0.0295320316939337,0.0270338962822127,0.024957202007346,0.0448208233618267,0.0601663482265307,0.0384778896265628,0.03717564156706,0.0254797454844804,0.0197955450735634,0.0498567165766492,0.0370216387096646,0.0138742377027122,0.0289237032496283,0.0319682119452393,0.0460379656333584,0.0250864831924172,0.00916608302042522,0.0204486096510294,0.0159950101202798,0.0502823763515358,0.0230788136524186,0.0187299540459711,0.0305890205367229,0.0147160618518027,0.0744107660775992,0.0247432950213985,0.0117293159502076,0.0149192461693303,0.0275487732835258,0.0239242470243162,0.0468953246186366,0.0287274865309203,0.0371498215233449,0.038913548401695,0.109036007185229,0.0233313115892751,0.059398315420214,0.0368201853534972,0.0266774696109556,0.0259952068360306,0.0432527386187539,0.0123600448707947,0.0363909040271133,0.0232915566966455,0.0529107723376784,0.0258824823272593,0.0143707661099206,0.0209328971148872,0.0201989278000493,0.0589191207550562,0.0259480902053351,0.0129520493594598,0.103358549322086,0.0143099076558856,0.0631725896512709,0.0285356341441559,0.019200505008203,0.0180049660935554,0.0195169544383719,0.0242853954890764,0.0197910560307353,0.0188601270004368,0.0441247258770151,0.065843596432194,0.0414113195846236,0.0403472260043633,0.049173914689547,0.0218853411657562,0.0347726343537398
"FEDm_198",0.0262282510281905,0.0367353470439286,0.0119619936800879,0.0297051574389748,0.0404385813615923,0.0535074040844711,0.0272630700791812,0.017258054931308,0.0162666399668187,0.0421040162624275,0.0769705385773583,0.0429828641647061,0.0195912549878279,0.0541362434751348,0.0229231139042634,0.0644159926387677,0.0383696094977236,0.0186471775211821,0.022753149042516,0.0185762496277974,0.0214128220946674,0.0309493166226697,0.0125762776701143,0.0280375050887408,0.0216834278877305,0.0706197871666195,0.0348909709218431,0.0300376727789971,0.0372717061506775,0.0316858043036823,0.0394633996993774,0.0384046717204074,0.0154741573067914,0.0262029339379114,0.0316596678383655,0.0340523209031847,0.0402745380487453,0.0164096968219952,0.0181104005355315,0.0346213357104084,0.0666161395080242,0.0291004412726457,0.0160069270248714,0.0490423859450517,0.0188145100824503,0.0871557199301442,0.0364414134579948,0.0182496833444618,0.0225067573893865,0.0203630560865634,0.0269179898758956,0.0195317556140514,0.0193128540770895,0.0248111663082614,0.0336076983542839,0.057811265417894,0.0471824287087842,0.0358901776978711,0.0352308336181041,0.0407336737634528,0.0396378364924488,0.0523556962795779,0.0154365045793996,0.0248353444700285,0.0274217618504645,0.0676342794305277,0.0336558266671596,0.017435993062616,0.0157824208696348,0.0511041242668169,0.0569226024892903,0.0390580407742086,0.00961838412047828,0.0410710163081475,0.0149259128620023,0.0649412257666441,0.0360957651427309,0.0140409458590178,0.0246683168922854,0.0149623813496516,0.0401191447394903,0.0284399504247689,0.0328931311620827,0.0265263903887834,0.0455914884230714,0.0217887872206688,0.0449533487776432,0.0332436527803639,0.0181616151132584,0.0466781114367378,0.0344899464031635,0.0426566078688932,0.0205711217536665,0.0484227460336443,0.0254932400466155,0.0506367206369165,0.0322939299141974,0.0149633570383546,0.0194443666479503,0.0207848948884299,0.0346552032965552,0.0396211184043043,0.015568651738563,0.0576826557077718,0.0113505081040774,0.0590465308447022,0.0244327313978637,0.0191261012017727,0.0171612323290284,0.0315598440752534,0.0291154979377121,0.044809036785439,0.0150062275776944,0.0491081059748342,0.0422190094436324,0.0367425897346913,0.0552062722224096,0.0432375924206187,0.0362536383281073,0.0283405212431371
"FEDm_199",0.0402710384371281,0.0294277712255676,0.0122416465836522,0.0253841987033028,0.027955000032948,0.0526090629409362,0.0395620913740705,0.0166514154133808,0.0268846749144337,0.0451053316315529,0.0479065785559715,0.034938433852726,0.0117721739177464,0.0646608979977631,0.0164571630614925,0.0761658681875351,0.0257814485536973,0.018653718248146,0.0191532978793643,0.0144463325318624,0.0337571354365756,0.030747481437455,0.0301581538320351,0.0163266493090443,0.0267186490339801,0.0558698404164898,0.0547349492386513,0.0363529800510838,0.033239375176185,0.0360666420252224,0.028122372665013,0.026052894689219,0.0136077216210056,0.0383627561740598,0.024333895145819,0.0514553319809208,0.0196371639753349,0.0200848605733554,0.0260707813257166,0.0150978900190102,0.0437398163045719,0.0753260905561043,0.0102969636558845,0.0830559122681265,0.0164445595393037,0.069635569800745,0.0297002617926851,0.0149739762752944,0.0303160600964615,0.0144735628463831,0.0450074240153815,0.0387684840082034,0.0265542815974307,0.0244783798064448,0.0338517019906182,0.0423389321063285,0.0542759490723543,0.0380120682893965,0.0232734966189028,0.0226508411899248,0.0407779138974559,0.0310822136976924,0.00777701017355478,0.030734637030825,0.0292494658988319,0.0486441469827082,0.0507047248147434,0.0160751524163326,0.0214251456422896,0.0205591720610184,0.0506714172534689,0.0659853730695024,0.0148629686240884,0.0641557781040778,0.0153331186480891,0.0636028898946825,0.0371665942236324,0.0139335894613546,0.018328924590956,0.012808541036648,0.0314822941289578,0.0184422392486996,0.0184523809342207,0.0178761081590273,0.0611918838876472,0.0489967424042518,0.0322375937231736,0.04753972718366,0.0453562251258057,0.0245460276826039,0.0288408024031874,0.0334164310362336,0.0193867748931051,0.0298296151730022,0.0287778605246294,0.0372895629281954,0.0312563731466851,0.0242101200342886,0.0252257651944552,0.0140311833975127,0.0440150189834731,0.0553820768117136,0.0120872837757449,0.0376254488115089,0.0303747178956315,0.0521462506567195,0.05870254691657,0.0171701463293085,0.0388397331556354,0.0275906952355342,0.0304886427829574,0.0171109646624552,0.0236708434308513,0.0182209411747503,0.0339260173265373,0.05746982840377,0.0519207719316246,0.039544150143068,0.06387175771487,0.0175776751259815
"FEDm_200",0.0496849336887353,0.0276058297002148,0.0174603241360623,0.019697201974992,0.032867373710078,0.042991646786732,0.0496032099824441,0.0194780801803715,0.0168452825241613,0.0100083107460949,0.045675936776471,0.0462536888047625,0.0111643477189719,0.0677658354619095,0.0177330189429858,0.0819176106577672,0.0452867881987942,0.0154993855261448,0.0388197724434551,0.0223325027427774,0.0194191273546146,0.0194717968010016,0.0159768536976944,0.0188314018659201,0.051095279991251,0.0272708754187528,0.0684624760670947,0.0283359643371049,0.0311822042629489,0.0412629394996915,0.0425702690008517,0.0388762909595486,0.015856491087741,0.0364817459914578,0.0322856657146862,0.0598935237257676,0.0262873422480427,0.0161441530973337,0.0180552982000658,0.0213981691720327,0.0555323686399072,0.0600083141197878,0.0108852207763124,0.0373261712031971,0.0178092230142827,0.0641528297614474,0.0393484110229422,0.0177894216675532,0.0455631296622218,0.0180871894852567,0.0311704059861049,0.0263687626177061,0.0399466944302992,0.0216081898767343,0.0170674445068455,0.0431905006312665,0.0648226064386822,0.036700626392713,0.02628722442675,0.0184863161424621,0.0319744087722224,0.0449883502649488,0.0168072664257652,0.0572100517799187,0.0212759026611806,0.044351241433188,0.0407524067469406,0.0124357717040221,0.0169285074531908,0.0106232475150119,0.0533526923805764,0.0436919219395416,0.0130344176133527,0.0585056450124246,0.0264652827941614,0.0769738277114112,0.035699271152505,0.0179535120243816,0.0134336607177839,0.024868631284997,0.0192712209815711,0.0196860686249827,0.012623465696902,0.0193709947535079,0.0793077703042483,0.0391167661059185,0.0278711851888349,0.0522337972637548,0.0393046963334401,0.0298880173593151,NA,NA,NA,NA,NA,NA,NA,NA,NA,NA,NA,NA,NA,NA,NA,NA,NA,NA,NA,NA,NA,NA,NA,NA,NA,NA,NA,NA,NA,NA
"FEDm_201",NA,NA,NA,NA,NA,NA,NA,NA,NA,NA,NA,NA,NA,NA,NA,NA,NA,NA,NA,NA,NA,NA,NA,NA,NA,NA,NA,NA,NA,NA,NA,NA,NA,NA,NA,NA,NA,NA,NA,NA,NA,NA,NA,NA,NA,NA,NA,NA,NA,NA,NA,NA,NA,NA,NA,NA,NA,NA,NA,NA,NA,NA,NA,NA,NA,NA,NA,NA,NA,NA,NA,NA,NA,NA,NA,NA,NA,NA,NA,NA,NA,NA,NA,NA,NA,NA,NA,NA,NA,NA,NA,NA,NA,NA,NA,NA,NA,NA,NA,NA,NA,NA,NA,NA,NA,NA,NA,NA,NA,NA,NA,NA,NA,NA,NA,NA,NA,NA,NA,NA
"FEDm_202",NA,NA,NA,NA,NA,NA,NA,NA,NA,NA,NA,NA,NA,NA,NA,NA,NA,NA,NA,NA,NA,NA,NA,NA,NA,NA,NA,NA,NA,NA,NA,NA,NA,NA,NA,NA,NA,NA,NA,NA,NA,NA,NA,NA,NA,NA,NA,NA,NA,NA,NA,NA,NA,NA,NA,NA,NA,NA,NA,NA,NA,NA,NA,NA,NA,NA,NA,NA,NA,NA,NA,NA,NA,NA,NA,NA,NA,NA,NA,NA,NA,NA,NA,NA,NA,NA,NA,NA,NA,NA,NA,NA,NA,NA,NA,NA,NA,NA,NA,NA,NA,NA,NA,NA,NA,NA,NA,NA,NA,NA,NA,NA,NA,NA,NA,NA,NA,NA,NA,NA
"FEDm_203",NA,NA,NA,NA,NA,NA,NA,NA,NA,NA,NA,NA,NA,NA,NA,NA,NA,NA,NA,NA,NA,NA,NA,NA,NA,NA,NA,NA,NA,NA,NA,NA,NA,NA,NA,NA,NA,NA,NA,NA,NA,NA,NA,NA,NA,NA,NA,NA,NA,NA,NA,NA,NA,NA,NA,NA,NA,NA,NA,NA,NA,NA,NA,NA,NA,NA,NA,NA,NA,NA,NA,NA,NA,NA,NA,NA,NA,NA,NA,NA,NA,NA,NA,NA,NA,NA,NA,NA,NA,NA,NA,NA,NA,NA,NA,NA,NA,NA,NA,NA,NA,NA,NA,NA,NA,NA,NA,NA,NA,NA,NA,NA,NA,NA,NA,NA,NA,NA,NA,NA
"FEDm_204",NA,NA,NA,NA,NA,NA,NA,NA,NA,NA,NA,NA,NA,NA,NA,NA,NA,NA,NA,NA,NA,NA,NA,NA,NA,NA,NA,NA,NA,NA,NA,NA,NA,NA,NA,NA,NA,NA,NA,NA,NA,NA,NA,NA,NA,NA,NA,NA,NA,NA,NA,NA,NA,NA,NA,NA,NA,NA,NA,NA,NA,NA,NA,NA,NA,NA,NA,NA,NA,NA,NA,NA,NA,NA,NA,NA,NA,NA,NA,NA,NA,NA,NA,NA,NA,NA,NA,NA,NA,NA,NA,NA,NA,NA,NA,NA,NA,NA,NA,NA,NA,NA,NA,NA,NA,NA,NA,NA,NA,NA,NA,NA,NA,NA,NA,NA,NA,NA,NA,NA
"FEDm_205",NA,NA,NA,NA,NA,NA,NA,NA,NA,NA,NA,NA,NA,NA,NA,NA,NA,NA,NA,NA,NA,NA,NA,NA,NA,NA,NA,NA,NA,NA,NA,NA,NA,NA,NA,NA,NA,NA,NA,NA,NA,NA,NA,NA,NA,NA,NA,NA,NA,NA,NA,NA,NA,NA,NA,NA,NA,NA,NA,NA,NA,NA,NA,NA,NA,NA,NA,NA,NA,NA,NA,NA,NA,NA,NA,NA,NA,NA,NA,NA,NA,NA,NA,NA,NA,NA,NA,NA,NA,NA,NA,NA,NA,NA,NA,NA,NA,NA,NA,NA,NA,NA,NA,NA,NA,NA,NA,NA,NA,NA,NA,NA,NA,NA,NA,NA,NA,NA,NA,NA
"FEDm_206",NA,NA,NA,NA,NA,NA,NA,NA,NA,NA,NA,NA,NA,NA,NA,NA,NA,NA,NA,NA,NA,NA,NA,NA,NA,NA,NA,NA,NA,NA,NA,NA,NA,NA,NA,NA,NA,NA,NA,NA,NA,NA,NA,NA,NA,NA,NA,NA,NA,NA,NA,NA,NA,NA,NA,NA,NA,NA,NA,NA,NA,NA,NA,NA,NA,NA,NA,NA,NA,NA,NA,NA,NA,NA,NA,NA,NA,NA,NA,NA,NA,NA,NA,NA,NA,NA,NA,NA,NA,NA,NA,NA,NA,NA,NA,NA,NA,NA,NA,NA,NA,NA,NA,NA,NA,NA,NA,NA,NA,NA,NA,NA,NA,NA,NA,NA,NA,NA,NA,NA
"FEDm_207",NA,NA,NA,NA,NA,NA,NA,NA,NA,NA,NA,NA,NA,NA,NA,NA,NA,NA,NA,NA,NA,NA,NA,NA,NA,NA,NA,NA,NA,NA,NA,NA,NA,NA,NA,NA,NA,NA,NA,NA,NA,NA,NA,NA,NA,NA,NA,NA,NA,NA,NA,NA,NA,NA,NA,NA,NA,NA,NA,NA,NA,NA,NA,NA,NA,NA,NA,NA,NA,NA,NA,NA,NA,NA,NA,NA,NA,NA,NA,NA,NA,NA,NA,NA,NA,NA,NA,NA,NA,NA,NA,NA,NA,NA,NA,NA,NA,NA,NA,NA,NA,NA,NA,NA,NA,NA,NA,NA,NA,NA,NA,NA,NA,NA,NA,NA,NA,NA,NA,NA
"FEDm_208",NA,NA,NA,NA,NA,NA,NA,NA,NA,NA,NA,NA,NA,NA,NA,NA,NA,NA,NA,NA,NA,NA,NA,NA,NA,NA,NA,NA,NA,NA,NA,NA,NA,NA,NA,NA,NA,NA,NA,NA,NA,NA,NA,NA,NA,NA,NA,NA,NA,NA,NA,NA,NA,NA,NA,NA,NA,NA,NA,NA,NA,NA,NA,NA,NA,NA,NA,NA,NA,NA,NA,NA,NA,NA,NA,NA,NA,NA,NA,NA,NA,NA,NA,NA,NA,NA,NA,NA,NA,NA,NA,NA,NA,NA,NA,NA,NA,NA,NA,NA,NA,NA,NA,NA,NA,NA,NA,NA,NA,NA,NA,NA,NA,NA,NA,NA,NA,NA,NA,NA
"FEDm_209",NA,NA,NA,NA,NA,NA,NA,NA,NA,NA,NA,NA,NA,NA,NA,NA,NA,NA,NA,NA,NA,NA,NA,NA,NA,NA,NA,NA,NA,NA,NA,NA,NA,NA,NA,NA,NA,NA,NA,NA,NA,NA,NA,NA,NA,NA,NA,NA,NA,NA,NA,NA,NA,NA,NA,NA,NA,NA,NA,NA,NA,NA,NA,NA,NA,NA,NA,NA,NA,NA,NA,NA,NA,NA,NA,NA,NA,NA,NA,NA,NA,NA,NA,NA,NA,NA,NA,NA,NA,NA,NA,NA,NA,NA,NA,NA,NA,NA,NA,NA,NA,NA,NA,NA,NA,NA,NA,NA,NA,NA,NA,NA,NA,NA,NA,NA,NA,NA,NA,NA
"FEDm_210",NA,NA,NA,NA,NA,NA,NA,NA,NA,NA,NA,NA,NA,NA,NA,NA,NA,NA,NA,NA,NA,NA,NA,NA,NA,NA,NA,NA,NA,NA,NA,NA,NA,NA,NA,NA,NA,NA,NA,NA,NA,NA,NA,NA,NA,NA,NA,NA,NA,NA,NA,NA,NA,NA,NA,NA,NA,NA,NA,NA,NA,NA,NA,NA,NA,NA,NA,NA,NA,NA,NA,NA,NA,NA,NA,NA,NA,NA,NA,NA,NA,NA,NA,NA,NA,NA,NA,NA,NA,NA,NA,NA,NA,NA,NA,NA,NA,NA,NA,NA,NA,NA,NA,NA,NA,NA,NA,NA,NA,NA,NA,NA,NA,NA,NA,NA,NA,NA,NA,NA
"FEDm_211",NA,NA,NA,NA,NA,NA,NA,NA,NA,NA,NA,NA,NA,NA,NA,NA,NA,NA,NA,NA,NA,NA,NA,NA,NA,NA,NA,NA,NA,NA,NA,NA,NA,NA,NA,NA,NA,NA,NA,NA,NA,NA,NA,NA,NA,NA,NA,NA,NA,NA,NA,NA,NA,NA,NA,NA,NA,NA,NA,NA,NA,NA,NA,NA,NA,NA,NA,NA,NA,NA,NA,NA,NA,NA,NA,NA,NA,NA,NA,NA,NA,NA,NA,NA,NA,NA,NA,NA,NA,NA,NA,NA,NA,NA,NA,NA,NA,NA,NA,NA,NA,NA,NA,NA,NA,NA,NA,NA,NA,NA,NA,NA,NA,NA,NA,NA,NA,NA,NA,NA
"FEDm_212",NA,NA,NA,NA,NA,NA,NA,NA,NA,NA,NA,NA,NA,NA,NA,NA,NA,NA,NA,NA,NA,NA,NA,NA,NA,NA,NA,NA,NA,NA,NA,NA,NA,NA,NA,NA,NA,NA,NA,NA,NA,NA,NA,NA,NA,NA,NA,NA,NA,NA,NA,NA,NA,NA,NA,NA,NA,NA,NA,NA,NA,NA,NA,NA,NA,NA,NA,NA,NA,NA,NA,NA,NA,NA,NA,NA,NA,NA,NA,NA,NA,NA,NA,NA,NA,NA,NA,NA,NA,NA,NA,NA,NA,NA,NA,NA,NA,NA,NA,NA,NA,NA,NA,NA,NA,NA,NA,NA,NA,NA,NA,NA,NA,NA,NA,NA,NA,NA,NA,NA
"FEDm_213",NA,NA,NA,NA,NA,NA,NA,NA,NA,NA,NA,NA,NA,NA,NA,NA,NA,NA,NA,NA,NA,NA,NA,NA,NA,NA,NA,NA,NA,NA,NA,NA,NA,NA,NA,NA,NA,NA,NA,NA,NA,NA,NA,NA,NA,NA,NA,NA,NA,NA,NA,NA,NA,NA,NA,NA,NA,NA,NA,NA,NA,NA,NA,NA,NA,NA,NA,NA,NA,NA,NA,NA,NA,NA,NA,NA,NA,NA,NA,NA,NA,NA,NA,NA,NA,NA,NA,NA,NA,NA,NA,NA,NA,NA,NA,NA,NA,NA,NA,NA,NA,NA,NA,NA,NA,NA,NA,NA,NA,NA,NA,NA,NA,NA,NA,NA,NA,NA,NA,NA
"FEDm_214",NA,NA,NA,NA,NA,NA,NA,NA,NA,NA,NA,NA,NA,NA,NA,NA,NA,NA,NA,NA,NA,NA,NA,NA,NA,NA,NA,NA,NA,NA,NA,NA,NA,NA,NA,NA,NA,NA,NA,NA,NA,NA,NA,NA,NA,NA,NA,NA,NA,NA,NA,NA,NA,NA,NA,NA,NA,NA,NA,NA,NA,NA,NA,NA,NA,NA,NA,NA,NA,NA,NA,NA,NA,NA,NA,NA,NA,NA,NA,NA,NA,NA,NA,NA,NA,NA,NA,NA,NA,NA,NA,NA,NA,NA,NA,NA,NA,NA,NA,NA,NA,NA,NA,NA,NA,NA,NA,NA,NA,NA,NA,NA,NA,NA,NA,NA,NA,NA,NA,NA
"FEDm_215",NA,NA,NA,NA,NA,NA,NA,NA,NA,NA,NA,NA,NA,NA,NA,NA,NA,NA,NA,NA,NA,NA,NA,NA,NA,NA,NA,NA,NA,NA,NA,NA,NA,NA,NA,NA,NA,NA,NA,NA,NA,NA,NA,NA,NA,NA,NA,NA,NA,NA,NA,NA,NA,NA,NA,NA,NA,NA,NA,NA,NA,NA,NA,NA,NA,NA,NA,NA,NA,NA,NA,NA,NA,NA,NA,NA,NA,NA,NA,NA,NA,NA,NA,NA,NA,NA,NA,NA,NA,NA,NA,NA,NA,NA,NA,NA,NA,NA,NA,NA,NA,NA,NA,NA,NA,NA,NA,NA,NA,NA,NA,NA,NA,NA,NA,NA,NA,NA,NA,NA
"FEDm_216",NA,NA,NA,NA,NA,NA,NA,NA,NA,NA,NA,NA,NA,NA,NA,NA,NA,NA,NA,NA,NA,NA,NA,NA,NA,NA,NA,NA,NA,NA,NA,NA,NA,NA,NA,NA,NA,NA,NA,NA,NA,NA,NA,NA,NA,NA,NA,NA,NA,NA,NA,NA,NA,NA,NA,NA,NA,NA,NA,NA,NA,NA,NA,NA,NA,NA,NA,NA,NA,NA,NA,NA,NA,NA,NA,NA,NA,NA,NA,NA,NA,NA,NA,NA,NA,NA,NA,NA,NA,NA,NA,NA,NA,NA,NA,NA,NA,NA,NA,NA,NA,NA,NA,NA,NA,NA,NA,NA,NA,NA,NA,NA,NA,NA,NA,NA,NA,NA,NA,NA
"FEDm_217",NA,NA,NA,NA,NA,NA,NA,NA,NA,NA,NA,NA,NA,NA,NA,NA,NA,NA,NA,NA,NA,NA,NA,NA,NA,NA,NA,NA,NA,NA,NA,NA,NA,NA,NA,NA,NA,NA,NA,NA,NA,NA,NA,NA,NA,NA,NA,NA,NA,NA,NA,NA,NA,NA,NA,NA,NA,NA,NA,NA,NA,NA,NA,NA,NA,NA,NA,NA,NA,NA,NA,NA,NA,NA,NA,NA,NA,NA,NA,NA,NA,NA,NA,NA,NA,NA,NA,NA,NA,NA,NA,NA,NA,NA,NA,NA,NA,NA,NA,NA,NA,NA,NA,NA,NA,NA,NA,NA,NA,NA,NA,NA,NA,NA,NA,NA,NA,NA,NA,NA
"FEDm_218",NA,NA,NA,NA,NA,NA,NA,NA,NA,NA,NA,NA,NA,NA,NA,NA,NA,NA,NA,NA,NA,NA,NA,NA,NA,NA,NA,NA,NA,NA,NA,NA,NA,NA,NA,NA,NA,NA,NA,NA,NA,NA,NA,NA,NA,NA,NA,NA,NA,NA,NA,NA,NA,NA,NA,NA,NA,NA,NA,NA,NA,NA,NA,NA,NA,NA,NA,NA,NA,NA,NA,NA,NA,NA,NA,NA,NA,NA,NA,NA,NA,NA,NA,NA,NA,NA,NA,NA,NA,NA,NA,NA,NA,NA,NA,NA,NA,NA,NA,NA,NA,NA,NA,NA,NA,NA,NA,NA,NA,NA,NA,NA,NA,NA,NA,NA,NA,NA,NA,NA
"FEDm_219",NA,NA,NA,NA,NA,NA,NA,NA,NA,NA,NA,NA,NA,NA,NA,NA,NA,NA,NA,NA,NA,NA,NA,NA,NA,NA,NA,NA,NA,NA,NA,NA,NA,NA,NA,NA,NA,NA,NA,NA,NA,NA,NA,NA,NA,NA,NA,NA,NA,NA,NA,NA,NA,NA,NA,NA,NA,NA,NA,NA,NA,NA,NA,NA,NA,NA,NA,NA,NA,NA,NA,NA,NA,NA,NA,NA,NA,NA,NA,NA,NA,NA,NA,NA,NA,NA,NA,NA,NA,NA,NA,NA,NA,NA,NA,NA,NA,NA,NA,NA,NA,NA,NA,NA,NA,NA,NA,NA,NA,NA,NA,NA,NA,NA,NA,NA,NA,NA,NA,NA
"FEDm_220",NA,NA,NA,NA,NA,NA,NA,NA,NA,NA,NA,NA,NA,NA,NA,NA,NA,NA,NA,NA,NA,NA,NA,NA,NA,NA,NA,NA,NA,NA,NA,NA,NA,NA,NA,NA,NA,NA,NA,NA,NA,NA,NA,NA,NA,NA,NA,NA,NA,NA,NA,NA,NA,NA,NA,NA,NA,NA,NA,NA,NA,NA,NA,NA,NA,NA,NA,NA,NA,NA,NA,NA,NA,NA,NA,NA,NA,NA,NA,NA,NA,NA,NA,NA,NA,NA,NA,NA,NA,NA,NA,NA,NA,NA,NA,NA,NA,NA,NA,NA,NA,NA,NA,NA,NA,NA,NA,NA,NA,NA,NA,NA,NA,NA,NA,NA,NA,NA,NA,NA
"FEDm_221",NA,NA,NA,NA,NA,NA,NA,NA,NA,NA,NA,NA,NA,NA,NA,NA,NA,NA,NA,NA,NA,NA,NA,NA,NA,NA,NA,NA,NA,NA,NA,NA,NA,NA,NA,NA,NA,NA,NA,NA,NA,NA,NA,NA,NA,NA,NA,NA,NA,NA,NA,NA,NA,NA,NA,NA,NA,NA,NA,NA,NA,NA,NA,NA,NA,NA,NA,NA,NA,NA,NA,NA,NA,NA,NA,NA,NA,NA,NA,NA,NA,NA,NA,NA,NA,NA,NA,NA,NA,NA,NA,NA,NA,NA,NA,NA,NA,NA,NA,NA,NA,NA,NA,NA,NA,NA,NA,NA,NA,NA,NA,NA,NA,NA,NA,NA,NA,NA,NA,NA
"FEDm_222",NA,NA,NA,NA,NA,NA,NA,NA,NA,NA,NA,NA,NA,NA,NA,NA,NA,NA,NA,NA,NA,NA,NA,NA,NA,NA,NA,NA,NA,NA,NA,NA,NA,NA,NA,NA,NA,NA,NA,NA,NA,NA,NA,NA,NA,NA,NA,NA,NA,NA,NA,NA,NA,NA,NA,NA,NA,NA,NA,NA,NA,NA,NA,NA,NA,NA,NA,NA,NA,NA,NA,NA,NA,NA,NA,NA,NA,NA,NA,NA,NA,NA,NA,NA,NA,NA,NA,NA,NA,NA,NA,NA,NA,NA,NA,NA,NA,NA,NA,NA,NA,NA,NA,NA,NA,NA,NA,NA,NA,NA,NA,NA,NA,NA,NA,NA,NA,NA,NA,NA
"FEDm_223",NA,NA,NA,NA,NA,NA,NA,NA,NA,NA,NA,NA,NA,NA,NA,NA,NA,NA,NA,NA,NA,NA,NA,NA,NA,NA,NA,NA,NA,NA,NA,NA,NA,NA,NA,NA,NA,NA,NA,NA,NA,NA,NA,NA,NA,NA,NA,NA,NA,NA,NA,NA,NA,NA,NA,NA,NA,NA,NA,NA,NA,NA,NA,NA,NA,NA,NA,NA,NA,NA,NA,NA,NA,NA,NA,NA,NA,NA,NA,NA,NA,NA,NA,NA,NA,NA,NA,NA,NA,NA,NA,NA,NA,NA,NA,NA,NA,NA,NA,NA,NA,NA,NA,NA,NA,NA,NA,NA,NA,NA,NA,NA,NA,NA,NA,NA,NA,NA,NA,NA
"FEDm_224",NA,NA,NA,NA,NA,NA,NA,NA,NA,NA,NA,NA,NA,NA,NA,NA,NA,NA,NA,NA,NA,NA,NA,NA,NA,NA,NA,NA,NA,NA,NA,NA,NA,NA,NA,NA,NA,NA,NA,NA,NA,NA,NA,NA,NA,NA,NA,NA,NA,NA,NA,NA,NA,NA,NA,NA,NA,NA,NA,NA,NA,NA,NA,NA,NA,NA,NA,NA,NA,NA,NA,NA,NA,NA,NA,NA,NA,NA,NA,NA,NA,NA,NA,NA,NA,NA,NA,NA,NA,NA,NA,NA,NA,NA,NA,NA,NA,NA,NA,NA,NA,NA,NA,NA,NA,NA,NA,NA,NA,NA,NA,NA,NA,NA,NA,NA,NA,NA,NA,NA
"FEDm_225",NA,NA,NA,NA,NA,NA,NA,NA,NA,NA,NA,NA,NA,NA,NA,NA,NA,NA,NA,NA,NA,NA,NA,NA,NA,NA,NA,NA,NA,NA,NA,NA,NA,NA,NA,NA,NA,NA,NA,NA,NA,NA,NA,NA,NA,NA,NA,NA,NA,NA,NA,NA,NA,NA,NA,NA,NA,NA,NA,NA,NA,NA,NA,NA,NA,NA,NA,NA,NA,NA,NA,NA,NA,NA,NA,NA,NA,NA,NA,NA,NA,NA,NA,NA,NA,NA,NA,NA,NA,NA,NA,NA,NA,NA,NA,NA,NA,NA,NA,NA,NA,NA,NA,NA,NA,NA,NA,NA,NA,NA,NA,NA,NA,NA,NA,NA,NA,NA,NA,NA
"FEDm_226",NA,NA,NA,NA,NA,NA,NA,NA,NA,NA,NA,NA,NA,NA,NA,NA,NA,NA,NA,NA,NA,NA,NA,NA,NA,NA,NA,NA,NA,NA,NA,NA,NA,NA,NA,NA,NA,NA,NA,NA,NA,NA,NA,NA,NA,NA,NA,NA,NA,NA,NA,NA,NA,NA,NA,NA,NA,NA,NA,NA,NA,NA,NA,NA,NA,NA,NA,NA,NA,NA,NA,NA,NA,NA,NA,NA,NA,NA,NA,NA,NA,NA,NA,NA,NA,NA,NA,NA,NA,NA,NA,NA,NA,NA,NA,NA,NA,NA,NA,NA,NA,NA,NA,NA,NA,NA,NA,NA,NA,NA,NA,NA,NA,NA,NA,NA,NA,NA,NA,NA
"FEDm_227",NA,NA,NA,NA,NA,NA,NA,NA,NA,NA,NA,NA,NA,NA,NA,NA,NA,NA,NA,NA,NA,NA,NA,NA,NA,NA,NA,NA,NA,NA,NA,NA,NA,NA,NA,NA,NA,NA,NA,NA,NA,NA,NA,NA,NA,NA,NA,NA,NA,NA,NA,NA,NA,NA,NA,NA,NA,NA,NA,NA,NA,NA,NA,NA,NA,NA,NA,NA,NA,NA,NA,NA,NA,NA,NA,NA,NA,NA,NA,NA,NA,NA,NA,NA,NA,NA,NA,NA,NA,NA,NA,NA,NA,NA,NA,NA,NA,NA,NA,NA,NA,NA,NA,NA,NA,NA,NA,NA,NA,NA,NA,NA,NA,NA,NA,NA,NA,NA,NA,NA
"FEDm_228",NA,NA,NA,NA,NA,NA,NA,NA,NA,NA,NA,NA,NA,NA,NA,NA,NA,NA,NA,NA,NA,NA,NA,NA,NA,NA,NA,NA,NA,NA,NA,NA,NA,NA,NA,NA,NA,NA,NA,NA,NA,NA,NA,NA,NA,NA,NA,NA,NA,NA,NA,NA,NA,NA,NA,NA,NA,NA,NA,NA,NA,NA,NA,NA,NA,NA,NA,NA,NA,NA,NA,NA,NA,NA,NA,NA,NA,NA,NA,NA,NA,NA,NA,NA,NA,NA,NA,NA,NA,NA,NA,NA,NA,NA,NA,NA,NA,NA,NA,NA,NA,NA,NA,NA,NA,NA,NA,NA,NA,NA,NA,NA,NA,NA,NA,NA,NA,NA,NA,NA
"FEDm_229",NA,NA,NA,NA,NA,NA,NA,NA,NA,NA,NA,NA,NA,NA,NA,NA,NA,NA,NA,NA,NA,NA,NA,NA,NA,NA,NA,NA,NA,NA,NA,NA,NA,NA,NA,NA,NA,NA,NA,NA,NA,NA,NA,NA,NA,NA,NA,NA,NA,NA,NA,NA,NA,NA,NA,NA,NA,NA,NA,NA,NA,NA,NA,NA,NA,NA,NA,NA,NA,NA,NA,NA,NA,NA,NA,NA,NA,NA,NA,NA,NA,NA,NA,NA,NA,NA,NA,NA,NA,NA,NA,NA,NA,NA,NA,NA,NA,NA,NA,NA,NA,NA,NA,NA,NA,NA,NA,NA,NA,NA,NA,NA,NA,NA,NA,NA,NA,NA,NA,NA
"FEDm_230",NA,NA,NA,NA,NA,NA,NA,NA,NA,NA,NA,NA,NA,NA,NA,NA,NA,NA,NA,NA,NA,NA,NA,NA,NA,NA,NA,NA,NA,NA,NA,NA,NA,NA,NA,NA,NA,NA,NA,NA,NA,NA,NA,NA,NA,NA,NA,NA,NA,NA,NA,NA,NA,NA,NA,NA,NA,NA,NA,NA,NA,NA,NA,NA,NA,NA,NA,NA,NA,NA,NA,NA,NA,NA,NA,NA,NA,NA,NA,NA,NA,NA,NA,NA,NA,NA,NA,NA,NA,NA,NA,NA,NA,NA,NA,NA,NA,NA,NA,NA,NA,NA,NA,NA,NA,NA,NA,NA,NA,NA,NA,NA,NA,NA,NA,NA,NA,NA,NA,NA
"FEDm_231",NA,NA,NA,NA,NA,NA,NA,NA,NA,NA,NA,NA,NA,NA,NA,NA,NA,NA,NA,NA,NA,NA,NA,NA,NA,NA,NA,NA,NA,NA,NA,NA,NA,NA,NA,NA,NA,NA,NA,NA,NA,NA,NA,NA,NA,NA,NA,NA,NA,NA,NA,NA,NA,NA,NA,NA,NA,NA,NA,NA,NA,NA,NA,NA,NA,NA,NA,NA,NA,NA,NA,NA,NA,NA,NA,NA,NA,NA,NA,NA,NA,NA,NA,NA,NA,NA,NA,NA,NA,NA,NA,NA,NA,NA,NA,NA,NA,NA,NA,NA,NA,NA,NA,NA,NA,NA,NA,NA,NA,NA,NA,NA,NA,NA,NA,NA,NA,NA,NA,NA
"FEDm_232",NA,NA,NA,NA,NA,NA,NA,NA,NA,NA,NA,NA,NA,NA,NA,NA,NA,NA,NA,NA,NA,NA,NA,NA,NA,NA,NA,NA,NA,NA,NA,NA,NA,NA,NA,NA,NA,NA,NA,NA,NA,NA,NA,NA,NA,NA,NA,NA,NA,NA,NA,NA,NA,NA,NA,NA,NA,NA,NA,NA,NA,NA,NA,NA,NA,NA,NA,NA,NA,NA,NA,NA,NA,NA,NA,NA,NA,NA,NA,NA,NA,NA,NA,NA,NA,NA,NA,NA,NA,NA,NA,NA,NA,NA,NA,NA,NA,NA,NA,NA,NA,NA,NA,NA,NA,NA,NA,NA,NA,NA,NA,NA,NA,NA,NA,NA,NA,NA,NA,NA
"FEDm_233",NA,NA,NA,NA,NA,NA,NA,NA,NA,NA,NA,NA,NA,NA,NA,NA,NA,NA,NA,NA,NA,NA,NA,NA,NA,NA,NA,NA,NA,NA,NA,NA,NA,NA,NA,NA,NA,NA,NA,NA,NA,NA,NA,NA,NA,NA,NA,NA,NA,NA,NA,NA,NA,NA,NA,NA,NA,NA,NA,NA,NA,NA,NA,NA,NA,NA,NA,NA,NA,NA,NA,NA,NA,NA,NA,NA,NA,NA,NA,NA,NA,NA,NA,NA,NA,NA,NA,NA,NA,NA,NA,NA,NA,NA,NA,NA,NA,NA,NA,NA,NA,NA,NA,NA,NA,NA,NA,NA,NA,NA,NA,NA,NA,NA,NA,NA,NA,NA,NA,NA
"FEDm_234",NA,NA,NA,NA,NA,NA,NA,NA,NA,NA,NA,NA,NA,NA,NA,NA,NA,NA,NA,NA,NA,NA,NA,NA,NA,NA,NA,NA,NA,NA,NA,NA,NA,NA,NA,NA,NA,NA,NA,NA,NA,NA,NA,NA,NA,NA,NA,NA,NA,NA,NA,NA,NA,NA,NA,NA,NA,NA,NA,NA,NA,NA,NA,NA,NA,NA,NA,NA,NA,NA,NA,NA,NA,NA,NA,NA,NA,NA,NA,NA,NA,NA,NA,NA,NA,NA,NA,NA,NA,NA,NA,NA,NA,NA,NA,NA,NA,NA,NA,NA,NA,NA,NA,NA,NA,NA,NA,NA,NA,NA,NA,NA,NA,NA,NA,NA,NA,NA,NA,NA
"FEDm_235",NA,NA,NA,NA,NA,NA,NA,NA,NA,NA,NA,NA,NA,NA,NA,NA,NA,NA,NA,NA,NA,NA,NA,NA,NA,NA,NA,NA,NA,NA,NA,NA,NA,NA,NA,NA,NA,NA,NA,NA,NA,NA,NA,NA,NA,NA,NA,NA,NA,NA,NA,NA,NA,NA,NA,NA,NA,NA,NA,NA,NA,NA,NA,NA,NA,NA,NA,NA,NA,NA,NA,NA,NA,NA,NA,NA,NA,NA,NA,NA,NA,NA,NA,NA,NA,NA,NA,NA,NA,NA,NA,NA,NA,NA,NA,NA,NA,NA,NA,NA,NA,NA,NA,NA,NA,NA,NA,NA,NA,NA,NA,NA,NA,NA,NA,NA,NA,NA,NA,NA
"SPEECH_370",NA,NA,NA,NA,NA,NA,NA,NA,NA,NA,NA,NA,NA,NA,NA,NA,NA,NA,NA,NA,NA,NA,NA,NA,NA,NA,NA,NA,NA,NA,NA,NA,NA,NA,NA,NA,NA,NA,NA,NA,NA,NA,NA,NA,NA,NA,NA,NA,NA,NA,NA,NA,NA,NA,NA,NA,NA,NA,NA,NA,0.0571532834008808,0.0212293109470555,0.0184206702832805,0.0282692870629708,0.0746127009711174,0.0367140548561553,0.0274023983540378,0.018106269483474,0.0225998652280263,0.0601885945781695,0.0215164360727425,0.0256002915075163,0.0256016550786055,0.0329463979180467,0.0628656566858598,0.0242367415876173,0.0128355094994507,0.0196968876143956,0.0239514970484267,0.0239871476174921,0.0301258126269441,0.0222982859538452,0.0349530891291821,0.0405558357069467,0.02218485872026,0.0824684753020331,0.028000104080838,0.0353877548228986,0.0330887421697944,0.0330023856919368,0.0228460134699745,0.0304914796031504,0.0133769848439237,0.0442043682904468,0.0834939645816864,0.0316844998199994,0.0187278150956611,0.0165551663853843,0.041721095088502,0.0220846540337094,0.01571666142879,0.013524996172883,0.0193238573325656,0.0416836488477472,0.0248960432256517,0.0336740085199144,0.026357767673494,0.0183673872130167,0.0219228247692108,0.0265454115187204,0.0223801289774988,0.0129635901153757,0.024972862617744,0.0516700594803471,0.068301290406162,0.0760509585974296,0.060834993287942,0.0321351427724579,0.0587523815559825,0.0247399442746286
"SPEECH_546",NA,NA,NA,NA,NA,NA,NA,NA,NA,NA,NA,NA,NA,NA,NA,NA,NA,NA,NA,NA,NA,NA,NA,NA,NA,NA,NA,NA,NA,NA,NA,NA,NA,NA,NA,NA,NA,NA,NA,NA,NA,NA,NA,NA,NA,NA,NA,NA,NA,NA,NA,NA,NA,NA,NA,NA,NA,NA,NA,NA,0.0531562297136366,0.0253127656748642,0.00923480778528445,0.0272374519919912,0.0206380979931788,0.034111763582212,0.0453246848257102,0.0179700789951473,0.0128467302960405,0.12333975629956,0.0206180753078202,0.0203512858558879,0.00707729746807142,0.0828293418670208,0.00769430599041893,0.0779008410835915,0.015417342269855,0.014168866703768,0.0168879299683889,0.0148491323142097,0.0174117457558775,0.0514354685129937,0.0166327795663858,0.0513529215170711,0.0988325959024396,0.0190285189145852,0.0128171337723789,0.0638216460077369,0.0104935083722192,0.0112068956916544,0.031298163437609,0.0287847858145947,0.014045425141118,0.0191964729126406,0.0834487080208687,0.0341439312251961,0.0170195241471062,0.0160420987618909,0.0272227538375678,0.0339049647142198,0.0207768593808662,0.0352656232849332,0.0219603673461021,0.0562981624261877,0.021216382539806,0.0348969318712287,0.0148160332059354,0.0203077362827287,0.0395447373899196,0.035777462871484,0.0347499362534349,0.0233571191671228,0.0313225556434934,0.0618633116317715,0.0468715415740583,0.0711959328473169,0.0481396741906308,0.0314612703598656,0.0217315790301242,0.0233399546901781
"SPEECH_647",NA,NA,NA,NA,NA,NA,NA,NA,NA,NA,NA,NA,NA,NA,NA,NA,NA,NA,NA,NA,NA,NA,NA,NA,NA,NA,NA,NA,NA,NA,NA,NA,NA,NA,NA,NA,NA,NA,NA,NA,NA,NA,NA,NA,NA,NA,NA,NA,NA,NA,NA,NA,NA,NA,NA,NA,NA,NA,NA,NA,0.0164037493306506,0.0423087077264982,0.0212208687154013,0.0177397219639204,0.0575968868359701,0.0221468080178044,0.0195770968065455,0.0192418602073691,0.0220495413082016,0.0212939435211651,0.0350993716885713,0.0213835089015423,0.0169275866661873,0.0312276533859732,0.0388405095929128,0.0297943877544194,0.0244709808411907,0.0236709600418761,0.0185381060975873,0.0348030054059671,0.0198497568125661,0.0182030270952489,0.0115686132388836,0.0221002635785187,0.0838558209897436,0.0726884044693481,0.103874665455353,0.0362896768245033,0.0332818900440275,0.0639526266820531,0.025695990548787,0.0184204841923983,0.0181568452722633,0.0219010348772391,0.0598694488226679,0.0249486645640826,0.0321887760589127,0.0228626784939024,0.0192734336398938,0.0173531420021404,0.0246517427214509,0.0761497375634418,0.0299217552792703,0.0526540266907625,0.0109193184727286,0.0645728166426406,0.0265956014783597,0.0295836771346266,0.023979266861533,0.0200058302478404,0.0141357132983754,0.0143152281186383,0.0171254148826231,0.0203069317857704,0.0268244066588207,0.0182045406324586,0.112410237877034,0.0790889381780709,0.0530787385197702,0.0248055784834965
"SPEECH_435",NA,NA,NA,NA,NA,NA,NA,NA,NA,NA,NA,NA,NA,NA,NA,NA,NA,NA,NA,NA,NA,NA,NA,NA,NA,NA,NA,NA,NA,NA,NA,NA,NA,NA,NA,NA,NA,NA,NA,NA,NA,NA,NA,NA,NA,NA,NA,NA,NA,NA,NA,NA,NA,NA,NA,NA,NA,NA,NA,NA,0.0181173783461176,0.0291590462271542,0.0194189568878785,0.020241766890106,0.0598001151712924,0.0460103298274852,0.0426833236019382,0.0128843777440332,0.036789399667241,0.0278209099429988,0.0187154507750405,0.037950519976069,0.0313336227813019,0.0249894990740474,0.0155945771032689,0.0497318953429228,0.0281403896837994,0.01373147367337,0.0108399606951214,0.0254785692081573,0.0386846061542833,0.0232254574801544,0.0422995640661833,0.0256027621643682,0.0564622150960818,0.0750859547668628,0.066098077126668,0.0259349617407914,0.0518468887975436,0.0253279499877198,0.0226923452072762,0.0249982119063386,0.0220039223114027,0.0200456271678099,0.058847072424208,0.0298253594510623,0.0418410682493861,0.0170036894698983,0.0266000741702938,0.0263921892448395,0.0357704942750529,0.031307265933653,0.022314753703174,0.0630003468434301,0.0176395330824168,0.0471385354010035,0.065203075551966,0.0171814411548724,0.0628035623696531,0.0281303118916319,0.0259217248739931,0.0135399974335553,0.0194699931908243,0.0187648315899738,0.051677556739501,0.0808816685730299,0.0527573014414255,0.0153100427632234,0.0253217599640694,0.0156162436210352
"SPEECH_574",NA,NA,NA,NA,NA,NA,NA,NA,NA,NA,NA,NA,NA,NA,NA,NA,NA,NA,NA,NA,NA,NA,NA,NA,NA,NA,NA,NA,NA,NA,NA,NA,NA,NA,NA,NA,NA,NA,NA,NA,NA,NA,NA,NA,NA,NA,NA,NA,NA,NA,NA,NA,NA,NA,NA,NA,NA,NA,NA,NA,0.0439690011687088,0.0297690019449094,0.0102496921670752,0.0101611646860563,0.0616729395988881,0.0428170842903048,0.0290742740013214,0.0121572143473494,0.0397875980153397,0.046029804303919,0.0290396706292672,0.020095062667528,0.0195524994593075,0.0387644710452888,0.0180851298474974,0.0521807206326588,0.0251164534386923,0.010421374926615,0.0350737427421919,0.0318403587997855,0.0320889258567306,0.0238484385644397,0.0152517763364412,0.0424420890962857,0.0423681982202699,0.0805712453215161,0.0305823389799559,0.0446581218239213,0.026893502155961,0.0554381049317744,0.0173408048698288,0.044921876519136,0.0191450391469596,0.0163928949556511,0.0821596589263815,0.0255908901363665,0.0170919687368511,0.0161610507299887,0.0563009389175377,0.0381191359930332,0.0288997835720197,0.0512252955565546,0.0318910583766362,0.0373445983584976,0.0198401504137954,0.0243643528417146,0.0306586364520178,0.0294456336876365,0.0344578956115543,0.0355475249834477,0.0158963189350019,0.0205099227071,0.0122885117181728,0.0217260701656322,0.0596637387520176,0.0777298521405828,0.0658417588274069,0.0309621705202611,0.0149310865084594,0.0235513809397567
"SPEECH_371",NA,NA,NA,NA,NA,NA,NA,NA,NA,NA,NA,NA,NA,NA,NA,NA,NA,NA,NA,NA,NA,NA,NA,NA,NA,NA,NA,NA,NA,NA,NA,NA,NA,NA,NA,NA,NA,NA,NA,NA,NA,NA,NA,NA,NA,NA,NA,NA,NA,NA,NA,NA,NA,NA,NA,NA,NA,NA,NA,NA,0.0178520917665764,0.0439564882183909,0.0185302774784041,0.0351886365864474,0.10031894688082,0.0261032544516691,0.0210071227047494,0.0168213442006773,0.0204780074023812,0.0559648801251163,0.0244445985648316,0.0238677772647035,0.0499390796402087,0.0472462592423869,0.0222489910813793,0.0247810502378741,0.0383243204817278,0.019102545737248,0.0279895295633856,0.0193548297459956,0.0284378614428571,0.0265784337687999,0.0340962390742491,0.0266256367684151,0.0480406568006079,0.0677467402858973,0.0380974020780872,0.0179478768767673,0.0220588366035963,0.0368502849257493,0.0258731681935986,0.0364637332897656,0.0123980743111624,0.0346091936619018,0.0602950481758378,0.010797785983373,0.032827854943604,0.0104772222048738,0.033983537816266,0.0319809594173862,0.0492462384188795,0.015358650927957,0.0118281725759695,0.0302780475071278,0.0103579028520867,0.0901821126335588,0.143188711635686,0.016679666611181,0.0300925678037536,0.01911038191363,0.0134939525824486,0.0383280293199785,0.0163718474298517,0.0182056447979662,0.0334696124503663,0.0238437660064795,0.0203630343227969,0.0707306876553895,0.0333962497726791,0.0257681447844441
"SPEECH_478",NA,NA,NA,NA,NA,NA,NA,NA,NA,NA,NA,NA,NA,NA,NA,NA,NA,NA,NA,NA,NA,NA,NA,NA,NA,NA,NA,NA,NA,NA,NA,NA,NA,NA,NA,NA,NA,NA,NA,NA,NA,NA,NA,NA,NA,NA,NA,NA,NA,NA,NA,NA,NA,NA,NA,NA,NA,NA,NA,NA,0.0258731681935986,0.0364637332897656,0.0123980743111624,0.0346091936619018,0.0602950481758378,0.010797785983373,0.032827854943604,0.0104772222048738,0.033983537816266,0.0319809594173862,0.0492462384188795,0.015358650927957,0.0118281725759695,0.0302780475071278,0.0103579028520867,0.0901821126335588,0.143188711635686,0.016679666611181,0.0300925678037536,0.01911038191363,0.0134939525824486,0.0383280293199785,0.0163718474298517,0.0182056447979662,0.0334696124503663,0.0238437660064795,0.0203630343227969,0.0707306876553895,0.0333962497726791,0.0257681447844441,0.0249050948238471,0.0347651737724886,0.0175916778102233,0.0194869908373285,0.0505551576674157,0.0172858557441998,0.0230095690269513,0.0165875767756599,0.058806776703716,0.0775247953754943,0.0348437329140416,0.0452716678762454,0.0292934899769478,0.0329545827535945,0.0308543050553373,0.0461069317816092,0.0195789074943471,0.0169036764950797,0.01769932436841,0.0460574143367331,0.0232707242005846,0.0203668618397426,0.0297133193237514,0.0407210267000173,0.0184477508184315,0.0773573697602959,0.0259649212802636,0.056138632349259,0.0312023211104539,0.0167343710275299
"SPEECH_572",NA,NA,NA,NA,NA,NA,NA,NA,NA,NA,NA,NA,NA,NA,NA,NA,NA,NA,NA,NA,NA,NA,NA,NA,NA,NA,NA,NA,NA,NA,NA,NA,NA,NA,NA,NA,NA,NA,NA,NA,NA,NA,NA,NA,NA,NA,NA,NA,NA,NA,NA,NA,NA,NA,NA,NA,NA,NA,NA,NA,0.0249050948238471,0.0347651737724886,0.0175916778102233,0.0194869908373285,0.0505551576674157,0.0172858557441998,0.0230095690269513,0.0165875767756599,0.058806776703716,0.0775247953754943,0.0348437329140416,0.0452716678762454,0.0292934899769478,0.0329545827535945,0.0308543050553373,0.0461069317816092,0.0195789074943471,0.0169036764950797,0.01769932436841,0.0460574143367331,0.0232707242005846,0.0203668618397426,0.0297133193237514,0.0407210267000173,0.0184477508184315,0.0773573697602959,0.0259649212802636,0.056138632349259,0.0312023211104539,0.0167343710275299,0.0251133363833902,0.0358209394690661,0.0106495787853577,0.0134706927644862,0.0474155724244286,0.0293672976189172,0.0269970104417286,0.0163116508575452,0.041650238842699,0.0484729706836863,0.0233129790655804,0.0621567817391703,0.0299920780232034,0.0641871834225511,0.0252607321795944,0.0513905944439104,0.0265911485283664,0.0334187161254874,0.018245941855686,0.0223024532533582,0.00913673653977371,0.0386072911107542,0.0272883759009607,0.0206533215768308,0.0129601615581253,0.0708551623890975,0.032711052480382,0.0605163350822561,0.0571658271805819,0.0179778392730247
"SPEECH_573",NA,NA,NA,NA,NA,NA,NA,NA,NA,NA,NA,NA,NA,NA,NA,NA,NA,NA,NA,NA,NA,NA,NA,NA,NA,NA,NA,NA,NA,NA,NA,NA,NA,NA,NA,NA,NA,NA,NA,NA,NA,NA,NA,NA,NA,NA,NA,NA,NA,NA,NA,NA,NA,NA,NA,NA,NA,NA,NA,NA,0.0251133363833902,0.0358209394690661,0.0106495787853577,0.0134706927644862,0.0474155724244286,0.0293672976189172,0.0269970104417286,0.0163116508575452,0.041650238842699,0.0484729706836863,0.0233129790655804,0.0621567817391703,0.0299920780232034,0.0641871834225511,0.0252607321795944,0.0513905944439104,0.0265911485283664,0.0334187161254874,0.018245941855686,0.0223024532533582,0.00913673653977371,0.0386072911107542,0.0272883759009607,0.0206533215768308,0.0129601615581253,0.0708551623890975,0.032711052480382,0.0605163350822561,0.0571658271805819,0.0179778392730247,0.0155729716553199,0.02030866894246,0.0177940265292282,0.0623179255984756,0.0658175611561663,0.0125055057315082,0.0237325076920489,0.0151063435679799,0.0299104636503292,0.0711337591938234,0.0174199407580969,0.0100894930777839,0.0310842701236347,0.0462755351749666,0.0587029533986803,0.0133048401147727,0.0178570847148312,0.0238372968813704,0.0143953404078465,0.0302234679030727,0.0394985435370407,0.0191289487800279,0.0150826035137388,0.0408844084023896,0.0481619858682469,0.10282415335139,0.050871033715867,0.0230260928506678,0.0445690264589837,0.0185632472492521
"SPEECH_446",NA,NA,NA,NA,NA,NA,NA,NA,NA,NA,NA,NA,NA,NA,NA,NA,NA,NA,NA,NA,NA,NA,NA,NA,NA,NA,NA,NA,NA,NA,NA,NA,NA,NA,NA,NA,NA,NA,NA,NA,NA,NA,NA,NA,NA,NA,NA,NA,NA,NA,NA,NA,NA,NA,NA,NA,NA,NA,NA,NA,0.0262736646530202,0.0380088537541518,0.0177184886962961,0.014487943284344,0.0278480395751035,0.0300490647597839,0.0279967306135685,0.0165858563997344,0.0714741745697725,0.0496866141789119,0.0148569621197347,0.0272708777774105,0.0259000794744285,0.0263371034428646,0.0195050359897357,0.033075496304116,0.055744246343772,0.0222312937012971,0.0270482510008934,0.0283447498289123,0.0375706355733404,0.0313921237870229,0.0168015632886551,0.0445518600689435,0.0189522545960975,0.0735200579756794,0.0323214218589046,0.0794461996284977,0.0472817278360774,0.01771862891893,0.0278719847188008,0.0315592917689312,0.0189212523497484,0.0138184410489978,0.0461335788713097,0.0310918590597221,0.0551205670262591,0.015758534372061,0.0660516519131475,0.0430219032563829,0.0196992627489283,0.0432529110627873,0.0175128235440665,0.0647547862800924,0.0278313120645018,0.0398132287586409,0.0298353214313065,0.0210518387858413,0.0201584953332365,0.0153081722844559,0.0169795346499091,0.0158225241065056,0.0268030424450894,0.0482585131401978,0.0763820520562097,0.0586057460095351,0.034652910010589,0.037222499970804,0.0206880847905978,0.0160178761413446
"SPEECH_679",NA,NA,NA,NA,NA,NA,NA,NA,NA,NA,NA,NA,NA,NA,NA,NA,NA,NA,NA,NA,NA,NA,NA,NA,NA,NA,NA,NA,NA,NA,NA,NA,NA,NA,NA,NA,NA,NA,NA,NA,NA,NA,NA,NA,NA,NA,NA,NA,NA,NA,NA,NA,NA,NA,NA,NA,NA,NA,NA,NA,0.0344684327745051,0.0249577189129232,0.0240272493256816,0.0147589663677818,0.0274828351258653,0.0414232565528188,0.0310746979091963,0.0125699174240267,0.0459274032445654,0.0671656488662124,0.0217150334671475,0.0386941236092823,0.0200470861451658,0.0587180386706246,0.0258382692460987,0.0374354525405283,0.0206259469747521,0.0221967428906229,0.0290594376455979,0.0141007336512944,0.0176039996807666,0.0215534118853728,0.0118230810341844,0.0877590380415908,0.03229666057111,0.0962051951390625,0.0206143608753834,0.0238856360044148,0.0427393440365533,0.0332322813868704,0.0269578073336188,0.0456855498311777,0.0173546136754948,0.0163102870493346,0.0629687806315017,0.0299907668005838,0.0204091902307901,0.0180002048365838,0.0650716406879672,0.0204294636997127,0.0198335011590536,0.0533924047566342,0.0225059248669231,0.0246658676383706,0.0270966295806202,0.0230931811830763,0.0967288685301213,0.015965626773941,0.0184775255902151,0.0202850469664226,0.0178609328125863,0.0308057394273536,0.0411979371586553,0.0161575231311865,0.0925167811554113,0.0707090293065411,0.0162083032743411,0.0302621358251148,0.0225583656622116,0.0165003704244553
"SPEECH_550",NA,NA,NA,NA,NA,NA,NA,NA,NA,NA,NA,NA,NA,NA,NA,NA,NA,NA,NA,NA,NA,NA,NA,NA,NA,NA,NA,NA,NA,NA,NA,NA,NA,NA,NA,NA,NA,NA,NA,NA,NA,NA,NA,NA,NA,NA,NA,NA,NA,NA,NA,NA,NA,NA,NA,NA,NA,NA,NA,NA,0.0185457193202472,0.0277657192236014,0.0108006471198338,0.0154688945776169,0.0794699614608423,0.0285540558623218,0.0191884530179627,0.0220928007043876,0.0368838968560369,0.0242673186479997,0.0312522688497354,0.0246172996514988,0.0203566464952347,0.026070170176534,0.0286619183620695,0.0556753499054856,0.0694544238089585,0.0219500023128807,0.0210906979495129,0.0310058927898566,0.0492473101226136,0.010741018074238,0.0149469802964236,0.0152993019667917,0.0407781958764956,0.0885837814450973,0.0502747199950154,0.0442016053699528,0.0256019430836026,0.0471530066771525,0.0209806782806247,0.0498941673871262,0.0177144958575424,0.0308762119095533,0.0645925685039202,0.0274105595602002,0.0309535947523793,0.0173944232937862,0.0331129769262708,0.0293698016485259,0.0189430062426335,0.0270548921323679,0.0201080256647403,0.0385898133283235,0.0247054519269778,0.0895104093706646,0.0174008323768333,0.0190942183398421,0.0180693344345658,0.0470602108006269,0.0511053587598524,0.0182755345700454,0.0147939799762934,0.0337489500818042,0.0391277911673516,0.0857989945456202,0.0304778173825119,0.0292102008783839,0.0274435127110355,0.0271821871895963
"SPEECH_373",NA,NA,NA,NA,NA,NA,NA,NA,NA,NA,NA,NA,NA,NA,NA,NA,NA,NA,NA,NA,NA,NA,NA,NA,NA,NA,NA,NA,NA,NA,NA,NA,NA,NA,NA,NA,NA,NA,NA,NA,NA,NA,NA,NA,NA,NA,NA,NA,NA,NA,NA,NA,NA,NA,NA,NA,NA,NA,NA,NA,0.0269546244429861,0.0368175679979225,0.010306250159694,0.0769862614763118,0.0230221713637359,0.0349591458458488,0.0200059254518084,0.0195969453309377,0.0129395588603632,0.00585295480905743,0.0376946406324312,0.00974474107498671,0.018955508839775,0.0380638742758091,0.00654125762980846,0.0850813622880773,0.0784842870550027,0.0211076215468799,0.025142813218198,0.0196899504188179,0.0328841687465474,0.0237760797441357,0.0344786092577955,0.043743920213993,0.0949668148356903,0.0132302902700559,0.0147550847989063,0.0747547086043425,0.0345389569759718,0.0249239038341095,0.0486694201531813,0.0327320940023926,0.0235836788023797,0.0137013763847184,0.0616834873487571,0.0647854937077043,0.0359345212737041,0.0168079869035867,0.0204625290730581,0.0691760789246384,0.0338439317420459,0.0248483725369529,0.0126171043077801,0.0263479030962006,0.0139424707850585,0.0284052833489711,0.0707761954160592,0.0136730303637061,0.0221954459068131,0.0126627046283935,0.0133080270783257,0.0347538062270907,0.0202379810879025,0.0221201568831218,0.0463007861868522,0.110569742151722,0.0185672543516965,0.0205823959687239,0.0391303650667192,0.0275803762917435
"SPEECH_644",NA,NA,NA,NA,NA,NA,NA,NA,NA,NA,NA,NA,NA,NA,NA,NA,NA,NA,NA,NA,NA,NA,NA,NA,NA,NA,NA,NA,NA,NA,NA,NA,NA,NA,NA,NA,NA,NA,NA,NA,NA,NA,NA,NA,NA,NA,NA,NA,NA,NA,NA,NA,NA,NA,NA,NA,NA,NA,NA,NA,0.0213586562783147,0.019854519682032,0.0159376541361181,0.0359696700288068,0.0590780172860478,0.048312015435465,0.0253082721722775,0.0127373021002839,0.0316598443307078,0.0890975918029433,0.0161486608690463,0.0272761959297199,0.0228042077050049,0.025246890846899,0.0199002833400365,0.0243302839262702,0.0512614028706447,0.0140959556801762,0.0520450614362399,0.0157850787561196,0.0261741741557618,0.0343340556372182,0.0252428801988865,0.0334914329965853,0.0163615932243375,0.087539811762258,0.0325371635737471,0.053039221860573,0.0468182059102334,0.0162538960672449,0.0322946259707069,0.0232935485896253,0.0185543640364308,0.0205864199084738,0.118065524250956,0.0418064780270935,0.0207849634116914,0.0116944434971452,0.0444832246981713,0.0408019536642525,0.0161832564330314,0.0203595410547999,0.0333290030417911,0.0201929136594332,0.0294639195311828,0.0223014208268996,0.0185539401777179,0.0154778187608484,0.0239351357561705,0.0398986202549834,0.050659087835669,0.0232178593469595,0.0232159139870389,0.0502821748854073,0.02835206250307,0.0511646461211204,0.0208421662015064,0.0761457601222163,0.0235914216765065,0.0404677917691008
"SPEECH_688",NA,NA,NA,NA,NA,NA,NA,NA,NA,NA,NA,NA,NA,NA,NA,NA,NA,NA,NA,NA,NA,NA,NA,NA,NA,NA,NA,NA,NA,NA,NA,NA,NA,NA,NA,NA,NA,NA,NA,NA,NA,NA,NA,NA,NA,NA,NA,NA,NA,NA,NA,NA,NA,NA,NA,NA,NA,NA,NA,NA,0.0394457568762967,0.0327699544493027,0.0179596433514883,0.0455838060618426,0.0322796675462212,0.0834471689021214,0.0252504672299747,0.0151696443411835,0.0122061046252877,0.0141149690230203,0.0525286962263756,0.0374626430707007,0.0154349446653897,0.0537032206886162,0.0162723479837435,0.0570368727564516,0.106133586877492,0.0237268906313383,0.0454490604957873,0.016853099189496,0.0117871640233956,0.0144316910831888,0.0126374147939978,0.0229329460014865,0.0589474882167062,0.0129131195009711,0.0267182326353222,0.0399263652903727,0.0371771871490855,0.0196998463133435,0.0263504891067301,0.0282108382309591,0.0141720820424831,0.0532425930908709,0.062041156759872,0.0381377665496216,0.034446331230035,0.0179043923585867,0.0243765265453876,0.0434522040190536,0.0259673633787953,0.015449659046474,0.017824813948984,0.050477453960454,0.0162395512815199,0.0445914440480778,0.0488601799968596,0.0227718132665173,0.0341428677746424,0.0189115138544902,0.0855809821168734,0.0216539547079472,0.0223882632336428,0.0375969748313098,0.0324337844231306,0.0680166180245627,0.0272430991000923,0.0291974294055369,0.019114465046137,0.0192033886203532
"SPEECH_544",NA,NA,NA,NA,NA,NA,NA,NA,NA,NA,NA,NA,NA,NA,NA,NA,NA,NA,NA,NA,NA,NA,NA,NA,NA,NA,NA,NA,NA,NA,NA,NA,NA,NA,NA,NA,NA,NA,NA,NA,NA,NA,NA,NA,NA,NA,NA,NA,NA,NA,NA,NA,NA,NA,NA,NA,NA,NA,NA,NA,0.0277963008039421,0.0191945576113718,0.0207911057385813,0.0151792886608163,0.023300683062919,0.0370109591411655,0.0440098924995194,0.0122046015326945,0.0184170318095484,0.115537810395408,0.0427569536597215,0.079957860773157,0.0241449513677812,0.106091221591725,0.0131594763876943,0.0858799367872987,0.0316986373414432,0.0159581714227942,0.031854161420038,0.0187165872439456,0.012848608470958,0.0174728933359056,0.0137355391383886,0.0129905668893667,0.0275684259343307,0.0169892710130304,0.0171278016174285,0.0422059089278095,0.0309058647497993,0.0244949306714183,0.03744474769415,0.0274759007690517,0.0169102316362665,0.0231131196921098,0.0518741830432178,0.0394786613176009,0.051211627542863,0.0152480991572671,0.0235187541446055,0.0409521036872768,0.0472624492753328,0.0484518850259924,0.0198186228958667,0.052657283653831,0.0185749501007118,0.0476793037447114,0.0379321644677946,0.0200737205978226,0.0207598327832023,0.0283001468868486,0.0319626927506721,0.0194414926887836,0.0132107434511645,0.0379586742861988,0.0651095954592848,0.0482487207912853,0.0242140208396593,0.0395358575086375,0.0275447315117889,0.0240356825960019
"SPEECH_380",NA,NA,NA,NA,NA,NA,NA,NA,NA,NA,NA,NA,NA,NA,NA,NA,NA,NA,NA,NA,NA,NA,NA,NA,NA,NA,NA,NA,NA,NA,NA,NA,NA,NA,NA,NA,NA,NA,NA,NA,NA,NA,NA,NA,NA,NA,NA,NA,NA,NA,NA,NA,NA,NA,NA,NA,NA,NA,NA,NA,0.03744474769415,0.0274759007690517,0.0169102316362665,0.0231131196921098,0.0518741830432178,0.0394786613176009,0.051211627542863,0.0152480991572671,0.0235187541446055,0.0409521036872768,0.0472624492753328,0.0484518850259924,0.0198186228958667,0.052657283653831,0.0185749501007118,0.0476793037447114,0.0379321644677946,0.0200737205978226,0.0207598327832023,0.0283001468868486,0.0319626927506721,0.0194414926887836,0.0132107434511645,0.0379586742861988,0.0651095954592848,0.0482487207912853,0.0242140208396593,0.0395358575086375,0.0275447315117889,0.0240356825960019,0.0455019584735482,0.027678930562219,0.0182271616072654,0.0210685047426461,0.0736245064816865,0.0307494097008106,0.0240796335572762,0.0141589148412032,0.0360511221125201,0.0650815087547107,0.0272069052606254,0.0294620708574737,0.0233831661292335,0.021052182069221,0.0430630802910822,0.0281194233494957,0.016637069678191,0.0168090148303585,0.0154270435026045,0.0151835360987911,0.023799080747442,0.0168066445442649,0.0378469421674057,0.0655316400723811,0.0151533008201507,0.133362323385861,0.0452992201758083,0.0212117254314469,0.0158060701161067,0.0326179096381699
"SPEECH_441",NA,NA,NA,NA,NA,NA,NA,NA,NA,NA,NA,NA,NA,NA,NA,NA,NA,NA,NA,NA,NA,NA,NA,NA,NA,NA,NA,NA,NA,NA,NA,NA,NA,NA,NA,NA,NA,NA,NA,NA,NA,NA,NA,NA,NA,NA,NA,NA,NA,NA,NA,NA,NA,NA,NA,NA,NA,NA,NA,NA,0.063382832245369,0.0223977315083883,0.0184947849897766,0.0575140923829018,0.0631741060551233,0.0387640551565011,0.0156191725348058,0.0219547864502143,0.0612723721229056,0.0146535040170796,0.0454451915286168,0.0690366146284579,0.024555091476459,0.03705739715626,0.0407242782265288,0.0341426985656531,0.0272158386461628,0.0119537013825279,0.0205325058529448,0.0373251802125808,0.0347151507160982,0.0164297560275389,0.034744743938543,0.0148407445621985,0.03637548897665,0.0108191743398892,0.0358636934260572,0.0396017774074486,0.0349797999049963,0.016413735561323,0.0328714606942344,0.0401245243984936,0.0179995103763703,0.0159329322613389,0.0418276611546788,0.0461942590766155,0.0209660676856341,0.026417963913485,0.0152231384745515,0.0265806118340608,0.0142246325852933,0.0254099775976954,0.0140500353162994,0.0722505371308923,0.0300528129804585,0.0491602197675597,0.0227405458752479,0.0233817979810419,0.0167413229241375,0.0151959190445999,0.0133201422497752,0.0346445706640722,0.0111820884401477,0.0380589299612129,0.0688656422241231,0.0769852903233034,0.101540511669077,0.0234440168861362,0.0230631850838243,0.0415496914256394
"SPEECH_703",NA,NA,NA,NA,NA,NA,NA,NA,NA,NA,NA,NA,NA,NA,NA,NA,NA,NA,NA,NA,NA,NA,NA,NA,NA,NA,NA,NA,NA,NA,NA,NA,NA,NA,NA,NA,NA,NA,NA,NA,NA,NA,NA,NA,NA,NA,NA,NA,NA,NA,NA,NA,NA,NA,NA,NA,NA,NA,NA,NA,0.027417331598695,0.019587200888391,0.0169739134191627,0.0554126319818234,0.0387596056083886,0.037326167043987,0.0278062477903137,0.0171050859011848,0.0535790551938538,0.0441245537611236,0.0323069455703593,0.0177146114931344,0.0220723912622247,0.0378433861303709,0.0234043835792263,0.0601355258500607,0.0192223767295665,0.0194921371401927,0.0317429161290107,0.0141412728524096,0.0279002461820004,0.0212270770421718,0.0144340176091407,0.0155667011373933,0.0514462144415943,0.0859784824650771,0.075712085737144,0.0327712768200316,0.0453970936722564,0.0133990649697108,0.033048704891767,0.0195323918940894,0.0174552798382861,0.0164144361606381,0.0860148211079339,0.0376003466043309,0.0388373730170643,0.0231979522203478,0.0218746088370604,0.0505362740995226,0.0234432110156876,0.0273023828936831,0.0169613827473945,0.0616011027575446,0.0389433853347906,0.0309197623428156,0.0244901283645289,0.0165050626005624,0.0218799550183112,0.0191173557932993,0.0434459473041954,0.0320874710151497,0.0248753404260833,0.0520856311973097,0.0214817022699837,0.0915419002401268,0.0501237080750945,0.0194715312266013,0.0190673868906861,0.0201434638151114
"SPEECH_640",NA,NA,NA,NA,NA,NA,NA,NA,NA,NA,NA,NA,NA,NA,NA,NA,NA,NA,NA,NA,NA,NA,NA,NA,NA,NA,NA,NA,NA,NA,NA,NA,NA,NA,NA,NA,NA,NA,NA,NA,NA,NA,NA,NA,NA,NA,NA,NA,NA,NA,NA,NA,NA,NA,NA,NA,NA,NA,NA,NA,0.0259405072324516,0.0231270191436307,0.0149905922242651,0.0137868520315233,0.0971640274263248,0.0162578916672928,0.0209909534481251,0.0150264684179683,0.0263918271559014,0.0380638458821748,0.0129627009423092,0.0143298345359752,0.0225958990473666,0.0175760222022948,0.0423558936147083,0.0174628963168075,0.0236845480176123,0.0162337405780787,0.0512609111507452,0.0468235800189931,0.0632456991371557,0.0359168782875894,0.0130488446514495,0.0774318848210673,0.0394060889110726,0.124881839549122,0.0297443708985436,0.0193958990473666,0.0239381865442787,0.0159642970978056,0.0338058916521092,0.030781561881235,0.0252070504237083,0.0242995732256162,0.0434435287949992,0.0379278973297311,0.0468413112932471,0.0272155730612244,0.0284617691029372,0.0173878961175904,0.0617192981257636,0.0234059982558657,0.0196772619718426,0.0408599683760355,0.0179258858402751,0.0564783277209262,0.0511589680854116,0.0208514897569388,0.0268152769999941,0.0219609136389591,0.0289331718605854,0.0125813225486483,0.0118827716165762,0.0200517807482344,0.087768597866305,0.0181996004180185,0.054315542447004,0.038402902205568,0.0249983441970065,0.0466405244376434
"SPEECH_379",NA,NA,NA,NA,NA,NA,NA,NA,NA,NA,NA,NA,NA,NA,NA,NA,NA,NA,NA,NA,NA,NA,NA,NA,NA,NA,NA,NA,NA,NA,NA,NA,NA,NA,NA,NA,NA,NA,NA,NA,NA,NA,NA,NA,NA,NA,NA,NA,NA,NA,NA,NA,NA,NA,NA,NA,NA,NA,NA,NA,0.024048248975925,0.0394035793173932,0.0128928883449134,0.0227762040608593,0.0592208221035367,0.0195683714322215,0.0372402336827964,0.0104531119930107,0.0237949990315588,0.153698505200735,0.0439974289947168,0.0125245072282801,0.0489714433482515,0.0441428883449134,0.0140109742930379,0.014046324971771,0.0374227822696964,0.0164609888196556,0.0284151202515474,0.02248316045628,0.0206346869874474,0.0171685819136398,0.017945717326443,0.0255625329682104,0.0785385192328297,0.0110540735314723,0.00966342032819854,0.0532484891287326,0.0579617197866957,0.0226496756752302,0.0272632587261594,0.0242610558722845,0.011758442525525,0.0145301827567621,0.0513719824402889,0.024908061822916,0.0389882746921773,0.0140727410140406,0.0454252782363915,0.0264994172672427,0.0198946458112573,0.047589867907958,0.0217048698995371,0.037203743646032,0.0411273151267284,0.0386186549796643,0.0729119284318016,0.0174527752019384,0.0219287246178796,0.0205699195655949,0.0194892546935325,0.0196141540153357,0.0241579322568111,0.0152850408169131,0.0530979898409133,0.0658050924281046,0.0293752544640663,0.0403175295747882,0.0971312921787682,0.0176453191885874
"SPEECH_627",NA,NA,NA,NA,NA,NA,NA,NA,NA,NA,NA,NA,NA,NA,NA,NA,NA,NA,NA,NA,NA,NA,NA,NA,NA,NA,NA,NA,NA,NA,NA,NA,NA,NA,NA,NA,NA,NA,NA,NA,NA,NA,NA,NA,NA,NA,NA,NA,NA,NA,NA,NA,NA,NA,NA,NA,NA,NA,NA,NA,0.0272632587261594,0.0242610558722845,0.011758442525525,0.0145301827567621,0.0513719824402889,0.024908061822916,0.0389882746921773,0.0140727410140406,0.0454252782363915,0.0264994172672427,0.0198946458112573,0.047589867907958,0.0217048698995371,0.037203743646032,0.0411273151267284,0.0386186549796643,0.0729119284318016,0.0174527752019384,0.0219287246178796,0.0205699195655949,0.0194892546935325,0.0196141540153357,0.0241579322568111,0.0152850408169131,0.0530979898409133,0.0658050924281046,0.0293752544640663,0.0403175295747882,0.0971312921787682,0.0176453191885874,0.022172601479858,0.0319264298597414,0.0175704055366593,0.0178849506577212,0.0642774349131168,0.0348530364176085,0.0282558589819093,0.0168343357143289,0.0310228462124806,0.0639951903103716,0.0265041622733397,0.0434636289317108,0.0168442726786246,0.0404122657392193,0.0352589163943813,0.0304096031005409,0.032931610341304,0.0201276581331843,0.0237567809655224,0.0138412432686104,0.0163295735823242,0.0339054417735443,0.0300254360366785,0.0196759718062314,0.0782092131645587,0.0766191651591935,0.0352368859618265,0.0305407291049139,0.0231256714190072,0.0439886800814887
"SPEECH_608",NA,NA,NA,NA,NA,NA,NA,NA,NA,NA,NA,NA,NA,NA,NA,NA,NA,NA,NA,NA,NA,NA,NA,NA,NA,NA,NA,NA,NA,NA,NA,NA,NA,NA,NA,NA,NA,NA,NA,NA,NA,NA,NA,NA,NA,NA,NA,NA,NA,NA,NA,NA,NA,NA,NA,NA,NA,NA,NA,NA,0.0326160228020863,0.0218779961635292,0.0150042416756173,0.0336828125216167,0.0487775095491119,0.0394282758445649,0.0523782338942074,0.0191079469933466,0.0397575690484956,0.0404586104469443,0.0278075893827996,0.0116886618462668,0.0214916699887787,0.0470958535339284,0.020883726705339,0.039428656356728,0.0534417137278727,0.0193788840018354,0.0261969775062731,0.0196927610011483,0.0220309942806742,0.0295477630216259,0.0116932833611765,0.038145859374275,0.0887226098946166,0.0301883624662971,0.0383764387475727,0.0236485813000333,0.0449688741088091,0.0424815204544293,0.0325355358326848,0.0386601379181558,0.0113069116604215,0.0283446411487374,0.035608470995479,0.034395449546089,0.0154662170689443,0.0154822847310399,0.0148691581158613,0.0611099129736538,0.0183944361923024,0.017314347282491,0.0103391863867861,0.042910962472654,0.0235470287461137,0.0326256747428523,0.0175131328511387,0.0169601341537782,0.0186246025932745,0.0130756635337823,0.0302584235118833,0.0399527206184703,0.0487230964568378,0.0943100976792574,0.0330458365858555,0.106754062498499,0.0418369155203629,0.0468584817336125,0.0369547949299657,0.022221681519016
"SPEECH_683",NA,NA,NA,NA,NA,NA,NA,NA,NA,NA,NA,NA,NA,NA,NA,NA,NA,NA,NA,NA,NA,NA,NA,NA,NA,NA,NA,NA,NA,NA,NA,NA,NA,NA,NA,NA,NA,NA,NA,NA,NA,NA,NA,NA,NA,NA,NA,NA,NA,NA,NA,NA,NA,NA,NA,NA,NA,NA,NA,NA,0.016142574888662,0.0213157875547766,0.0188324936799241,0.0274309342985816,0.0506922831285465,0.0102891303522056,0.0633813185794712,0.0118467627509594,0.0341724249585345,0.158959217441354,0.0816972556973538,0.100254724421372,0.0257356516398483,0.0228409692785565,0.0272816072266869,0.0346094735571164,0.0264148780737801,0.016110124213688,0.0315285121874888,0.019979559128314,0.0114696776924004,0.0169337141291684,0.0165529579386912,0.0114696776924004,0.041787854695737,0.0246945901255919,0.0129051108966913,0.0215988067327148,0.0156063215122519,0.0274656055271316,0.0544200989546928,0.0324343571367983,0.0223265148882193,0.0184239948937188,0.0542042806187051,0.0582653617733465,0.0245726957133842,0.012173455841995,0.0148138881768771,0.044968095571406,0.0349226998352457,0.0437259998280718,0.0142928928963496,0.0418169583162847,0.0224661468151092,0.068183003114039,0.0368076462369911,0.0184337332188348,0.0172284450872965,0.0155121635428747,0.0184107393601318,0.0474927741065478,0.0106703999964138,0.0190695474936389,0.0694675466217095,0.0629353795068878,0.0329665558999299,0.0343949799055479,0.0223588515726631,0.0322407930762895
"SPEECH_543",NA,NA,NA,NA,NA,NA,NA,NA,NA,NA,NA,NA,NA,NA,NA,NA,NA,NA,NA,NA,NA,NA,NA,NA,NA,NA,NA,NA,NA,NA,NA,NA,NA,NA,NA,NA,NA,NA,NA,NA,NA,NA,NA,NA,NA,NA,NA,NA,NA,NA,NA,NA,NA,NA,NA,NA,NA,NA,NA,NA,0.0297093207887144,0.0269427962803678,0.0213794035144995,0.0264338141761891,0.0620585072562774,0.0231927391206573,0.0278723979847641,0.0204985291528473,0.0662575650188744,0.0692131133959678,0.0254008281096852,0.0555427310328894,0.0153038224777372,0.0401137394349531,0.0182694339634435,0.0451741827490386,0.0367874190854974,0.0185720002311,0.0230277603828063,0.02037879859806,0.018712216822323,0.0296795136903273,0.0291104032663025,0.0151845059985006,0.0425882142051437,0.064716030794912,0.0263574936726215,0.0552170208128621,0.0254035575114828,0.0209021404711546,0.0385855487516267,0.0421889258539181,0.0166275405377495,0.032052891029006,0.0408184046024649,0.0238138746395602,0.0271489705876538,0.0116057082581466,0.0271007028902585,0.0470224729887477,0.0658117999341538,0.0421982611092349,0.0370803120803492,0.0575913802436564,0.0188746294713625,0.0551348674501665,0.0289983733482947,0.0240248971174599,0.0154488817719407,0.0167084619624353,0.0136685870757821,0.0234317037736537,0.0133427398928101,0.0484362451069589,0.0520379485789203,0.068213427757128,0.0172391068449611,0.0326844543360211,0.034033453047938,0.0280754289576409
"SPEECH_686",NA,NA,NA,NA,NA,NA,NA,NA,NA,NA,NA,NA,NA,NA,NA,NA,NA,NA,NA,NA,NA,NA,NA,NA,NA,NA,NA,NA,NA,NA,NA,NA,NA,NA,NA,NA,NA,NA,NA,NA,NA,NA,NA,NA,NA,NA,NA,NA,NA,NA,NA,NA,NA,NA,NA,NA,NA,NA,NA,NA,0.0320758742682428,0.0367433738384556,0.0178342240115976,0.0352350435030935,0.0490229113100561,0.0639700734161858,0.0304947126783239,0.0247867238684601,0.0218585962939048,0.0131412812060259,0.037483133306243,0.0165240431925285,0.0156095659922092,0.0877293151995881,0.0142434646130992,0.0579010806202278,0.0255456377348971,0.0196864856885399,0.0174399730048405,0.0168876621790865,0.0276338537745396,0.0217504888084492,0.00961942821682392,0.0408852009705566,0.0383749222962183,0.0585965352417535,0.0367213349876304,0.0563762009326131,0.0191049109527194,0.0567239478930906,0.0300421675509539,0.0415657327363569,0.0257203521048296,0.0130653626694557,0.0341837980390484,0.0412853629875203,0.028539267595823,0.0160088905180932,0.0230969210033158,0.0728658220616299,0.0190778372196291,0.0163852539280147,0.0158968343842968,0.0638074333987299,0.0373060858667018,0.0323668210840953,0.0829302677193403,0.0236989600196825,0.0233728665914274,0.0183490265929352,0.0418362483068655,0.0406522790120009,0.013695408407171,0.0140752537485981,0.0372818599103617,0.0759932231547108,0.0484662903303905,0.0275681055633159,0.0182115104107234,0.0226547570839827
"SPEECH_410",NA,NA,NA,NA,NA,NA,NA,NA,NA,NA,NA,NA,NA,NA,NA,NA,NA,NA,NA,NA,NA,NA,NA,NA,NA,NA,NA,NA,NA,NA,NA,NA,NA,NA,NA,NA,NA,NA,NA,NA,NA,NA,NA,NA,NA,NA,NA,NA,NA,NA,NA,NA,NA,NA,NA,NA,NA,NA,NA,NA,0.0459766675320399,0.0450368983679494,0.0132310139897885,0.0320850700354964,0.0706135381818572,0.0455149194907081,0.0246099784290087,0.0139395242431177,0.0174819621233509,0.023142659578345,0.0294144044748324,0.0289705118182484,0.0146414607133356,0.0569580364208601,0.0436395165247571,0.0382971104661783,0.0265052836959802,0.0160564313611513,0.00963074742822025,0.015091887802387,0.0142545066463241,0.0254275862465454,0.0170454050747459,0.0858539107684508,0.0450096736137728,0.0567685732638387,0.0274111145226159,0.0319026929561317,0.0246149531686757,0.0608739610612867,0.0292486524792668,0.0446786323080381,0.0156334179093494,0.0122456918146747,0.0259939052849425,0.0539453491759635,0.104329775898759,0.0115991721832608,0.0179516515508459,0.0619234420724854,0.00857802414700703,0.0122356394662538,0.013945603206429,0.0269788055931057,0.0196374219133534,0.041679717985861,0.129256660487275,0.0182819395427653,0.0239939476233535,0.0119315045155931,0.0109123584813414,0.04467871698486,0.0132426888116717,0.0206404672547674,0.0222577461650976,0.059858996962723,0.0478247512366344,0.0209385538610111,0.0229123584813414,0.0526644066019695
"SPEECH_687",NA,NA,NA,NA,NA,NA,NA,NA,NA,NA,NA,NA,NA,NA,NA,NA,NA,NA,NA,NA,NA,NA,NA,NA,NA,NA,NA,NA,NA,NA,NA,NA,NA,NA,NA,NA,NA,NA,NA,NA,NA,NA,NA,NA,NA,NA,NA,NA,NA,NA,NA,NA,NA,NA,NA,NA,NA,NA,NA,NA,0.0643586937369758,0.0477938249359409,0.0118494226031188,0.0141790077475065,0.0432417705480893,0.0494765403738042,0.0197191648440789,0.0163925074431957,0.0136444753181174,0.0118949548682198,0.0323525989357861,0.0515919305488035,0.0145427719596694,0.0546212565978348,0.02077569844722,0.0817638735707107,0.0693460265092346,0.0197153504008795,0.0320762815716731,0.0311581607410156,0.011212540684855,0.0579404904979944,0.0229867124235943,0.011669543161881,0.0404531181473436,0.053602839247846,0.0370682152819669,0.0230222131509233,0.0264733838868084,0.0150766318149125,0.034987542239483,0.0324981475123945,0.0206110717918446,0.023934380445243,0.0574130889536552,0.0336971780441244,0.0422342689078901,0.0179421355303146,0.0237174535314752,0.0639686035189466,0.028525899134478,0.0567338921037587,0.025535638314718,0.0420804859338562,0.0274320459940428,0.0217260078042353,0.0206748275777487,0.0226589669714207,0.0251747054335457,0.029640164775889,0.0460430748917211,0.0317513390759689,0.0287787597753332,0.0349984982054055,0.0168283501758276,0.0729071237003577,0.0524518303583445,0.027648896339617,0.0159594668338087,0.0214461561245514
"SPEECH_431",NA,NA,NA,NA,NA,NA,NA,NA,NA,NA,NA,NA,NA,NA,NA,NA,NA,NA,NA,NA,NA,NA,NA,NA,NA,NA,NA,NA,NA,NA,NA,NA,NA,NA,NA,NA,NA,NA,NA,NA,NA,NA,NA,NA,NA,NA,NA,NA,NA,NA,NA,NA,NA,NA,NA,NA,NA,NA,NA,NA,0.027566160222257,0.039180109176422,0.0140573632276524,0.0455369958708126,0.0582351872703924,0.0504446073590768,0.0300963330312774,0.020061890043622,0.0405426815061843,0.0351085782127395,0.0233077093724378,0.0168071774855049,0.0377445449016974,0.0201674888441896,0.0239849356285886,0.0401751681346864,0.0226427118605041,0.0124634135479239,0.0216829566469467,0.0388446640057139,0.0154132653940076,0.044834473620386,0.0259629418521013,0.0207351034693407,0.0306776787137115,0.0960843512839158,0.0516571545182513,0.0314350059076939,0.0183165061538212,0.0462328427381411,0.0331412403754701,0.0396685013073287,0.0225918908694146,0.0164328088236711,0.0414061039475608,0.0313868421066312,0.0412244499947353,0.0219167641705012,0.0184462871646394,0.0456559167797057,0.0196947157553355,0.018943409679913,0.0205642006326745,0.0522929837522701,0.0153407767553114,0.0770466985251514,0.0278247119442413,0.021491168677801,0.0170810605760334,0.0280836129816089,0.0251319511747697,0.027750400296886,0.0284780817594059,0.0374393424712978,0.0603908128131833,0.0735698547390195,0.0478520978514429,0.0267038570054104,0.0169463592155257,0.0455030978530601
"SPEECH_704",NA,NA,NA,NA,NA,NA,NA,NA,NA,NA,NA,NA,NA,NA,NA,NA,NA,NA,NA,NA,NA,NA,NA,NA,NA,NA,NA,NA,NA,NA,NA,NA,NA,NA,NA,NA,NA,NA,NA,NA,NA,NA,NA,NA,NA,NA,NA,NA,NA,NA,NA,NA,NA,NA,NA,NA,NA,NA,NA,NA,0.0331894857478146,0.044476008615785,0.0134869197936979,0.0142937488778667,0.0608446157985827,0.0238664197116446,0.044184717642549,0.0150682565491548,0.0329922839479534,0.019087291980718,0.0717062737883763,0.0397159294655644,0.0232354545129504,0.0755022807798248,0.0204759946230219,0.0490850516397317,0.047201891523328,0.0249227463844862,0.0160685029551661,0.0398655905384743,0.0265253019066191,0.0228839157311282,0.0141890106458918,0.00924881189848303,0.0520017145112924,0.0162738513993422,0.0551896621592385,0.0375006312962766,0.0123082495263053,0.0446093860487323,0.036137520415415,0.038962350450026,0.0159172987683786,0.0155311672824143,0.0631248114317189,0.0401167264403771,0.0325883705493584,0.022185930295542,0.0432849666862599,0.0595342885210223,0.0201802368502262,0.0443412742753571,0.0263053642803506,0.0550831992463387,0.0195370829512039,0.0327852507507127,0.0184717938188347,0.021747841072313,0.0175562981505175,0.0404079339127403,0.0173048389330003,0.0266390021274803,0.0300633407558383,0.0328834298620971,0.0433096991687203,0.0526625212769153,0.0506273023093801,0.0227280400120567,0.0381239685084945,0.0218581508969099
"SPEECH_404",NA,NA,NA,NA,NA,NA,NA,NA,NA,NA,NA,NA,NA,NA,NA,NA,NA,NA,NA,NA,NA,NA,NA,NA,NA,NA,NA,NA,NA,NA,NA,NA,NA,NA,NA,NA,NA,NA,NA,NA,NA,NA,NA,NA,NA,NA,NA,NA,NA,NA,NA,NA,NA,NA,NA,NA,NA,NA,NA,NA,0.0676364695517817,0.0283968622917355,0.0126157572927986,0.0392145990416522,0.0316990557086365,0.0349180740808078,0.0292621341151843,0.0103608470021651,0.0192921026378666,0.0398601596980585,0.0388676918270926,0.0394510044109935,0.0163371539924704,0.0560406776781897,0.0222575488649659,0.0669610591283154,0.0437608830567891,0.0158831812541592,0.0104023199735814,0.0118496150153156,0.0120223757634566,0.025340722299693,0.00741482281448259,0.0330226032764576,0.0302840098685088,0.0671782660756594,0.0713341620910032,0.0359230948645141,0.0485320110490256,0.0338807352746398,0.0361408803037264,0.0407141841435306,0.0115059090131253,0.0211943750417657,0.0283261330386757,0.0381257129610156,0.0352405923376025,0.0162003888361353,0.022794179736325,0.0138903230032186,0.0377426766331829,0.0349722283828537,0.01671596460993,0.0537927550106365,0.0149338894452134,0.0798128248447431,0.0996899174728733,0.0166041881653162,0.0935435294576186,0.018641403209597,0.0195824825695867,0.0310009131419454,0.0179113470763631,0.0110914376391667,0.056371745877027,0.0193180563792947,0.0197058314633233,0.0424695170715562,0.0358063583072121,0.0161602548274394
"SPEECH_705",NA,NA,NA,NA,NA,NA,NA,NA,NA,NA,NA,NA,NA,NA,NA,NA,NA,NA,NA,NA,NA,NA,NA,NA,NA,NA,NA,NA,NA,NA,NA,NA,NA,NA,NA,NA,NA,NA,NA,NA,NA,NA,NA,NA,NA,NA,NA,NA,NA,NA,NA,NA,NA,NA,NA,NA,NA,NA,NA,NA,0.028736078682743,0.0425385457557713,0.0180921366920514,0.0108999771435585,0.0548923663944914,0.0420962315473078,0.0356733579185923,0.0182563643909353,0.0227632894346553,0.0770389135783948,0.018967778355016,0.0297126631397601,0.0329003992249707,0.0496704106746701,0.0218699325528422,0.0485055235097087,0.0517520455053239,0.0249761006124737,0.0172744988753382,0.0304704027371131,0.0250988275536869,0.03198460005968,0.0229223594819917,0.019948686733833,0.0504280248612835,0.0654888438346077,0.0523037593655341,0.0206078625122807,0.0164292114608112,0.0177008074105733,0.0296200367137254,0.0369318063039412,0.0130596330338641,0.00906338294633603,0.103053902574917,0.0210610439804776,0.0299650096075021,0.0109666042005268,0.0131907463740494,0.0227444616080032,0.0165364853520536,0.0404874158802692,0.0175479889826724,0.0255161453017858,0.0268654495406683,0.0165785252815756,0.01313101695521,0.023360669900228,0.00671589235778441,0.0366453567359111,0.03007917463471,0.0132472413825171,0.00843632246531129,0.0673369709226846,0.0567690350072996,0.1076872417244,0.0681843903766205,0.0209260679734586,0.015599655667277,0.0986923262142204
"SPEECH_603",NA,NA,NA,NA,NA,NA,NA,NA,NA,NA,NA,NA,NA,NA,NA,NA,NA,NA,NA,NA,NA,NA,NA,NA,NA,NA,NA,NA,NA,NA,NA,NA,NA,NA,NA,NA,NA,NA,NA,NA,NA,NA,NA,NA,NA,NA,NA,NA,NA,NA,NA,NA,NA,NA,NA,NA,NA,NA,NA,NA,0.0335691024691876,0.0255830626899656,0.0144226836578416,0.0244552188230341,0.0321724410585394,0.0504921549880259,0.0263670377342337,0.0154172676342747,0.0337654947052877,0.0667965711691053,0.0400403797745914,0.0170018760442797,0.0165431478093997,0.0593364418306753,0.0204710420865131,0.0362905984275279,0.0247488942947804,0.0198631586329895,0.016348802820946,0.0181857460974939,0.0267204337266275,0.0224687963445479,0.0276539932809548,0.0294942244539284,0.0913055921105985,0.0777430650893007,0.033505565285721,0.0346170422664825,0.0535533577985819,0.0110668068945643,0.0314724702077807,0.032345032956544,0.0188269091548762,0.0129007966991359,0.0838572140144039,0.026002841912547,0.0274387245117385,0.0219897814591186,0.054506492328103,0.0405434999812185,0.0414988738554216,0.0345753339162137,0.0249315574391002,0.0283369478083781,0.0399575756869728,0.030006232175398,0.0374096397982766,0.0195289376597663,0.0168377674132354,0.0193842739988545,0.0155299918550867,0.0538684848779602,0.0382791674769017,0.0169973994142257,0.0171879779145717,0.0452787723249854,0.0402550242904161,0.0416229565076251,0.0410924977714207,0.0475368245897232
"SPEECH_462",NA,NA,NA,NA,NA,NA,NA,NA,NA,NA,NA,NA,NA,NA,NA,NA,NA,NA,NA,NA,NA,NA,NA,NA,NA,NA,NA,NA,NA,NA,NA,NA,NA,NA,NA,NA,NA,NA,NA,NA,NA,NA,NA,NA,NA,NA,NA,NA,NA,NA,NA,NA,NA,NA,NA,NA,NA,NA,NA,NA,0.0314724702077807,0.032345032956544,0.0188269091548762,0.0129007966991359,0.0838572140144039,0.026002841912547,0.0274387245117385,0.0219897814591186,0.054506492328103,0.0405434999812185,0.0414988738554216,0.0345753339162137,0.0249315574391002,0.0283369478083781,0.0399575756869728,0.030006232175398,0.0374096397982766,0.0195289376597663,0.0168377674132354,0.0193842739988545,0.0155299918550867,0.0538684848779602,0.0382791674769017,0.0169973994142257,0.0171879779145717,0.0452787723249854,0.0402550242904161,0.0416229565076251,0.0410924977714207,0.0475368245897232,0.044760457098477,0.0295299275702177,0.0206582057949941,0.0165124791710217,0.0468477845134574,0.0247810836140338,0.0270848393904027,0.0161427518289351,0.0222384378545419,0.0289736347911156,0.0444313047331159,0.0789206311301472,0.0202417750733488,0.0408476286626552,0.0332905313414178,0.0607124977192067,0.0493300777976111,0.0204312902036522,0.0748808150494581,0.015495090993034,0.0179591988394423,0.0346808617732819,0.0337453670210483,0.0128641136993759,0.0387142310716244,0.041028111317915,0.0311904129043324,0.032833144411575,0.0230509155461156,0.0178223990844451
"SPEECH_624",NA,NA,NA,NA,NA,NA,NA,NA,NA,NA,NA,NA,NA,NA,NA,NA,NA,NA,NA,NA,NA,NA,NA,NA,NA,NA,NA,NA,NA,NA,NA,NA,NA,NA,NA,NA,NA,NA,NA,NA,NA,NA,NA,NA,NA,NA,NA,NA,NA,NA,NA,NA,NA,NA,NA,NA,NA,NA,NA,NA,0.016683554681432,0.0266292332019568,0.0154846306979227,0.0193399774402551,0.0290516376044635,0.0265667042908869,0.0257490025575092,0.0183393964070053,0.0946358540760989,0.0360007768625214,0.0186076720629745,0.0510407259182881,0.0170256446875344,0.0394935349161129,0.0179283797478291,0.0259361628562169,0.0556823259096826,0.0204173169650169,0.0235354520455642,0.029632177024743,0.0258382357745749,0.0418551780381383,0.0182500323482446,0.0656711096954116,0.0197063031858892,0.097299427470804,0.0454559285235309,0.039291274730189,0.0247087847978089,0.0141435654813943,0.0261122611126676,0.0267018353460362,0.0125285831079249,0.0361022923717855,0.0535370863861879,0.0414572526480619,0.0432149635326862,0.0136233220053646,0.0429893878128272,0.0508777677115343,0.0191858938455043,0.0193553628681505,0.0170083339087972,0.0198007460617943,0.0199998243045205,0.0231989169342505,0.0511059493812025,0.0202335012901745,0.0353623691774003,0.0183040942087162,0.0314554300031646,0.0239644723355328,0.0401503843038275,0.0427815913324144,0.0368066763182338,0.0704588552512727,0.0391958940179277,0.051768407546181,0.0421262018900348,0.0305923429858236
"SPEECH_406",NA,NA,NA,NA,NA,NA,NA,NA,NA,NA,NA,NA,NA,NA,NA,NA,NA,NA,NA,NA,NA,NA,NA,NA,NA,NA,NA,NA,NA,NA,NA,NA,NA,NA,NA,NA,NA,NA,NA,NA,NA,NA,NA,NA,NA,NA,NA,NA,NA,NA,NA,NA,NA,NA,NA,NA,NA,NA,NA,NA,0.0428044082984807,0.0269225241388541,0.0127124995417804,0.0152870846397721,0.0181665416237295,0.0233734899985499,0.0275127015648711,0.0119267527058241,0.0120828483445256,0.0103419520069081,0.0423074898056981,0.0335946868904683,0.0256582893375201,0.0778909094834147,0.0139482643905244,0.0488481850951671,0.053055623857499,0.029325889123904,0.0185091042870549,0.0193325448474355,0.0866369758228732,0.0150737821156662,0.0113335426607553,0.0600144905918062,0.0665509432799831,0.030519888992308,0.0249450308566383,0.0614508704733086,0.0288480409360264,0.0510246442886532,0.0395817282490078,0.0252157094332776,0.0142710901526938,0.0210465930419493,0.0910090032747661,0.0399658483662786,0.0225939795992791,0.0168177281326002,0.0233019679061802,0.0163568046811133,0.0199489833373143,0.0466856268973255,0.0446739090114092,0.0363972230055285,0.0333644757581265,0.0283057038615213,0.0370446816517267,0.0152303474181046,0.0128218040609589,0.0306857119308226,0.0492239201051321,0.0254265841207073,0.00933890917357089,0.0390387184145834,0.0219626072882544,0.0865374592708447,0.0665709256461828,0.027830168417737,0.0199040992063074,0.0388476885866961
"SPEECH_447",NA,NA,NA,NA,NA,NA,NA,NA,NA,NA,NA,NA,NA,NA,NA,NA,NA,NA,NA,NA,NA,NA,NA,NA,NA,NA,NA,NA,NA,NA,NA,NA,NA,NA,NA,NA,NA,NA,NA,NA,NA,NA,NA,NA,NA,NA,NA,NA,NA,NA,NA,NA,NA,NA,NA,NA,NA,NA,NA,NA,0.0395817282490078,0.0252157094332776,0.0142710901526938,0.0210465930419493,0.0910090032747661,0.0399658483662786,0.0225939795992791,0.0168177281326002,0.0233019679061802,0.0163568046811133,0.0199489833373143,0.0466856268973255,0.0446739090114092,0.0363972230055285,0.0333644757581265,0.0283057038615213,0.0370446816517267,0.0152303474181046,0.0128218040609589,0.0306857119308226,0.0492239201051321,0.0254265841207073,0.00933890917357089,0.0390387184145834,0.0219626072882544,0.0865374592708447,0.0665709256461828,0.027830168417737,0.0199040992063074,0.0388476885866961,0.045334544475489,0.0344043899850576,0.0232394131908527,0.0156412951174746,0.0644415701265389,0.0462618128266281,0.0428633288590651,0.0120582650722025,0.0211517065892759,0.0207534544756395,0.0272636078965224,0.106847851814466,0.0272502176718308,0.0343605415058753,0.0160315008200745,0.0283516109655413,0.0460504350052513,0.0132759639333867,0.0422929878819037,0.0409220288849557,0.0171523309189203,0.0193403167870233,0.0250471801053039,0.0180293690243893,0.0209556157005918,0.057575760122996,0.0236098690125424,0.0374998898615222,0.0420448846467892,0.0299482567218903
"SPEECH_405",NA,NA,NA,NA,NA,NA,NA,NA,NA,NA,NA,NA,NA,NA,NA,NA,NA,NA,NA,NA,NA,NA,NA,NA,NA,NA,NA,NA,NA,NA,NA,NA,NA,NA,NA,NA,NA,NA,NA,NA,NA,NA,NA,NA,NA,NA,NA,NA,NA,NA,NA,NA,NA,NA,NA,NA,NA,NA,NA,NA,0.045334544475489,0.0344043899850576,0.0232394131908527,0.0156412951174746,0.0644415701265389,0.0462618128266281,0.0428633288590651,0.0120582650722025,0.0211517065892759,0.0207534544756395,0.0272636078965224,0.106847851814466,0.0272502176718308,0.0343605415058753,0.0160315008200745,0.0283516109655413,0.0460504350052513,0.0132759639333867,0.0422929878819037,0.0409220288849557,0.0171523309189203,0.0193403167870233,0.0250471801053039,0.0180293690243893,0.0209556157005918,0.057575760122996,0.0236098690125424,0.0374998898615222,0.0420448846467892,0.0299482567218903,0.0536563082261182,0.0277333535741893,0.0167017399513929,0.0232509210585287,0.0525663846208905,0.0480294262064873,0.0597397781982452,0.0233031010234311,0.0286652021550072,0.0367779582277475,0.0295723266069468,0.0285656312041507,0.0147702673865225,0.0247942256961207,0.0202284283324699,0.070588044609051,0.0600989416045072,0.017430613303001,0.0449922851797342,0.0134143484563703,0.0400987159649419,0.0305122413954098,0.0134986099183694,0.0386835094133179,0.0287124793624401,0.0236048058710388,0.0331615487729914,0.0202827959360457,0.0415655838519948,0.0350004238925381
"SPEECH_389",NA,NA,NA,NA,NA,NA,NA,NA,NA,NA,NA,NA,NA,NA,NA,NA,NA,NA,NA,NA,NA,NA,NA,NA,NA,NA,NA,NA,NA,NA,NA,NA,NA,NA,NA,NA,NA,NA,NA,NA,NA,NA,NA,NA,NA,NA,NA,NA,NA,NA,NA,NA,NA,NA,NA,NA,NA,NA,NA,NA,0.0200507358979546,0.0225126742806034,0.0176466488026643,0.04481056053339,0.0431017545826255,0.0564833872762544,0.0348538983564187,0.0217847350109263,0.0225075320911607,0.0416516242905759,0.048702248449104,0.0152720308255291,0.0302056056658175,0.0405001049953251,0.0163193743254665,0.0624110868487977,0.024765051928349,0.0166115632396691,0.0221203041286232,0.0197452126049444,0.0598008354730649,0.0236598595781561,0.0202774847072744,0.0329960177442154,0.0397264455312219,0.0557142396515928,0.0553126864677101,0.0471864487296967,0.0274915205385242,0.0157783274443442,0.033500873401196,0.0650164217400097,0.0239203761157215,0.0102431615297888,0.0298710528373684,0.0222699741293685,0.0502879332782806,0.0128284779749769,0.0178758090165934,0.0658565199900518,0.0318905537345278,0.121621741062711,0.0122768801091758,0.0262131756255714,0.0167118460034404,0.0454887332171708,0.0458509362742886,0.0253082232043601,0.0137506382551539,0.0200501529417011,0.0132250863920078,0.0334333511968573,0.0125895541618673,0.0217660185036171,0.0146907682138034,0.0903054994425608,0.0764927995736995,0.00788800420381751,0.0113621344185056,0.0274133034518069
"SPEECH_641",NA,NA,NA,NA,NA,NA,NA,NA,NA,NA,NA,NA,NA,NA,NA,NA,NA,NA,NA,NA,NA,NA,NA,NA,NA,NA,NA,NA,NA,NA,NA,NA,NA,NA,NA,NA,NA,NA,NA,NA,NA,NA,NA,NA,NA,NA,NA,NA,NA,NA,NA,NA,NA,NA,NA,NA,NA,NA,NA,NA,0.0203951279768323,0.0218785773232215,0.0124020375533885,0.0289697926516399,0.0297917251031101,0.0611160868195467,0.063007805104892,0.0219652019513944,0.0258780282785764,0.0392586714586512,0.0204272243107224,0.0743590301075445,0.014214098353367,0.0538026450703566,0.0182648722081592,0.0242356926526331,0.0487198225019856,0.0166007349129733,0.0192078388112204,0.0135883283225191,0.0117732139223735,0.0343723974484472,0.0282073082255905,0.0258436867568815,0.0895033495433116,0.0674178674348004,0.0275476892843938,0.0463794839817574,0.0187229018233755,0.0221487601063345,0.0330407085418281,0.0251187566391569,0.011253463077434,0.0385544499547993,0.0351947878546224,0.0479688234541645,0.0401078698025767,0.0129337575996942,0.0204009713999408,0.0439591962228203,0.0345559350219819,0.0211824743783088,0.0141796026706945,0.0450711359757863,0.0132406717331163,0.0389965187670724,0.0477349616597861,0.0170522128512096,0.0154311633976896,0.019337391893863,0.0541327831731135,0.0224744005144659,0.0225587438973569,0.0352238216001597,0.065135181961895,0.065651224183316,0.0273700674150307,0.0540046353065561,0.0433738542641871,0.0347604347873736
"SPEECH_460",NA,NA,NA,NA,NA,NA,NA,NA,NA,NA,NA,NA,NA,NA,NA,NA,NA,NA,NA,NA,NA,NA,NA,NA,NA,NA,NA,NA,NA,NA,NA,NA,NA,NA,NA,NA,NA,NA,NA,NA,NA,NA,NA,NA,NA,NA,NA,NA,NA,NA,NA,NA,NA,NA,NA,NA,NA,NA,NA,NA,0.0318008033066055,0.0243241438577121,0.0144049891707143,0.0405441797963552,0.0353182345469673,0.0465173601360829,0.0406990352858839,0.0147010756445726,0.0179568534467333,0.0695445538600522,0.0380267675474588,0.0292611919112617,0.0229934727454899,0.0798513295763457,0.00714204042345002,0.0681159937057113,0.0595227452702604,0.0161920773328089,0.0173040694513931,0.0113492523583429,0.0710475925437244,0.0236974213340755,0.0121029664907402,0.0435086657563821,0.0443305456471513,0.0127362222537843,0.0176324532558911,0.0272074126195766,0.0400963947544164,0.0220701559700559,0.0356704288058962,0.0328642111971941,0.0151284860368024,0.0228148472871174,0.0311212420513676,0.0481508957503076,0.0225988587525501,0.0186856774368973,0.0192703124498454,0.0356663439926897,0.0637793570790768,0.0489014464481314,0.015776882167467,0.0465559094514806,0.0149696431574998,0.0483115556244735,0.0366632819847536,0.0216090667775511,0.0294497417398282,0.0156703054911672,0.0765512096219874,0.0225744717023837,0.0160188158328349,0.027823115504963,0.0732426096344016,0.0530613643051745,0.0244502847997695,0.0338787344767696,0.0241351002040532,0.0246058002355657
"SPEECH_607",NA,NA,NA,NA,NA,NA,NA,NA,NA,NA,NA,NA,NA,NA,NA,NA,NA,NA,NA,NA,NA,NA,NA,NA,NA,NA,NA,NA,NA,NA,NA,NA,NA,NA,NA,NA,NA,NA,NA,NA,NA,NA,NA,NA,NA,NA,NA,NA,NA,NA,NA,NA,NA,NA,NA,NA,NA,NA,NA,NA,0.023824129302352,0.032458994849682,0.0106835716548339,0.00651964000657335,0.0821495610516476,0.0251721642584677,0.0194425584786359,0.0140622654580041,0.0180769273570081,0.0782778101632881,0.0100956637438874,0.0239466183679094,0.00805380482798119,0.0296752563014465,0.0206896870372418,0.0355992086184629,0.0314000846391781,0.0253324989159961,0.0562738473230887,0.0143788929680212,0.0870092105868291,0.0568996430112182,0.0152001758730732,0.00749884797502863,0.0254545693825218,0.123027096450995,0.0291380438918782,0.0330576088847216,0.0283703845826592,0.0282312340373694,0.0309409078846605,0.0218913331490021,0.0151066147919392,0.0385730525359914,0.0273011352846759,0.0469976126123934,0.0262243833469141,0.0263170586644213,0.0274119002771911,0.0670029102829003,0.0422998424932982,0.0314476738534057,0.0218917526410712,0.0308354616414104,0.0220596149098568,0.0394780762094523,0.0335198184466737,0.0196166156352578,0.0240475994939703,0.0200828151222481,0.0646815483393137,0.0341651791057495,0.0245831330178603,0.0237182287211803,0.0694806690715448,0.0306323353932095,0.0497598777531723,0.0283224660446644,0.0282301168848561,0.0333802663917152
"SPEECH_689",NA,NA,NA,NA,NA,NA,NA,NA,NA,NA,NA,NA,NA,NA,NA,NA,NA,NA,NA,NA,NA,NA,NA,NA,NA,NA,NA,NA,NA,NA,NA,NA,NA,NA,NA,NA,NA,NA,NA,NA,NA,NA,NA,NA,NA,NA,NA,NA,NA,NA,NA,NA,NA,NA,NA,NA,NA,NA,NA,NA,0.023824129302352,0.032458994849682,0.0106835716548339,0.00651964000657335,0.0821495610516476,0.0251721642584677,0.0194425584786359,0.0140622654580041,0.0180769273570081,0.0782778101632881,0.0100956637438874,0.0239466183679094,0.00805380482798119,0.0296752563014465,0.0206896870372418,0.0355992086184629,0.0314000846391781,0.0253324989159961,0.0562738473230887,0.0143788929680212,0.0870092105868291,0.0568996430112182,0.0152001758730732,0.00749884797502863,0.0254545693825218,0.123027096450995,0.0291380438918782,0.0330576088847216,0.0283703845826592,0.0282312340373694,0.0309409078846605,0.0218913331490021,0.0151066147919392,0.0385730525359914,0.0273011352846759,0.0469976126123934,0.0262243833469141,0.0263170586644213,0.0274119002771911,0.0670029102829003,0.0422998424932982,0.0314476738534057,0.0218917526410712,0.0308354616414104,0.0220596149098568,0.0394780762094523,0.0335198184466737,0.0196166156352578,0.0240475994939703,0.0200828151222481,0.0646815483393137,0.0341651791057495,0.0245831330178603,0.0237182287211803,0.0694806690715448,0.0306323353932095,0.0497598777531723,0.0283224660446644,0.0282301168848561,0.0333802663917152
"SPEECH_575",NA,NA,NA,NA,NA,NA,NA,NA,NA,NA,NA,NA,NA,NA,NA,NA,NA,NA,NA,NA,NA,NA,NA,NA,NA,NA,NA,NA,NA,NA,NA,NA,NA,NA,NA,NA,NA,NA,NA,NA,NA,NA,NA,NA,NA,NA,NA,NA,NA,NA,NA,NA,NA,NA,NA,NA,NA,NA,NA,NA,0.0233604986020128,0.0498014896002765,0.0222165255555446,0.021528486026473,0.0562316623308641,0.0450158837159668,0.0424269183658087,0.0137174312710661,0.0291334407461663,0.0405841871170699,0.0367971106853066,0.0547402757187644,0.0336182402746193,0.0209220978363161,0.0245836881797033,0.04008802483483,0.0566529216466907,0.0195223948517027,0.0287161938132374,0.027262327544116,0.0166213858165358,0.023310590357804,0.018131608750708,0.0275095237803695,0.0194053748623306,0.0745730236028272,0.0287212952984279,0.0262308248291209,0.0323484458623241,0.0462281281230168,0.0150368437225312,0.013228379727997,0.0201236508219938,0.0138994148252617,0.0702462304860759,0.0227168850466235,0.0362619359211872,0.0141537969034142,0.0417082200494431,0.0334886556887551,0.0204144210586749,0.0202189446621309,0.0416729910403357,0.0203001945186689,0.0160144255278693,0.0165272672636665,0.0728918216961366,0.0207020533784857,0.0505086786529325,0.0231944130159319,0.0330961526608937,0.0312207443649982,0.0245482251981984,0.0488448239371951,0.0301059394996308,0.0738376272982487,0.0461571689713245,0.0431947363102579,0.0695642726714183,0.0161210850797188
"SPEECH_439",NA,NA,NA,NA,NA,NA,NA,NA,NA,NA,NA,NA,NA,NA,NA,NA,NA,NA,NA,NA,NA,NA,NA,NA,NA,NA,NA,NA,NA,NA,NA,NA,NA,NA,NA,NA,NA,NA,NA,NA,NA,NA,NA,NA,NA,NA,NA,NA,NA,NA,NA,NA,NA,NA,NA,NA,NA,NA,NA,NA,0.0277876513726901,0.0379742677663655,0.0130473812484035,0.0496683644858697,0.0506450224558555,0.0427464648843121,0.0296436380002132,0.0127618276735601,0.0227791267066728,0.0817098806985758,0.0221363061080554,0.0218181650593247,0.0286803006456082,0.0269780111423875,0.0176865169371883,0.0189269788244482,0.0388999125591115,0.0216010072179456,0.0227480330791674,0.0317075737530467,0.0191937224842939,0.0351022319983705,0.032903310759989,0.0471705273931099,0.0277275801858355,0.103063480494333,0.0431083817200682,0.023351235585263,0.0304095737718684,0.0180235249880664,0.02560915860535,0.034101786267093,0.0190610705579402,0.0248793695469507,0.0721993935365318,0.0304060340707235,0.0413563753575197,0.016269154692828,0.0162049988254053,0.0121297931617445,0.037238756640618,0.0338444480159343,0.0136681850011095,0.0374389542780968,0.0209177847234874,0.0241182961073211,0.0139453783825844,0.029345337455503,0.028889013552579,0.0373004329335457,0.0400958703262962,0.0357663765217996,0.00587281094750593,0.0182388849144783,0.0388906057343428,0.0886327718906216,0.0641701787659587,0.0531957746471155,0.0226115182383865,0.0636014863006289
"SPEECH_398",NA,NA,NA,NA,NA,NA,NA,NA,NA,NA,NA,NA,NA,NA,NA,NA,NA,NA,NA,NA,NA,NA,NA,NA,NA,NA,NA,NA,NA,NA,NA,NA,NA,NA,NA,NA,NA,NA,NA,NA,NA,NA,NA,NA,NA,NA,NA,NA,NA,NA,NA,NA,NA,NA,NA,NA,NA,NA,NA,NA,0.0199395958950855,0.0226774709947696,0.0120913343872216,0.0474118519122399,0.0627373508503295,0.0494040239612177,0.017725121847307,0.0201808287642255,0.0299949864180312,0.138303777616157,0.0178572211163955,0.0172739517175339,0.0332650881696711,0.0503800866370838,0.0156206468197458,0.0195991313750273,0.0191085406220301,0.0173447847507802,0.0213936503860637,0.0231409513031265,0.0335385443094152,0.0206421451119454,0.0473668433508865,0.049449238044011,0.0236826129219129,0.042921159671704,0.0459468299752931,0.0273714723828863,0.0250588062251326,0.0285719524627709,0.0374767083055498,0.026596950192253,0.0196016948406563,0.0362023104444413,0.0384539958889677,0.0430284444264954,0.0282995187593974,0.0132701948310832,0.0418494077975594,0.0583011423833634,0.0190372117076419,0.0210974526044742,0.0192135637270919,0.038086741954031,0.0412041645550018,0.0425235682953249,0.0187173898164373,0.0137198484189673,0.0206474985775869,0.0170616216659526,0.0183062917075098,0.0369803316192961,0.0159659920489423,0.0210506122517955,0.0418090953069735,0.081357444376082,0.0344318854828064,0.0739767720344763,0.0623741650308327,0.0193579809490087
"SPEECH_610",NA,NA,NA,NA,NA,NA,NA,NA,NA,NA,NA,NA,NA,NA,NA,NA,NA,NA,NA,NA,NA,NA,NA,NA,NA,NA,NA,NA,NA,NA,NA,NA,NA,NA,NA,NA,NA,NA,NA,NA,NA,NA,NA,NA,NA,NA,NA,NA,NA,NA,NA,NA,NA,NA,NA,NA,NA,NA,NA,NA,0.0199395958950855,0.0226774709947696,0.0120913343872216,0.0474118519122399,0.0627373508503295,0.0494040239612177,0.017725121847307,0.0201808287642255,0.0299949864180312,0.138303777616157,0.0178572211163955,0.0172739517175339,0.0332650881696711,0.0503800866370838,0.0156206468197458,0.0195991313750273,0.0191085406220301,0.0173447847507802,0.0213936503860637,0.0231409513031265,0.0335385443094152,0.0206421451119454,0.0473668433508865,0.049449238044011,0.0236826129219129,0.042921159671704,0.0459468299752931,0.0273714723828863,0.0250588062251326,0.0285719524627709,0.0374767083055498,0.026596950192253,0.0196016948406563,0.0362023104444413,0.0384539958889677,0.0430284444264954,0.0282995187593974,0.0132701948310832,0.0418494077975594,0.0583011423833634,0.0190372117076419,0.0210974526044742,0.0192135637270919,0.038086741954031,0.0412041645550018,0.0425235682953249,0.0187173898164373,0.0137198484189673,0.0206474985775869,0.0170616216659526,0.0183062917075098,0.0369803316192961,0.0159659920489423,0.0210506122517955,0.0418090953069735,0.081357444376082,0.0344318854828064,0.0739767720344763,0.0623741650308327,0.0193579809490087
"SPEECH_626",NA,NA,NA,NA,NA,NA,NA,NA,NA,NA,NA,NA,NA,NA,NA,NA,NA,NA,NA,NA,NA,NA,NA,NA,NA,NA,NA,NA,NA,NA,NA,NA,NA,NA,NA,NA,NA,NA,NA,NA,NA,NA,NA,NA,NA,NA,NA,NA,NA,NA,NA,NA,NA,NA,NA,NA,NA,NA,NA,NA,0.0354798527577851,0.0848585893228476,0.0242957837814511,0.0278115569841126,0.0637205708562173,0.0289626162215427,0.0235380554039824,0.0114401066773978,0.0255078927207564,0.0642397145815379,0.0181118486025719,0.0142952076076344,0.0155697955484978,0.00876810894446237,0.0574833315559208,0.0523073958772959,0.0112185311099532,0.0103345991364801,0.0285576550889064,0.0239772087157549,0.0120933278046126,0.0355539026506984,0.015158204291927,0.0331369622842429,0.0202988589593318,0.0735354101216834,0.0550498298510288,0.0450859269637911,0.0518068881846979,0.0278022673928775,0.0305514584192069,0.032707880088092,0.0173860295563471,0.0431749430341871,0.0597875403583299,0.046993517032258,0.021374162403551,0.020472482380381,0.0158338080185154,0.0663435294279404,0.0246343404150325,0.0179386016303643,0.0201010045074173,0.0419109737524961,0.0168596335044079,0.0554451185817329,0.0194594875320361,0.0248155909246725,0.0494342098548666,0.026239630429405,0.0455250078166667,0.0175603450274988,0.0279861512599932,0.0410655965219008,0.0341281855970864,0.0252049877768285,0.0606146355441318,0.037396192392775,0.0207313543409249,0.0383236018709539
"SPEECH_681",NA,NA,NA,NA,NA,NA,NA,NA,NA,NA,NA,NA,NA,NA,NA,NA,NA,NA,NA,NA,NA,NA,NA,NA,NA,NA,NA,NA,NA,NA,NA,NA,NA,NA,NA,NA,NA,NA,NA,NA,NA,NA,NA,NA,NA,NA,NA,NA,NA,NA,NA,NA,NA,NA,NA,NA,NA,NA,NA,NA,0.0354798527577851,0.0848585893228476,0.0242957837814511,0.0278115569841126,0.0637205708562173,0.0289626162215427,0.0235380554039824,0.0114401066773978,0.0255078927207564,0.0642397145815379,0.0181118486025719,0.0142952076076344,0.0155697955484978,0.00876810894446237,0.0574833315559208,0.0523073958772959,0.0112185311099532,0.0103345991364801,0.0285576550889064,0.0239772087157549,0.0120933278046126,0.0355539026506984,0.015158204291927,0.0331369622842429,0.0202988589593318,0.0735354101216834,0.0550498298510288,0.0450859269637911,0.0518068881846979,0.0278022673928775,0.0305514584192069,0.032707880088092,0.0173860295563471,0.0431749430341871,0.0597875403583299,0.046993517032258,0.021374162403551,0.020472482380381,0.0158338080185154,0.0663435294279404,0.0246343404150325,0.0179386016303643,0.0201010045074173,0.0419109737524961,0.0168596335044079,0.0554451185817329,0.0194594875320361,0.0248155909246725,0.0494342098548666,0.026239630429405,0.0455250078166667,0.0175603450274988,0.0279861512599932,0.0410655965219008,0.0341281855970864,0.0252049877768285,0.0606146355441318,0.037396192392775,0.0207313543409249,0.0383236018709539
"SPEECH_551",NA,NA,NA,NA,NA,NA,NA,NA,NA,NA,NA,NA,NA,NA,NA,NA,NA,NA,NA,NA,NA,NA,NA,NA,NA,NA,NA,NA,NA,NA,NA,NA,NA,NA,NA,NA,NA,NA,NA,NA,NA,NA,NA,NA,NA,NA,NA,NA,NA,NA,NA,NA,NA,NA,NA,NA,NA,NA,NA,NA,0.0238362897620478,0.0419042468049745,0.0117800469680556,0.106186292824997,0.0309867632785075,0.0420554793450736,0.0253770266311539,0.0122612862861101,0.0211315236799203,0.0123045517837743,0.0228829268315959,0.00839824668625459,0.0198273366724154,0.0542504956927436,0.0119332298399741,0.103184146723693,0.059545950333656,0.0159354089711285,0.0202543364517436,0.0228262415473592,0.0421771495607902,0.0398883998213987,0.0164442081005819,0.0540965871532514,0.079807257068666,0.0167741636305154,0.0149097617931385,0.0243909822377137,0.0330146445171223,0.0116350190016429,0.0553508880143638,0.0177625783732157,0.0195816647486548,0.0142614638869684,0.0495142864372787,0.0170619851976364,0.0672873423305948,0.0112558255414046,0.07400605197996,0.102395208336899,0.0156136775323079,0.0320989645567618,0.0148138576311729,0.0316675973565818,0.0236331008404782,0.022918902244191,0.0223441790114476,0.0143422822006665,0.0284525564637368,0.0159204084117942,0.0376427025197832,0.0269280053680922,0.0246711396256197,0.0232168839831606,0.0220753035169241,0.107352483683021,0.0320555007110363,0.0441818055568578,0.0158310390854688,0.0157623148539216
"SPEECH_448",NA,NA,NA,NA,NA,NA,NA,NA,NA,NA,NA,NA,NA,NA,NA,NA,NA,NA,NA,NA,NA,NA,NA,NA,NA,NA,NA,NA,NA,NA,NA,NA,NA,NA,NA,NA,NA,NA,NA,NA,NA,NA,NA,NA,NA,NA,NA,NA,NA,NA,NA,NA,NA,NA,NA,NA,NA,NA,NA,NA,0.0226893702104149,0.0345364028678689,0.01481532986285,0.0270427916810639,0.0579602603146821,0.0426238315242995,0.0405549041741565,0.0144251055460802,0.0378351965145225,0.0502506162069657,0.0432009552962348,0.0410066856485565,0.0181361536610597,0.0186113289790865,0.0288629869480662,0.0232609804690684,0.036251586958981,0.0194059699260231,0.0344337991863396,0.0215998425990887,0.0350785520478118,0.0218790604813856,0.0268381074186651,0.030379439258736,0.0367109999082917,0.0682263155363878,0.0345456840014344,0.0197621219097417,0.0414503912700402,0.0576252295920968,0.0238651761517615,0.0169618660472319,0.0168384630274874,0.042259485094851,0.0192774874177313,0.0184499612853271,0.0753314943863724,0.00952138985675571,0.0233280100658149,0.263179926442122,0.0218399148277197,0.0272551296941541,0.00654519938056524,0.0496999612853271,0.00654519938056524,0.0541642469996129,0.0608207510646535,0.0104723190089044,0.0177893921796361,0.00952138985675571,0.0158875338753388,0.011423248161053,0.00952138985675571,0.0595794618660472,0.0110094850948509,0.0153503677893922,0.00952138985675571,0.0169618660472319,0.0154737708091367,0.061604723190089
"SPEECH_386",NA,NA,NA,NA,NA,NA,NA,NA,NA,NA,NA,NA,NA,NA,NA,NA,NA,NA,NA,NA,NA,NA,NA,NA,NA,NA,NA,NA,NA,NA,NA,NA,NA,NA,NA,NA,NA,NA,NA,NA,NA,NA,NA,NA,NA,NA,NA,NA,NA,NA,NA,NA,NA,NA,NA,NA,NA,NA,NA,NA,0.0176222952114842,0.0567406327389814,0.014018815078842,0.0149578506147002,0.0459426470849762,0.0301969226019283,0.0273200600331968,0.015274424133059,0.0231648196807052,0.0340666003024407,0.0205913693521159,0.0113639145750655,0.0111173659895006,0.0462998820266277,0.0229913977798837,0.0641785170554585,0.0213970760800814,0.0162564944866874,0.0150316192019339,0.0218037823793771,0.0730419358785016,0.0623863885108122,0.00899408525623183,0.0269643192505853,0.0160801000451101,0.0897744954403807,0.130181286113622,0.0117029704075405,0.0181288975982162,0.032409035091954,0.045234798776927,0.0470445809653473,0.0116957511963193,0.0325538499083141,0.0248717847579816,0.0390274077082772,0.0504301447249242,0.0129009997440257,0.023385727049131,0.0179758376373503,0.0577434946441139,0.0249428837474918,0.0122426939023744,0.0383206703066007,0.0347118185517144,0.0574116881086083,0.0575012919689213,0.0187026835063491,0.0280369832956433,0.00967098798933379,0.018408476658703,0.0640959707400778,0.0182065881824744,0.0244724791166388,0.0464992236952585,0.0436195923551333,0.0456648714456003,0.0268666287858102,0.05129018186069,0.0164699086698649
"SPEECH_409",NA,NA,NA,NA,NA,NA,NA,NA,NA,NA,NA,NA,NA,NA,NA,NA,NA,NA,NA,NA,NA,NA,NA,NA,NA,NA,NA,NA,NA,NA,NA,NA,NA,NA,NA,NA,NA,NA,NA,NA,NA,NA,NA,NA,NA,NA,NA,NA,NA,NA,NA,NA,NA,NA,NA,NA,NA,NA,NA,NA,0.0241116190447596,0.0312355581595273,0.0102667644869035,0.0523421154391486,0.0602420783633035,0.0322399093287487,0.0252908415311792,0.0139998223881125,0.0408235769450672,0.0167718196783822,0.0293513620138917,0.0221749620097604,0.0197572279040121,0.0316285665682108,0.0241660588602619,0.0213707643617089,0.0677908141423357,0.00930888457296689,0.0127716424070638,0.0260048808217423,0.0135598784035831,0.00896333372141361,0.0183642533229529,0.0738124375306337,0.0691780970030529,0.0201582726495528,0.0127556807555316,0.0823611675537095,0.103743027979778,0.0254545820527047,0.0489942887097198,0.0183360382708472,0.0140789331826619,0.0152371807770088,0.0559087384605149,0.0213372657324519,0.0352013322983366,0.0125794948362814,0.0516415067792746,0.0594202793468144,0.0478778699821173,0.0571923492081631,0.00979857897424285,0.0332288621502116,0.0213486152635278,0.0418479189015196,0.0158228416662088,0.0201394211304359,0.0147463205797935,0.0278962604710669,0.0609968106732232,0.0593011541756454,0.022348362279259,0.045114380033035,0.0174035410681927,0.0449443051542753,0.0356099125792225,0.0415168563726409,0.0311973637448311,0.018933217198476
"SPEECH_414",NA,NA,NA,NA,NA,NA,NA,NA,NA,NA,NA,NA,NA,NA,NA,NA,NA,NA,NA,NA,NA,NA,NA,NA,NA,NA,NA,NA,NA,NA,NA,NA,NA,NA,NA,NA,NA,NA,NA,NA,NA,NA,NA,NA,NA,NA,NA,NA,NA,NA,NA,NA,NA,NA,NA,NA,NA,NA,NA,NA,0.0241116190447596,0.0312355581595273,0.0102667644869035,0.0523421154391486,0.0602420783633035,0.0322399093287487,0.0252908415311792,0.0139998223881125,0.0408235769450672,0.0167718196783822,0.0293513620138917,0.0221749620097604,0.0197572279040121,0.0316285665682108,0.0241660588602619,0.0213707643617089,0.0677908141423357,0.00930888457296689,0.0127716424070638,0.0260048808217423,0.0135598784035831,0.00896333372141361,0.0183642533229529,0.0738124375306337,0.0691780970030529,0.0201582726495528,0.0127556807555316,0.0823611675537095,0.103743027979778,0.0254545820527047,0.0489942887097198,0.0183360382708472,0.0140789331826619,0.0152371807770088,0.0559087384605149,0.0213372657324519,0.0352013322983366,0.0125794948362814,0.0516415067792746,0.0594202793468144,0.0478778699821173,0.0571923492081631,0.00979857897424285,0.0332288621502116,0.0213486152635278,0.0418479189015196,0.0158228416662088,0.0201394211304359,0.0147463205797935,0.0278962604710669,0.0609968106732232,0.0593011541756454,0.022348362279259,0.045114380033035,0.0174035410681927,0.0449443051542753,0.0356099125792225,0.0415168563726409,0.0311973637448311,0.018933217198476
"SPEECH_595",NA,NA,NA,NA,NA,NA,NA,NA,NA,NA,NA,NA,NA,NA,NA,NA,NA,NA,NA,NA,NA,NA,NA,NA,NA,NA,NA,NA,NA,NA,NA,NA,NA,NA,NA,NA,NA,NA,NA,NA,NA,NA,NA,NA,NA,NA,NA,NA,NA,NA,NA,NA,NA,NA,NA,NA,NA,NA,NA,NA,0.0241116190447596,0.0312355581595273,0.0102667644869035,0.0523421154391486,0.0602420783633035,0.0322399093287487,0.0252908415311792,0.0139998223881125,0.0408235769450672,0.0167718196783822,0.0293513620138917,0.0221749620097604,0.0197572279040121,0.0316285665682108,0.0241660588602619,0.0213707643617089,0.0677908141423357,0.00930888457296689,0.0127716424070638,0.0260048808217423,0.0135598784035831,0.00896333372141361,0.0183642533229529,0.0738124375306337,0.0691780970030529,0.0201582726495528,0.0127556807555316,0.0823611675537095,0.103743027979778,0.0254545820527047,0.0489942887097198,0.0183360382708472,0.0140789331826619,0.0152371807770088,0.0559087384605149,0.0213372657324519,0.0352013322983366,0.0125794948362814,0.0516415067792746,0.0594202793468144,0.0478778699821173,0.0571923492081631,0.00979857897424285,0.0332288621502116,0.0213486152635278,0.0418479189015196,0.0158228416662088,0.0201394211304359,0.0147463205797935,0.0278962604710669,0.0609968106732232,0.0593011541756454,0.022348362279259,0.045114380033035,0.0174035410681927,0.0449443051542753,0.0356099125792225,0.0415168563726409,0.0311973637448311,0.018933217198476
"SPEECH_680",NA,NA,NA,NA,NA,NA,NA,NA,NA,NA,NA,NA,NA,NA,NA,NA,NA,NA,NA,NA,NA,NA,NA,NA,NA,NA,NA,NA,NA,NA,NA,NA,NA,NA,NA,NA,NA,NA,NA,NA,NA,NA,NA,NA,NA,NA,NA,NA,NA,NA,NA,NA,NA,NA,NA,NA,NA,NA,NA,NA,0.087618203442316,0.0427195316953461,0.00543615259836501,0.0108967664155248,0.0181470581812983,0.026968899675761,0.0178097352490257,0.008583238557348,0.0552381265024137,0.0373175354652029,0.0129712643117497,0.0294265104899178,0.0128978595850609,0.00639832383761434,0.0107435958372298,0.0479320279282391,0.0820528091080914,0.0124625744862479,0.0074463544605206,0.0101675526764811,0.0186709291611658,0.0710224667950789,0.016443260686646,0.0123339824181092,0.0461306201411307,0.114582976147776,0.0154719596844728,0.101451100630882,0.0464952059403481,0.0141633778906359,0.0279634776839945,0.0438670882014769,0.0173215904421185,0.028896546713213,0.0378834106188753,0.0537952232547742,0.0241240587770844,0.00927952775828551,0.0275976260738285,0.0262367725564464,0.0308574247269969,0.0580434013171288,0.0208996228440394,0.0609669157009441,0.0227935094641456,0.0572943891616118,0.0313568425271539,0.0233021400533263,0.0330101469384868,0.0155074508326695,0.0237178221179632,0.0298192983890695,0.0298686991706858,0.0288224444746385,0.0524396631837731,0.0506778651825918,0.0248747157761035,0.0292769962694452,0.0408435798814704,0.0386617499076587
"SPEECH_690",NA,NA,NA,NA,NA,NA,NA,NA,NA,NA,NA,NA,NA,NA,NA,NA,NA,NA,NA,NA,NA,NA,NA,NA,NA,NA,NA,NA,NA,NA,NA,NA,NA,NA,NA,NA,NA,NA,NA,NA,NA,NA,NA,NA,NA,NA,NA,NA,NA,NA,NA,NA,NA,NA,NA,NA,NA,NA,NA,NA,0.0197540467599666,0.0821920676788713,0.0158559764983191,0.0603971976383036,0.0282626927506297,0.0211898458188514,0.0460232740566376,0.0146056634438557,0.0281957145848845,0.0410611410648156,0.0286738007807034,0.0201509512548056,0.0156821997548929,0.0450403576758627,0.015340222052998,0.048285597235946,0.0354477365987621,0.0182798504692341,0.0209910411657621,0.0253100695733969,0.0266497011682949,0.0228739897203058,0.0131620632662181,0.0444111076893985,0.0446756720429526,0.08276800201038,0.0589547997413029,0.0230717341784159,0.0169695875920105,0.0357238957332221,0.0168228385071991,0.0414803711421679,0.0203692100932901,0.0617811977620375,0.0707982779004803,0.0292164072776678,0.0200814825990262,0.0200586935945179,0.0199077954432804,0.0658133000936388,0.0207184248890385,0.0197373003840589,0.0129489753380978,0.0608491401020582,0.0198103528759095,0.0466667711329635,0.0267705632029819,0.0156600496912951,0.031058105646809,0.0240685265174321,0.02929205791006,0.0308535036928339,0.0401226571448139,0.0400465891360207,0.0313111908086589,0.0763135745306519,0.0315894790016781,0.0242477114106752,0.0306675530253327,0.0209378991453243
"SPEECH_581",NA,NA,NA,NA,NA,NA,NA,NA,NA,NA,NA,NA,NA,NA,NA,NA,NA,NA,NA,NA,NA,NA,NA,NA,NA,NA,NA,NA,NA,NA,NA,NA,NA,NA,NA,NA,NA,NA,NA,NA,NA,NA,NA,NA,NA,NA,NA,NA,NA,NA,NA,NA,NA,NA,NA,NA,NA,NA,NA,NA,0.0213188517517922,0.0517011254616862,0.0190653336626793,0.0645623788008771,0.0401869179163328,0.0262117465996968,0.0309433320163328,0.0241934118752652,0.019875613348921,0.032679892436962,0.0324374206699107,0.0327094823961807,0.0308327527866136,0.0450615708650561,0.0188135454162828,0.0341718894300317,0.0402058855828919,0.0356295918370454,0.0121033137348807,0.028757999932854,0.0295680557078921,0.0332339682486866,0.0180261130297458,0.0559773514755768,0.0521181954994705,0.0389598578694604,0.0520616840308445,0.0257918019207489,0.024606559244047,0.0281943564512344,0.0214655567467412,0.0518794892755114,0.0191019235971776,0.0867108090517368,0.0531871302921997,0.0237467682105768,0.0287356349661587,0.0220834420715154,0.0330164792645548,0.0501571359217317,0.0272298545579446,0.0161402561267602,0.0220071908884814,0.0434295964317746,0.0225551219910109,0.028973193109898,0.0158608717277019,0.0229124763008885,0.0530363229416524,0.0396964631399205,0.0267702973122076,0.0217339450560348,0.0311373558065483,0.0466796282300774,0.0296054544417878,0.0614418601044647,0.0435775649240065,0.0156651260963365,0.0281680490628505,0.0132950023517487
"SPEECH_685",NA,NA,NA,NA,NA,NA,NA,NA,NA,NA,NA,NA,NA,NA,NA,NA,NA,NA,NA,NA,NA,NA,NA,NA,NA,NA,NA,NA,NA,NA,NA,NA,NA,NA,NA,NA,NA,NA,NA,NA,NA,NA,NA,NA,NA,NA,NA,NA,NA,NA,NA,NA,NA,NA,NA,NA,NA,NA,NA,NA,0.0274897729828691,0.0342842846359251,0.0160888065701723,0.0496828447253817,0.0292113438110763,0.030651468166013,0.0302172091392015,0.020400499431402,0.0160410024206102,0.0100078362086034,0.0337370234558169,0.0719703436404227,0.0338211401897293,0.0639010683926133,0.0173760509675566,0.0685766821172236,0.0396437787720639,0.0154131315541717,0.0206039976031135,0.0179256971256063,0.0174130369023401,0.0168288733469355,0.0151284489464713,0.0464384214583492,0.047129368261597,0.0110615930850245,0.0303548456297613,0.048142045704794,0.102693488434811,0.0177658963203436,0.0316098114291977,0.055650982804458,0.0174912956585881,0.066218831796639,0.0507802283535872,0.0133177756898973,0.0358381091491334,0.00965836954749802,0.0199659490866216,0.0095854647870821,0.0422690555913946,0.0301226664059859,0.0101553067920305,0.0611524425173982,0.00939580620747579,0.0309051727571703,0.0306086561216187,0.017887899995893,0.0272520710133476,0.0344379513502248,0.0174800023487449,0.0130107290129201,0.00944609427396806,0.105583960676626,0.0198712750619823,0.0614238725984708,0.038963409241983,0.0198319810128136,0.0912748927925837,0.0188099359246659
"SPEECH_430",NA,NA,NA,NA,NA,NA,NA,NA,NA,NA,NA,NA,NA,NA,NA,NA,NA,NA,NA,NA,NA,NA,NA,NA,NA,NA,NA,NA,NA,NA,NA,NA,NA,NA,NA,NA,NA,NA,NA,NA,NA,NA,NA,NA,NA,NA,NA,NA,NA,NA,NA,NA,NA,NA,NA,NA,NA,NA,NA,NA,0.0228261669864055,0.0350667316955588,0.0164972761755431,0.0249392514057907,0.0478108019817961,0.0339322557562291,0.0335005745433272,0.0124218516752554,0.0281640474581184,0.0544355404025803,0.0309407008000901,0.0222461066879862,0.0244259149146482,0.060763782162853,0.0335358274567675,0.0545586115341464,0.0570037174920045,0.011671940741215,0.023120695473077,0.0233904301254733,0.0163083323993847,0.0388596716233672,0.0148175153882781,0.0308467928911509,0.0590018727908342,0.0371306115198323,0.0313811023136548,0.054588850174666,0.0451134333021469,0.0206995921278191,0.0224485944566218,0.0430549128199073,0.0105339912000139,0.0338028904991252,0.11431321612166,0.0309808922248481,0.0126017650554841,0.0142990514409778,0.023801449229323,0.0249208129840003,0.0264946230148357,0.0177872798419025,0.00958971686271302,0.0359301766209044,0.0163139572778841,0.0196301481237239,0.0137444893076766,0.0176242268190469,0.0175381146037967,0.0287957024403522,0.022822677166928,0.054156135894022,0.0379962791844665,0.0555675626082967,0.0547986490205318,0.0860005438865233,0.056299508289632,0.0112896986078755,0.0115701242608063,0.0752928101361208
"SPEECH_612",NA,NA,NA,NA,NA,NA,NA,NA,NA,NA,NA,NA,NA,NA,NA,NA,NA,NA,NA,NA,NA,NA,NA,NA,NA,NA,NA,NA,NA,NA,NA,NA,NA,NA,NA,NA,NA,NA,NA,NA,NA,NA,NA,NA,NA,NA,NA,NA,NA,NA,NA,NA,NA,NA,NA,NA,NA,NA,NA,NA,0.0535088035496076,0.0564197004738769,0.00984342269554073,0.0354465190597536,0.0331894688805736,0.0271041073228979,0.0189046460391689,0.00890795391442191,0.0181000981090024,0.0215568148325362,0.0316589240107319,0.0119960676278887,0.0114648171757242,0.0287757647732862,0.0115592576493478,0.076359711214873,0.0929071348746388,0.0139985302615279,0.0617592282177907,0.0157734450750403,0.0267422225263753,0.0565165010578298,0.0402793382811157,0.0315949765297621,0.0702497807527462,0.0315544456622789,0.020835160186242,0.0274377856526211,0.0375659227588913,0.0179894508339083,0.0215704207499677,0.0568084089764067,0.0138533451247905,0.0451842405823264,0.0614128846074028,0.0431633338095587,0.029222848195792,0.0189207343500284,0.0334593149022193,0.0388201768766673,0.0164831726983502,0.0225372662242164,0.0315862565493112,0.0216516639388444,0.0196110753989935,0.0223678136536057,0.0287531486267829,0.0212291175585838,0.0147943097764357,0.0251674726355923,0.0299459430741626,0.0364770901482193,0.0298368559184502,0.103409741972155,0.0428226882137525,0.0614996534072217,0.0227456008489115,0.0257651621290704,0.0267419578320523,0.0341583012201286
"SPEECH_411",NA,NA,NA,NA,NA,NA,NA,NA,NA,NA,NA,NA,NA,NA,NA,NA,NA,NA,NA,NA,NA,NA,NA,NA,NA,NA,NA,NA,NA,NA,NA,NA,NA,NA,NA,NA,NA,NA,NA,NA,NA,NA,NA,NA,NA,NA,NA,NA,NA,NA,NA,NA,NA,NA,NA,NA,NA,NA,NA,NA,0.0284753490569479,0.036466666055931,0.0206105342599573,0.0872543414386378,0.0440197714898501,0.0672702528810713,0.0208142753551625,0.0181021906100323,0.0221408017289459,0.0209636626008865,0.0126855713241952,0.0405982185689004,0.0115498529823439,0.0785351700685308,0.0185560047253378,0.042283671012181,0.0463472253301512,0.0215679289916331,0.0268735396128936,0.0216287587625255,0.0164087427600896,0.0228138099425261,0.027740330253736,0.0734108771808558,0.0415070587969424,0.0240013744908456,0.0243870994204153,0.021307087688023,0.040272671441874,0.0214071611685771,0.0150554491763953,0.0481064949900334,0.0172253507759865,0.0431027149538708,0.0305188204095123,0.0440924809980322,0.0189160647927265,0.0087291553090099,0.0373589567124052,0.0198343869387041,0.0124042854176692,0.0198554058009377,0.0236551326918613,0.0186399082876443,0.0175667744029035,0.0506380442832173,0.0141994204283776,0.0232659018115074,0.0142668562932928,0.0143698160399768,0.0376872861480391,0.0506859458832217,0.0419811011888738,0.0744633752199603,0.0710693527522898,0.0917976914164518,0.0431550593164961,0.0420523542664372,0.0348110789503748,0.0204953343437913
"SPEECH_472",NA,NA,NA,NA,NA,NA,NA,NA,NA,NA,NA,NA,NA,NA,NA,NA,NA,NA,NA,NA,NA,NA,NA,NA,NA,NA,NA,NA,NA,NA,NA,NA,NA,NA,NA,NA,NA,NA,NA,NA,NA,NA,NA,NA,NA,NA,NA,NA,NA,NA,NA,NA,NA,NA,NA,NA,NA,NA,NA,NA,0.0215704207499677,0.0568084089764067,0.0138533451247905,0.0451842405823264,0.0614128846074028,0.0431633338095587,0.029222848195792,0.0189207343500284,0.0334593149022193,0.0388201768766673,0.0164831726983502,0.0225372662242164,0.0315862565493112,0.0216516639388444,0.0196110753989935,0.0223678136536057,0.0287531486267829,0.0212291175585838,0.0147943097764357,0.0251674726355923,0.0299459430741626,0.0364770901482193,0.0298368559184502,0.103409741972155,0.0428226882137525,0.0614996534072217,0.0227456008489115,0.0257651621290704,0.0267419578320523,0.0341583012201286,0.032604368843077,0.0465354734308353,0.0128882802043347,0.0589540204047588,0.0315502659154664,0.0336611212633482,0.0304543006065192,0.0179866540055785,0.0241509787962415,0.0245741719968328,0.0211960150610406,0.0310117725400737,0.0154340251658279,0.0337998318277121,0.0126292952140339,0.0277422150543276,0.0532349964232157,0.0169758619580644,0.0224054800134248,0.0206985696773859,0.0281774362210535,0.0307042379010886,0.0571169786151985,0.0873206009498406,0.0653661263047526,0.0408688835818621,0.0301908772360786,0.0267233684938358,0.0378624475869619,0.0271813447072286
"SPEECH_549",NA,NA,NA,NA,NA,NA,NA,NA,NA,NA,NA,NA,NA,NA,NA,NA,NA,NA,NA,NA,NA,NA,NA,NA,NA,NA,NA,NA,NA,NA,NA,NA,NA,NA,NA,NA,NA,NA,NA,NA,NA,NA,NA,NA,NA,NA,NA,NA,NA,NA,NA,NA,NA,NA,NA,NA,NA,NA,NA,NA,0.0316485515708647,0.0308309449167883,0.0106832313485574,0.0385914079259052,0.0328062459158259,0.0429745990518304,0.0360624690764909,0.0189551264982907,0.0224521052641402,0.0290780774725819,0.0679430196856845,0.016810076922143,0.0104001822609809,0.0579585803153263,0.0127950497036089,0.0716645451119255,0.0724284605410887,0.0192003544229653,0.0422184157042678,0.0104358807428115,0.0391332832071279,0.0270399526644614,0.0327976869129859,0.0381503138121132,0.07089448083118,0.0158197719321012,0.0161981346780203,0.029037081136397,0.0365644847150812,0.0184274856584538,0.0347521759850099,0.041059894513573,0.00950801675139045,0.0394050355182831,0.0577150200082291,0.0334714280902254,0.0223847545923961,0.0238893216699959,0.0153055873223106,0.0414726786292692,0.0141814436907006,0.0387211188008531,0.0441158783332174,0.0498258559308188,0.0227930953632355,0.0321247886239007,0.0139198086967721,0.0171476292785945,0.0162326222569391,0.0216191487364426,0.0464715863872089,0.0280466876613832,0.0421635385967417,0.0944329655421998,0.0610922474463501,0.0308088626356362,0.0502101877098414,0.0197669016593465,0.0234099480008777,0.0139517715682573
"SPEECH_432",NA,NA,NA,NA,NA,NA,NA,NA,NA,NA,NA,NA,NA,NA,NA,NA,NA,NA,NA,NA,NA,NA,NA,NA,NA,NA,NA,NA,NA,NA,NA,NA,NA,NA,NA,NA,NA,NA,NA,NA,NA,NA,NA,NA,NA,NA,NA,NA,NA,NA,NA,NA,NA,NA,NA,NA,NA,NA,NA,NA,0.0290994494447385,0.0352644746078815,0.0191602605658719,0.0509222464871673,0.050882317137676,0.0367851977586147,0.0269430196047449,0.013863762137365,0.0262675782178635,0.0321057285104219,0.0224236460933935,0.0204799367743758,0.0122893267506011,0.0388176720977513,0.016481836047537,0.0647119567702723,0.0178913220830431,0.0160198550297226,0.0156707209839879,0.0191194715792597,0.0265898645364434,0.0326554466931615,0.067974113201145,0.0770704360396542,0.0765636865758064,0.0643967395122284,0.0358154190121324,0.0205028080867468,0.0173518830585068,0.0158798246018857,0.0513007628272323,0.0368715610997429,0.0145653004981738,0.0263478861032099,0.0388293930947145,0.0386689943396271,0.0491982757034854,0.0189017455279057,0.0153576568097793,0.0251519202907986,0.0310198530529741,0.0520882926848747,0.0160584297915466,0.0272799917621923,0.0301346570075433,0.0578035321376253,0.0470805965666567,0.0168133915561037,0.0397438938594356,0.0166459305750363,0.0222091679193459,0.0485972694479064,0.0377498887334788,0.0192351304317455,0.0388177255371503,0.0268086951000257,0.0279168029915743,0.0627994776083901,0.0433450758461857,0.0226587010955393
"SPEECH_625",NA,NA,NA,NA,NA,NA,NA,NA,NA,NA,NA,NA,NA,NA,NA,NA,NA,NA,NA,NA,NA,NA,NA,NA,NA,NA,NA,NA,NA,NA,NA,NA,NA,NA,NA,NA,NA,NA,NA,NA,NA,NA,NA,NA,NA,NA,NA,NA,NA,NA,NA,NA,NA,NA,NA,NA,NA,NA,NA,NA,0.0270706664354461,0.0391202185766346,0.0148647418944454,0.0447175276347206,0.0501549652600103,0.039429902365141,0.0466281235653235,0.0212657527002777,0.0213848605154723,0.0618696580870829,0.013853597815576,0.0472780598747613,0.0269168556527709,0.0460568431358539,0.0273418319334912,0.0275243293397707,0.0503017102559826,0.0179910155922361,0.0162505754265124,0.0140365751573671,0.0212979272528912,0.0273908344649842,0.0202886631407342,0.053344953552334,0.033814607076976,0.0601640747942751,0.0207874830735763,0.0645081958138272,0.0315195775841806,0.0128258720273447,0.0318173717818381,0.0306178995176597,0.0187898778335237,0.0477589523663678,0.0588966836925438,0.0411908004604212,0.0293941559931122,0.0169645283627746,0.0237944233044072,0.0499353378449086,0.0252530122864356,0.0575501792401994,0.0231848679222491,0.0420771261459052,0.0372110512737269,0.0226539198356049,0.0350615400195933,0.0213752615878095,0.0334045435780412,0.0229365557365176,0.0241296781213277,0.0341600909118979,0.0383832875300346,0.0357180430286949,0.037610983032231,0.0473845136948664,0.0391056818633905,0.0240935444508594,0.0291193630300588,0.0204267255529992
"SPEECH_391",NA,NA,NA,NA,NA,NA,NA,NA,NA,NA,NA,NA,NA,NA,NA,NA,NA,NA,NA,NA,NA,NA,NA,NA,NA,NA,NA,NA,NA,NA,NA,NA,NA,NA,NA,NA,NA,NA,NA,NA,NA,NA,NA,NA,NA,NA,NA,NA,NA,NA,NA,NA,NA,NA,NA,NA,NA,NA,NA,NA,0.0403645110449374,0.052728834506581,0.010858478962883,0.0345564279420316,0.0352534738993869,0.0252576406670292,0.0437892479535461,0.013347041197583,0.0238251823655296,0.0427916659101858,0.0301059202304514,0.0371016353635899,0.0101295358044192,0.0263696277921106,0.0181301471246961,0.0492028194622832,0.0724005329637494,0.0148465103780461,0.0516164738942225,0.013426770180382,0.0168936730077861,0.111187798954689,0.0147039101851624,0.0162800754436799,0.0540770207554348,0.0323866168290158,0.0257786897856776,0.0346350021382047,0.0328654105597474,0.0150893246969582,0.0229681357273829,0.0601498868140811,0.0120940247750885,0.0716603153473724,0.0304065654467276,0.0509705789726696,0.0263523628508161,0.0193390460901861,0.044727468790868,0.0589062241611141,0.0281582783320914,0.0148170850535803,0.0187519195384181,0.0580215632701509,0.0112934625502588,0.0364292219799336,0.0188113454364516,0.015770227225546,0.0123186887771058,0.0150274431585068,0.0465543108764779,0.0396427245762407,0.0402213320501571,0.038605293027649,0.0521298458191637,0.0389869619991434,0.0429716275813056,0.0377364469402879,0.0232458930115263,0.0129317198196986
"SPEECH_475",NA,NA,NA,NA,NA,NA,NA,NA,NA,NA,NA,NA,NA,NA,NA,NA,NA,NA,NA,NA,NA,NA,NA,NA,NA,NA,NA,NA,NA,NA,NA,NA,NA,NA,NA,NA,NA,NA,NA,NA,NA,NA,NA,NA,NA,NA,NA,NA,NA,NA,NA,NA,NA,NA,NA,NA,NA,NA,NA,NA,0.0330184894287393,0.0493071496112159,0.0166695183217796,0.0727125763204737,0.0527890762184506,0.0311623581613515,0.0256550248887626,0.0142899424682681,0.0327339578144514,0.0153664761013571,0.0226021742966305,0.0271574534323193,0.0150246888101682,0.0286712045353438,0.0326249090075307,0.0426444415099527,0.0619938680725076,0.0192498744208822,0.0249274140205157,0.0249313294237899,0.0320403376239369,0.0222233804467284,0.0232028747219225,0.0558472028122533,0.0458284545247228,0.0386857116699614,0.0222797095751691,0.0383038471505949,0.0626683281343327,0.0153882264758876,0.0292037534981788,0.053065663723024,0.0144526554296875,0.0725876248395664,0.0494995205605897,0.0571351177105342,0.0223105955874261,0.0202859754568324,0.020696747550883,0.028595880104131,0.026870440840842,0.0223613348315891,0.028286988656919,0.0461671253254061,0.0174827481886796,0.0517323627710455,0.0187995671770369,0.0187162113434882,0.0220262322930544,0.0184675841658881,0.0215936347014579,0.0225174776820405,0.0421585290910192,0.0403113236866375,0.0856059645654319,0.0519220089173591,0.0322545667628842,0.026567330277932,0.0211968657118799,0.0171281685485561
"SPEECH_554",NA,NA,NA,NA,NA,NA,NA,NA,NA,NA,NA,NA,NA,NA,NA,NA,NA,NA,NA,NA,NA,NA,NA,NA,NA,NA,NA,NA,NA,NA,NA,NA,NA,NA,NA,NA,NA,NA,NA,NA,NA,NA,NA,NA,NA,NA,NA,NA,NA,NA,NA,NA,NA,NA,NA,NA,NA,NA,NA,NA,0.031624388669287,0.0696378160427403,0.0148470616368721,0.0277558075702822,0.0562792197242447,0.0503735187321272,0.0171479223315052,0.0149745193242518,0.0269310453914794,0.0761739685894321,0.0734987313240841,0.0177329947100678,0.0133221676617882,0.0326282310988358,0.0098219063257546,0.0328476912277931,0.00550543064742014,0.0247084996554999,0.0145796344047913,0.023976508660922,0.0474100527371767,0.0303235284455546,0.0404564675003095,0.0436365782921457,0.0254920595566991,0.0667043567621214,0.0190455982673778,0.0341415785277744,0.0468545390511716,0.0115681771304904,0.0306664071913686,0.040498372141022,0.0155290775495821,0.0362976934513058,0.038663382050736,0.0483132289160692,0.0515450424540683,0.0145793057239314,0.0244181946954155,0.0397424216351277,0.0452296584356953,0.0313837953603499,0.0160455962610512,0.104727079560018,0.0199766174823654,0.0439521876266152,0.0196967527664629,0.0189856954958474,0.0180297538617145,0.0142217515912176,0.0203038280062841,0.0235425254573987,0.038877837693587,0.0496778656558028,0.0626492931107672,0.0178842317807965,0.0300725472110078,0.0161906673472428,0.0209258872265637,0.0473733022605856
"SPEECH_696",NA,NA,NA,NA,NA,NA,NA,NA,NA,NA,NA,NA,NA,NA,NA,NA,NA,NA,NA,NA,NA,NA,NA,NA,NA,NA,NA,NA,NA,NA,NA,NA,NA,NA,NA,NA,NA,NA,NA,NA,NA,NA,NA,NA,NA,NA,NA,NA,NA,NA,NA,NA,NA,NA,NA,NA,NA,NA,NA,NA,0.0722648388853375,0.0431789663091602,0.0173781281814523,0.0196332599379691,0.0277659398158013,0.0727797902313138,0.115716078319956,0.0237883845917087,0.0139155243033359,0.0288135994507186,0.055821909700026,0.0698498946421384,0.016685607405829,0.0502995004380046,0.0118379619764661,0.0475116603925468,0.0722648388853375,0.0159930866302057,0.0208407320595686,0.0118379619764661,0.0125304827520894,0.0125304827520894,0.0194556905083221,0.027428557899472,0.024480905367332,0.0182482183867225,0.0189407391623458,0.0253509955726022,0.0182482183867225,0.0146080450789592,0.0231421640722092,0.0213105161940578,0.0172928431246866,0.0839105188439767,0.0320383966669279,0.0495310426393361,0.028604803117081,0.0188241128785404,0.0153604342180495,0.0427527367566607,0.0556253084354859,0.0165073224227718,0.0164990553240006,0.0294491239959778,0.0264162926396394,0.0543873106331865,0.0229840529597173,0.0225796439013758,0.0207215442751634,0.0169627273089032,0.0320128746284174,0.0284474442908881,0.0477448160903847,0.0587810875761597,0.0532542508404322,0.0623683077089407,0.0320374072668766,0.0353267877965962,0.0165307653609674,0.0185963080325895
"SPEECH_378",NA,NA,NA,NA,NA,NA,NA,NA,NA,NA,NA,NA,NA,NA,NA,NA,NA,NA,NA,NA,NA,NA,NA,NA,NA,NA,NA,NA,NA,NA,NA,NA,NA,NA,NA,NA,NA,NA,NA,NA,NA,NA,NA,NA,NA,NA,NA,NA,NA,NA,NA,NA,NA,NA,NA,NA,NA,NA,NA,NA,0.0204996623890496,0.0447133129161791,0.0182073074217462,0.0489202317723639,0.0369068123234966,0.0464474577905968,0.0303600586255382,0.0241642953752128,0.0400553811829341,0.0433570507404662,0.0228414195046255,0.0623744782484326,0.0226950197093344,0.0364563564624546,0.0239318880012515,0.0267618470334472,0.029056954754036,0.031560284255778,0.0141635674757022,0.0232719688503403,0.0229665276469934,0.0154762433648388,0.026079762681311,0.0482343088266723,0.0560381953027042,0.0548234381613862,0.0565297198124114,0.0329009718770955,0.0187316051226227,0.0214738723709788,0.0376597390061502,0.0326932150375047,0.0166432178253942,0.0325710350950951,0.0620460894373263,0.0375005919549863,0.0281544868483844,0.0199423726870713,0.0169640525263456,0.0502610836560024,0.022308828652886,0.0214972137399791,0.0463170279493597,0.0653665751348187,0.0287454813648802,0.0474645712790879,0.0313424608811366,0.0174851089355964,0.0200937613943279,0.0215579468495366,0.0240176236034442,0.0570923477999579,0.0165544872292425,0.0323625506298704,0.0686165519941263,0.0370884225249366,0.0259291285556977,0.0415355330348786,0.0229187985058888,0.0172696958660874
"SPEECH_335",NA,NA,NA,NA,NA,NA,NA,NA,NA,NA,NA,NA,NA,NA,NA,NA,NA,NA,NA,NA,NA,NA,NA,NA,NA,NA,NA,NA,NA,NA,NA,NA,NA,NA,NA,NA,NA,NA,NA,NA,NA,NA,NA,NA,NA,NA,NA,NA,NA,NA,NA,NA,NA,NA,NA,NA,NA,NA,NA,NA,0.0171829030764218,0.0373589312400258,0.0157332121007266,0.052559761166578,0.0367168407640459,0.0332970059327526,0.0252009367246236,0.0157155820533935,0.024927484247405,0.0542378830812617,0.0274227466716171,0.0228030753453223,0.0182125164939465,0.051252761691887,0.0159075188268028,0.0495235595241723,0.0266276986343743,0.0212430321643953,0.0651165799069107,0.0314512649653769,0.0189286512197436,0.0166355901108987,0.01293005264551,0.0466208598672373,0.0957650452446332,0.0162318893221472,0.0615849744549326,0.0165996469694238,0.0476160035400836,0.0245959920133504,0.0188084224820437,0.0354457262199014,0.0184543778888768,0.0378988691275421,0.0905125171680619,0.0223906700527331,0.0299825047604608,0.0144772210716925,0.049988719064316,0.0424563018490039,0.0198993744396011,0.0340068042876597,0.0220924494202878,0.022174678952972,0.0201406548656421,0.0387599370128136,0.0304355762116767,0.0200450068807072,0.0212725215636093,0.0388115628983576,0.071614879884693,0.0157483643823888,0.0149268573645984,0.0383652959021934,0.0217138823457512,0.0864706574818672,0.0443573131544455,0.0282633951590693,0.0227204294115025,0.0277650286955312
"SPEECH_438",NA,NA,NA,NA,NA,NA,NA,NA,NA,NA,NA,NA,NA,NA,NA,NA,NA,NA,NA,NA,NA,NA,NA,NA,NA,NA,NA,NA,NA,NA,NA,NA,NA,NA,NA,NA,NA,NA,NA,NA,NA,NA,NA,NA,NA,NA,NA,NA,NA,NA,NA,NA,NA,NA,NA,NA,NA,NA,NA,NA,0.0171829030764218,0.0373589312400258,0.0157332121007266,0.052559761166578,0.0367168407640459,0.0332970059327526,0.0252009367246236,0.0157155820533935,0.024927484247405,0.0542378830812617,0.0274227466716171,0.0228030753453223,0.0182125164939465,0.051252761691887,0.0159075188268028,0.0495235595241723,0.0266276986343743,0.0212430321643953,0.0651165799069107,0.0314512649653769,0.0189286512197436,0.0166355901108987,0.01293005264551,0.0466208598672373,0.0957650452446332,0.0162318893221472,0.0615849744549326,0.0165996469694238,0.0476160035400836,0.0245959920133504,0.0188084224820437,0.0354457262199014,0.0184543778888768,0.0378988691275421,0.0905125171680619,0.0223906700527331,0.0299825047604608,0.0144772210716925,0.049988719064316,0.0424563018490039,0.0198993744396011,0.0340068042876597,0.0220924494202878,0.022174678952972,0.0201406548656421,0.0387599370128136,0.0304355762116767,0.0200450068807072,0.0212725215636093,0.0388115628983576,0.071614879884693,0.0157483643823888,0.0149268573645984,0.0383652959021934,0.0217138823457512,0.0864706574818672,0.0443573131544455,0.0282633951590693,0.0227204294115025,0.0277650286955312
"SPEECH_591",NA,NA,NA,NA,NA,NA,NA,NA,NA,NA,NA,NA,NA,NA,NA,NA,NA,NA,NA,NA,NA,NA,NA,NA,NA,NA,NA,NA,NA,NA,NA,NA,NA,NA,NA,NA,NA,NA,NA,NA,NA,NA,NA,NA,NA,NA,NA,NA,NA,NA,NA,NA,NA,NA,NA,NA,NA,NA,NA,NA,0.0336092681028906,0.0440679318345186,0.0158726593103587,0.0474914157687175,0.0352376570114699,0.036899288967838,0.0236570215259543,0.0149960060257464,0.0231077792658151,0.0220260105791504,0.0302504862135324,0.0328055660139445,0.0169265885313416,0.0340377673788076,0.0256311319572438,0.0577083964564513,0.105312067081574,0.0165527638113214,0.0349161432507118,0.0184279886963117,0.0384276196031154,0.0440672266777575,0.0210694187058154,0.0353637588187893,0.0620151554771772,0.0321824641603522,0.023962621998837,0.0291144707025503,0.0262586142151653,0.0180047118567411,0.0163684708178763,0.0333229103389992,0.0151661439597756,0.0354853047309173,0.0774220532320218,0.0347097119406003,0.0198125886498625,0.0166550246050745,0.0218355040566198,0.0495789829507019,0.0221602136387934,0.0180391215500595,0.0256606646452996,0.0534112914966401,0.0224867383213877,0.0173482350271654,0.021210014235674,0.0240820773863556,0.0277442090998466,0.0413731711522196,0.0294769434235555,0.0255033458281798,0.0208422728066962,0.059763591273418,0.0460023761022391,0.0559517296921773,0.0472247648636063,0.067082591852817,0.0339264365061731,0.0203535158152471
"SPEECH_413",NA,NA,NA,NA,NA,NA,NA,NA,NA,NA,NA,NA,NA,NA,NA,NA,NA,NA,NA,NA,NA,NA,NA,NA,NA,NA,NA,NA,NA,NA,NA,NA,NA,NA,NA,NA,NA,NA,NA,NA,NA,NA,NA,NA,NA,NA,NA,NA,NA,NA,NA,NA,NA,NA,NA,NA,NA,NA,NA,NA,0.0168129178907593,0.0262335840134505,0.025543807674589,0.0504817027649443,0.0367993737987513,0.0295633732641655,0.0156178202636462,0.0156178202636462,0.0436567615626,0.016194242296802,0.0204347783599032,0.039495046648105,0.0279551297092159,0.04134538745698,0.021651002767417,0.0247252883875078,0.034322636992217,0.021651002767417,0.0300686945524171,0.0355620226108367,0.0510215572102954,0.0359097537667658,0.0228249736141293,0.0395238938322077,0.0484047055095479,0.0276919056748897,0.0225694699835051,0.0891899811556074,0.0617660639083194,0.0273653012993613,0.032516628211439,0.0350648180196661,0.0161557531122412,0.0495564053378486,0.0411440740350835,0.0488203445776534,0.0261029406548396,0.0206408727993781,0.0253316075777875,0.0281643949779675,0.0380213615670353,0.0321808717253415,0.0252661265729666,0.0877272657836863,0.0172070566185085,0.0388625120128096,0.0115401796679009,0.0220394528892938,0.0323985481039472,0.016353487906216,0.0279612840535484,0.0225997788909384,0.0302735224722198,0.0332956852890095,0.0574201240329034,0.0767986842654206,0.0404485434449102,0.0189058105484333,0.0206680289742803,0.0265338358767259
"SPEECH_263",NA,NA,NA,NA,NA,NA,NA,NA,NA,NA,NA,NA,NA,NA,NA,NA,NA,NA,NA,NA,NA,NA,NA,NA,NA,NA,NA,NA,NA,NA,NA,NA,NA,NA,NA,NA,NA,NA,NA,NA,NA,NA,NA,NA,NA,NA,NA,NA,NA,NA,NA,NA,NA,NA,NA,NA,NA,NA,NA,NA,0.0163684708178763,0.0333229103389992,0.0151661439597756,0.0354853047309173,0.0774220532320218,0.0347097119406003,0.0198125886498625,0.0166550246050745,0.0218355040566198,0.0495789829507019,0.0221602136387934,0.0180391215500595,0.0256606646452996,0.0534112914966401,0.0224867383213877,0.0173482350271654,0.021210014235674,0.0240820773863556,0.0277442090998466,0.0413731711522196,0.0294769434235555,0.0255033458281798,0.0208422728066962,0.059763591273418,0.0460023761022391,0.0559517296921773,0.0472247648636063,0.067082591852817,0.0339264365061731,0.0203535158152471,0.0366589123689307,0.0401221995491239,0.013764471266547,0.0378457085797058,0.0166481347260233,0.0578782889262849,0.0223086773488758,0.0147981308053871,0.0651439166122347,0.0387947632555725,0.0108021778239537,0.0202988381512287,0.0104143325904968,0.0395226393118119,0.0303541885854778,0.0279642278613859,0.0112060247642594,0.041142828473505,0.0236881944867907,0.0388034675067795,0.0392759946334965,0.0328302290799996,0.0606286281431886,0.0156128033903142,0.0804147044516377,0.0308668641201007,0.0447591565170745,0.0421544074347529,0.0345987882110217,0.0206983010240386
"SPEECH_321",NA,NA,NA,NA,NA,NA,NA,NA,NA,NA,NA,NA,NA,NA,NA,NA,NA,NA,NA,NA,NA,NA,NA,NA,NA,NA,NA,NA,NA,NA,NA,NA,NA,NA,NA,NA,NA,NA,NA,NA,NA,NA,NA,NA,NA,NA,NA,NA,NA,NA,NA,NA,NA,NA,NA,NA,NA,NA,NA,NA,0.0366589123689307,0.0401221995491239,0.013764471266547,0.0378457085797058,0.0166481347260233,0.0578782889262849,0.0223086773488758,0.0147981308053871,0.0651439166122347,0.0387947632555725,0.0108021778239537,0.0202988381512287,0.0104143325904968,0.0395226393118119,0.0303541885854778,0.0279642278613859,0.0112060247642594,0.041142828473505,0.0236881944867907,0.0388034675067795,0.0392759946334965,0.0328302290799996,0.0606286281431886,0.0156128033903142,0.0804147044516377,0.0308668641201007,0.0447591565170745,0.0421544074347529,0.0345987882110217,0.0206983010240386,0.0258092818038619,0.0553899350911419,0.0148313263164517,0.062917912666013,0.0578129090862903,0.027646215230407,0.0183758642446995,0.0202584103835686,0.0329753688897209,0.0252231298656705,0.0201605434999486,0.0184957670524635,0.0295899323098129,0.0279957435091806,0.0294171994932592,0.0435422889574958,0.0115681200688569,0.0254219849674446,0.0197286119769033,0.0260129759080134,0.0193118596435937,0.0309593925231115,0.0352977966770112,0.0228052352366642,0.0485713374533367,0.0917609494460677,0.032818840367953,0.0452199332376917,0.0133092470360149,0.0667718870573513
"SPEECH_225",NA,NA,NA,NA,NA,NA,NA,NA,NA,NA,NA,NA,NA,NA,NA,NA,NA,NA,NA,NA,NA,NA,NA,NA,NA,NA,NA,NA,NA,NA,NA,NA,NA,NA,NA,NA,NA,NA,NA,NA,NA,NA,NA,NA,NA,NA,NA,NA,NA,NA,NA,NA,NA,NA,NA,NA,NA,NA,NA,NA,0.0382402180965246,0.0611624099788684,0.0111301129994497,0.0576340810073991,0.0330449241148502,0.0339609239098792,0.0282634633312853,0.0202599254012358,0.0159115005299829,0.0143949921730046,0.0508815034926324,0.0194862075078367,0.0219651819669707,0.0295294888686584,0.014958099117351,0.0792731402402171,0.0613317065486318,0.0190768932112297,0.0248081307951494,0.0215917586660845,0.0141775210472409,0.0240092122764425,0.0249428292318268,0.0343607467913394,0.0773117950427227,0.0234442821952553,0.0168702730476238,0.0681557766485374,0.0348891319935362,0.0249337697682337,0.0299739931859584,0.0341854905536515,0.0112744068381517,0.0727985812106495,0.0446291883793701,0.0517561117380232,0.0128942772485188,0.0169929529131845,0.0168818160513871,0.104277917243644,0.0192172496715945,0.0132762349326592,0.0209141043964599,0.0332722439475901,0.0349621536256189,0.0863147079618878,0.0136420752306527,0.0309523048991385,0.0159775088508602,0.0202326937339189,0.0193591314047631,0.0448423170155141,0.0267938243329605,0.0287154933708175,0.054942007260935,0.022696871502993,0.0403589367986389,0.0193943459789016,0.0311501832356672,0.0273208764858901
"SPEECH_643",NA,NA,NA,NA,NA,NA,NA,NA,NA,NA,NA,NA,NA,NA,NA,NA,NA,NA,NA,NA,NA,NA,NA,NA,NA,NA,NA,NA,NA,NA,NA,NA,NA,NA,NA,NA,NA,NA,NA,NA,NA,NA,NA,NA,NA,NA,NA,NA,NA,NA,NA,NA,NA,NA,NA,NA,NA,NA,NA,NA,0.085167071774846,0.0431920705526183,0.00916032503203244,0.0532771568084483,0.0158702834499579,0.0375970168126567,0.0298103470512577,0.0150420220936418,0.0158654551733798,0.00815698838971285,0.0491071849620266,0.0267811132354286,0.0143757603220617,0.0429131236090012,0.0201925652756838,0.0836652914309229,0.0336212340742561,0.0119864058301646,0.049445766889912,0.0131206293958777,0.0216277853377699,0.0196439871854209,0.0655864803815983,0.0259425213584584,0.0876922422775571,0.0194033395418632,0.0114639826761715,0.0293157880183812,0.0381947573318024,0.0227813037270901,0.0211666518418979,0.0607165499949449,0.0207409173585865,0.0361274663970812,0.0311598861981096,0.0450653072822917,0.030250844865914,0.0235439907654843,0.0467087894604826,0.0431125511120315,0.02780772962757,0.0239104517581045,0.0184933511027203,0.0495763159279992,0.0189261446736242,0.0654533584950717,0.041310504434916,0.0176898495089078,0.0182973188895602,0.023773099280097,0.0335734446611915,0.0201780029031346,0.0294783599741687,0.0289884190347587,0.0551576129099029,0.055660108747166,0.0215219952757537,0.047045434021128,0.0216458958218098,0.0229196476755911
"SPEECH_682",NA,NA,NA,NA,NA,NA,NA,NA,NA,NA,NA,NA,NA,NA,NA,NA,NA,NA,NA,NA,NA,NA,NA,NA,NA,NA,NA,NA,NA,NA,NA,NA,NA,NA,NA,NA,NA,NA,NA,NA,NA,NA,NA,NA,NA,NA,NA,NA,NA,NA,NA,NA,NA,NA,NA,NA,NA,NA,NA,NA,0.0112496823189145,0.0163558768553924,0.0191972191477817,0.0929905620170407,0.0143356748351904,0.0372479033714178,0.0477763722241564,0.0151496042377808,0.0109469456440921,0.0108475914463773,0.0353393399943658,0.012947652349262,0.00709803912952087,0.187752953876468,0.00708829147200481,0.0464205489675639,0.022484057353246,0.0227459257754498,0.0179132249412461,0.0082049575494176,0.016486611319414,0.0161957595958664,0.00911570436180375,0.037729313809521,0.189337567438776,0.0127370590025576,0.0243152986355344,0.012029694667279,0.012029694667279,0.02593087299528,0.0254844948563842,0.0251856092988348,0.0179974551500977,0.0216157346464666,0.0520440364194798,0.0380258501149052,0.0440481832958079,0.0158648689170113,0.0190185799251606,0.0252279783424836,0.0240168021219838,0.0710193733263255,0.0309299196780636,0.0362351776383117,0.018809674791959,0.0420898165556572,0.0966045761242215,0.0201261629676044,0.032351644622024,0.0265435250692747,0.0218040429033808,0.0185638657498382,0.0279762818437645,0.0204192393719387,0.0310472243327842,0.0590707966110367,0.0276382788020438,0.0466390739508883,0.0391565248456963,0.0244452077265713
"SPEECH_264",NA,NA,NA,NA,NA,NA,NA,NA,NA,NA,NA,NA,NA,NA,NA,NA,NA,NA,NA,NA,NA,NA,NA,NA,NA,NA,NA,NA,NA,NA,NA,NA,NA,NA,NA,NA,NA,NA,NA,NA,NA,NA,NA,NA,NA,NA,NA,NA,NA,NA,NA,NA,NA,NA,NA,NA,NA,NA,NA,NA,0.0254844948563842,0.0251856092988348,0.0179974551500977,0.0216157346464666,0.0520440364194798,0.0380258501149052,0.0440481832958079,0.0158648689170113,0.0190185799251606,0.0252279783424836,0.0240168021219838,0.0710193733263255,0.0309299196780636,0.0362351776383117,0.018809674791959,0.0420898165556572,0.0966045761242215,0.0201261629676044,0.032351644622024,0.0265435250692747,0.0218040429033808,0.0185638657498382,0.0279762818437645,0.0204192393719387,0.0310472243327842,0.0590707966110367,0.0276382788020438,0.0466390739508883,0.0391565248456963,0.0244452077265713,0.0250660906657618,0.0319168773442153,0.012774208210316,0.0325768298621082,0.0463376969990472,0.0376736122934204,0.0427093806828913,0.0224147304233287,0.0312699073990738,0.0293724699450992,0.0442777358632609,0.0346276931202921,0.016524683216794,0.0397315191631797,0.0463798623697321,0.0393053194000577,0.0476305459056552,0.0192511835312803,0.0160402512121259,0.0232251001540091,0.0269333555768304,0.0166209676908224,0.020291042102691,0.0351041254079926,0.0647050539726696,0.0538358105844831,0.0432005243741631,0.0251728544545471,0.020252201854154,0.054778366219998
"SPEECH_698",NA,NA,NA,NA,NA,NA,NA,NA,NA,NA,NA,NA,NA,NA,NA,NA,NA,NA,NA,NA,NA,NA,NA,NA,NA,NA,NA,NA,NA,NA,NA,NA,NA,NA,NA,NA,NA,NA,NA,NA,NA,NA,NA,NA,NA,NA,NA,NA,NA,NA,NA,NA,NA,NA,NA,NA,NA,NA,NA,NA,0.0254844948563842,0.0251856092988348,0.0179974551500977,0.0216157346464666,0.0520440364194798,0.0380258501149052,0.0440481832958079,0.0158648689170113,0.0190185799251606,0.0252279783424836,0.0240168021219838,0.0710193733263255,0.0309299196780636,0.0362351776383117,0.018809674791959,0.0420898165556572,0.0966045761242215,0.0201261629676044,0.032351644622024,0.0265435250692747,0.0218040429033808,0.0185638657498382,0.0279762818437645,0.0204192393719387,0.0310472243327842,0.0590707966110367,0.0276382788020438,0.0466390739508883,0.0391565248456963,0.0244452077265713,0.0250660906657618,0.0319168773442153,0.012774208210316,0.0325768298621082,0.0463376969990472,0.0376736122934204,0.0427093806828913,0.0224147304233287,0.0312699073990738,0.0293724699450992,0.0442777358632609,0.0346276931202921,0.016524683216794,0.0397315191631797,0.0463798623697321,0.0393053194000577,0.0476305459056552,0.0192511835312803,0.0160402512121259,0.0232251001540091,0.0269333555768304,0.0166209676908224,0.020291042102691,0.0351041254079926,0.0647050539726696,0.0538358105844831,0.0432005243741631,0.0251728544545471,0.020252201854154,0.054778366219998
"SPEECH_684",NA,NA,NA,NA,NA,NA,NA,NA,NA,NA,NA,NA,NA,NA,NA,NA,NA,NA,NA,NA,NA,NA,NA,NA,NA,NA,NA,NA,NA,NA,NA,NA,NA,NA,NA,NA,NA,NA,NA,NA,NA,NA,NA,NA,NA,NA,NA,NA,NA,NA,NA,NA,NA,NA,NA,NA,NA,NA,NA,NA,0.0243517643798498,0.0255109106979543,0.0221574075572135,0.0459514116948984,0.0353308584666443,0.0468367063958531,0.0390731944284717,0.0184050615191776,0.0222339264994027,0.0428624536847809,0.0350946905832172,0.0330760469562877,0.0187185449711435,0.0418587394607004,0.0312425693082285,0.0533579586578088,0.0394550243208627,0.0231951759455893,0.0213168770218472,0.0154493129536714,0.0186968095845577,0.0219539929300317,0.0295822298345727,0.0439332227035592,0.0829263897481645,0.0481787356573639,0.0191154600399438,0.0439381248609923,0.0426269974451082,0.013569401692103,0.023484763951958,0.0192862431157281,0.0218248750708527,0.0419355875829699,0.0871840886528309,0.0325262564194201,0.0232128918464289,0.0143588215380322,0.0822942225305824,0.0444233068183265,0.0156939763259241,0.0528712956361588,0.0268550984680803,0.0238807462678623,0.0194173904016728,0.0323580702585734,0.0619917796904626,0.0226211274980509,0.0221764265793961,0.0345898390008506,0.0148989201336042,0.0310814431380563,0.0310926458006328,0.0323962779328086,0.0224962230290688,0.0339365727003138,0.0290220662255461,0.0510447053110744,0.0203898240857343,0.0306545139889994
"SPEECH_456",NA,NA,NA,NA,NA,NA,NA,NA,NA,NA,NA,NA,NA,NA,NA,NA,NA,NA,NA,NA,NA,NA,NA,NA,NA,NA,NA,NA,NA,NA,NA,NA,NA,NA,NA,NA,NA,NA,NA,NA,NA,NA,NA,NA,NA,NA,NA,NA,NA,NA,NA,NA,NA,NA,NA,NA,NA,NA,NA,NA,0.0354542879128476,0.0346529499302509,0.0139237499684785,0.0187379120235601,0.0445958837375307,0.0410472286674168,0.0410063665638795,0.0142943046502822,0.0404516489550818,0.0229516668984853,0.040948158135768,0.0227414245670926,0.0245396065196554,0.0462464057441111,0.0246102905897667,0.0515906247809696,0.0294560832225552,0.0154490015053449,0.0327729929643861,0.0242826558204408,0.0149903498005003,0.0402203507616424,0.0243757665198747,0.0257911552632421,0.0554161591402739,0.0643872421055875,0.0328651990389985,0.0708777364663107,0.0294613058013935,0.0218614919442728,0.0259260892528556,0.0430819178041675,0.0182056240447539,0.0418942771357688,0.0622316003538631,0.0504618763178007,0.0363439768297221,0.0159973215590847,0.0205487910735996,0.027301939222359,0.0201237836252524,0.0624758450689131,0.024813519699626,0.0436577613989766,0.0135343891788718,0.0271000339797504,0.040225366618927,0.0206210570756728,0.0165626945765515,0.0183238263397717,0.0534557775114599,0.0250914358893675,0.0223825906004914,0.0243426847937971,0.0627049106995365,0.0615620434512749,0.030357300557623,0.0271046102994688,0.0448974538382056,0.0186695012024872
"SPEECH_580",NA,NA,NA,NA,NA,NA,NA,NA,NA,NA,NA,NA,NA,NA,NA,NA,NA,NA,NA,NA,NA,NA,NA,NA,NA,NA,NA,NA,NA,NA,NA,NA,NA,NA,NA,NA,NA,NA,NA,NA,NA,NA,NA,NA,NA,NA,NA,NA,NA,NA,NA,NA,NA,NA,NA,NA,NA,NA,NA,NA,0.0354542879128476,0.0346529499302509,0.0139237499684785,0.0187379120235601,0.0445958837375307,0.0410472286674168,0.0410063665638795,0.0142943046502822,0.0404516489550818,0.0229516668984853,0.040948158135768,0.0227414245670926,0.0245396065196554,0.0462464057441111,0.0246102905897667,0.0515906247809696,0.0294560832225552,0.0154490015053449,0.0327729929643861,0.0242826558204408,0.0149903498005003,0.0402203507616424,0.0243757665198747,0.0257911552632421,0.0554161591402739,0.0643872421055875,0.0328651990389985,0.0708777364663107,0.0294613058013935,0.0218614919442728,0.0259260892528556,0.0430819178041675,0.0182056240447539,0.0418942771357688,0.0622316003538631,0.0504618763178007,0.0363439768297221,0.0159973215590847,0.0205487910735996,0.027301939222359,0.0201237836252524,0.0624758450689131,0.024813519699626,0.0436577613989766,0.0135343891788718,0.0271000339797504,0.040225366618927,0.0206210570756728,0.0165626945765515,0.0183238263397717,0.0534557775114599,0.0250914358893675,0.0223825906004914,0.0243426847937971,0.0627049106995365,0.0615620434512749,0.030357300557623,0.0271046102994688,0.0448974538382056,0.0186695012024872
"SPEECH_267",NA,NA,NA,NA,NA,NA,NA,NA,NA,NA,NA,NA,NA,NA,NA,NA,NA,NA,NA,NA,NA,NA,NA,NA,NA,NA,NA,NA,NA,NA,NA,NA,NA,NA,NA,NA,NA,NA,NA,NA,NA,NA,NA,NA,NA,NA,NA,NA,NA,NA,NA,NA,NA,NA,NA,NA,NA,NA,NA,NA,0.0259260892528556,0.0430819178041675,0.0182056240447539,0.0418942771357688,0.0622316003538631,0.0504618763178007,0.0363439768297221,0.0159973215590847,0.0205487910735996,0.027301939222359,0.0201237836252524,0.0624758450689131,0.024813519699626,0.0436577613989766,0.0135343891788718,0.0271000339797504,0.040225366618927,0.0206210570756728,0.0165626945765515,0.0183238263397717,0.0534557775114599,0.0250914358893675,0.0223825906004914,0.0243426847937971,0.0627049106995365,0.0615620434512749,0.030357300557623,0.0271046102994688,0.0448974538382056,0.0186695012024872,0.0455729543162093,0.0439904530736529,0.0172716778790641,0.0216616535398439,0.0281304423721036,0.0383568090199754,0.037584030906827,0.0175465508394324,0.0331880512754669,0.0293748806771793,0.0395309667338735,0.026217297848548,0.0156213387652622,0.0238513057659393,0.0220321930219227,0.0551100946988997,0.0876633053782338,0.0164066680704156,0.0357798055760022,0.0183444558948109,0.0259696710944861,0.048180972762062,0.0342484840570286,0.0319632823546147,0.0412777364655245,0.0352636424816828,0.0219802556900447,0.0500978439813458,0.0376828064595369,0.0201003690000114
"SPEECH_628",NA,NA,NA,NA,NA,NA,NA,NA,NA,NA,NA,NA,NA,NA,NA,NA,NA,NA,NA,NA,NA,NA,NA,NA,NA,NA,NA,NA,NA,NA,NA,NA,NA,NA,NA,NA,NA,NA,NA,NA,NA,NA,NA,NA,NA,NA,NA,NA,NA,NA,NA,NA,NA,NA,NA,NA,NA,NA,NA,NA,0.0359228165512128,0.0304054249908365,0.0160177089855509,0.0323880197162867,0.031779733105367,0.0411753543159484,0.0228616494272234,0.0129426782352434,0.0455762956981782,0.0589223465113226,0.0239441060803618,0.0274646370591019,0.0173838214050225,0.0161215441923957,0.0271316267773973,0.0675621161428722,0.0600316610052653,0.0172997067778213,0.0247833626755097,0.0229224839674957,0.0196098004498245,0.0333435480462735,0.0668654125005093,0.0416041914952955,0.0490332374852537,0.0421753218314064,0.0183353799376722,0.049415848824032,0.0319804026162072,0.0149997631931126,0.0258922117136114,0.046192420113661,0.0150766129396393,0.0196572404968944,0.105278156570932,0.0652409842783576,0.022081664285904,0.0126585538944232,0.0469297842225883,0.0250949355665882,0.0218803374276056,0.0401405775736077,0.0136849814105254,0.0292704699196954,0.0491747167371698,0.0315067592610628,0.0489212013897084,0.0225802759899106,0.0235019961565859,0.0220373202819065,0.0113276307976746,0.0173400379122627,0.034466052908589,0.0371283980485501,0.0187389941847549,0.0568768628212737,0.0306013236018016,0.0320148001473474,0.0493836506957996,0.0253210486515696
"SPEECH_223",NA,NA,NA,NA,NA,NA,NA,NA,NA,NA,NA,NA,NA,NA,NA,NA,NA,NA,NA,NA,NA,NA,NA,NA,NA,NA,NA,NA,NA,NA,NA,NA,NA,NA,NA,NA,NA,NA,NA,NA,NA,NA,NA,NA,NA,NA,NA,NA,NA,NA,NA,NA,NA,NA,NA,NA,NA,NA,NA,NA,0.0360500571201946,0.0289683878122076,0.0188110644706681,0.0204554716011037,0.0510943449653598,0.0141979506863668,0.0349096223103793,0.0170253517656693,0.0434689178622491,0.0187674974562735,0.0464136490380054,0.0401855463861281,0.0178205608804502,0.0372914444625201,0.0421875182240101,0.0392163642967824,0.0520654480015005,0.0208112174076037,0.0188223200819274,0.0224484007430244,0.0152712798042638,0.0347969258970982,0.0550235220835055,0.0167793975846238,0.0415261363510176,0.0600227757473303,0.03127838770978,0.047720298793938,0.0436044057435588,0.03296573471246,0.0387804140015305,0.0327449149451217,0.0226359427911079,0.0198111116568929,0.0418884268294201,0.0381156729381223,0.0198911058580425,0.019560030619132,0.0421694358155679,0.0184257067806249,0.0546828576095216,0.0174979778784396,0.0237805411484024,0.0263234414427985,0.0284897421681996,0.0498321416452732,0.0203785389636072,0.0277572962410976,0.0348825975333045,0.0161961023711759,0.0237625980999528,0.0317992736713318,0.0315894288361915,0.0438565100241231,0.0879527974108104,0.0425294150299619,0.0225463385258979,0.0650144886175457,0.0311260804931762,0.0259790700536262
"SPEECH_632",NA,NA,NA,NA,NA,NA,NA,NA,NA,NA,NA,NA,NA,NA,NA,NA,NA,NA,NA,NA,NA,NA,NA,NA,NA,NA,NA,NA,NA,NA,NA,NA,NA,NA,NA,NA,NA,NA,NA,NA,NA,NA,NA,NA,NA,NA,NA,NA,NA,NA,NA,NA,NA,NA,NA,NA,NA,NA,NA,NA,0.0360500571201946,0.0289683878122076,0.0188110644706681,0.0204554716011037,0.0510943449653598,0.0141979506863668,0.0349096223103793,0.0170253517656693,0.0434689178622491,0.0187674974562735,0.0464136490380054,0.0401855463861281,0.0178205608804502,0.0372914444625201,0.0421875182240101,0.0392163642967824,0.0520654480015005,0.0208112174076037,0.0188223200819274,0.0224484007430244,0.0152712798042638,0.0347969258970982,0.0550235220835055,0.0167793975846238,0.0415261363510176,0.0600227757473303,0.03127838770978,0.047720298793938,0.0436044057435588,0.03296573471246,0.0387804140015305,0.0327449149451217,0.0226359427911079,0.0198111116568929,0.0418884268294201,0.0381156729381223,0.0198911058580425,0.019560030619132,0.0421694358155679,0.0184257067806249,0.0546828576095216,0.0174979778784396,0.0237805411484024,0.0263234414427985,0.0284897421681996,0.0498321416452732,0.0203785389636072,0.0277572962410976,0.0348825975333045,0.0161961023711759,0.0237625980999528,0.0317992736713318,0.0315894288361915,0.0438565100241231,0.0879527974108104,0.0425294150299619,0.0225463385258979,0.0650144886175457,0.0311260804931762,0.0259790700536262
"SPEECH_692",NA,NA,NA,NA,NA,NA,NA,NA,NA,NA,NA,NA,NA,NA,NA,NA,NA,NA,NA,NA,NA,NA,NA,NA,NA,NA,NA,NA,NA,NA,NA,NA,NA,NA,NA,NA,NA,NA,NA,NA,NA,NA,NA,NA,NA,NA,NA,NA,NA,NA,NA,NA,NA,NA,NA,NA,NA,NA,NA,NA,0.0269883289843256,0.0352515106208611,0.0132903874307916,0.0389518214096922,0.0411724163537229,0.0449590051890077,0.0330979086885112,0.0180152277025888,0.0264447622699786,0.0532931850460541,0.0321786731718264,0.0567799725111859,0.0136798926224613,0.0538721170229965,0.0192572714036131,0.0403847391462274,0.0422772107526127,0.0178106733850372,0.0256737873495759,0.0126685929576755,0.026224569478312,0.0366754718092391,0.0314173510237077,0.0288359749319229,0.0801031995569508,0.0250331880715497,0.0270278536686225,0.0520067020887519,0.0321106290527808,0.0145175762994168,0.0414391049277585,0.0198076674616722,0.0122425809703392,0.0291488066364357,0.0708286109393662,0.0928406781074798,0.0532393856857663,0.0227102048427142,0.0178970262007373,0.0503362051215143,0.018358877808449,0.0278930713065295,0.0109915674569678,0.0586405280834423,0.0239642208481797,0.0319185129337623,0.053446149632972,0.0198237190458296,0.0206525194787981,0.0121135608129628,0.0183992300761566,0.0255015201814409,0.0251010384079283,0.014443550121974,0.0887050663592911,0.0192378049736691,0.0214318286847691,0.0410691653223742,0.0246694666341159,0.0331483309366039
"SPEECH_596",NA,NA,NA,NA,NA,NA,NA,NA,NA,NA,NA,NA,NA,NA,NA,NA,NA,NA,NA,NA,NA,NA,NA,NA,NA,NA,NA,NA,NA,NA,NA,NA,NA,NA,NA,NA,NA,NA,NA,NA,NA,NA,NA,NA,NA,NA,NA,NA,NA,NA,NA,NA,NA,NA,NA,NA,NA,NA,NA,NA,0.0348110292468778,0.0375190315867195,0.0181616158624344,0.0503432398950506,0.0524106647471025,0.0267896176573499,0.0231176375363142,0.0186857206789841,0.0296819124245868,0.0318678316873484,0.0422968782711693,0.0323937896520634,0.0283901208469757,0.0425337268938661,0.0215101806502124,0.0421393001917854,0.0304875067948472,0.0194383659689276,0.0212974559840591,0.0229675311747787,0.0503542686627727,0.0213204327017366,0.0129204238279168,0.0256932773015532,0.073509293541504,0.0651318265776624,0.040651349250512,0.0293706894694125,0.0203241483596703,0.0338811325558065,0.0333731918256068,0.0317219566623268,0.0121743121038659,0.0484359731122515,0.0742425998891116,0.0377678863196261,0.0240045225677752,0.0165272391286612,0.0253942853045309,0.0307692400644301,0.0210350662260818,0.0248018291413943,0.0188545982050613,0.0553633947833101,0.0342771869352325,0.0690700162836634,0.018568565357978,0.0145770658769232,0.0170467774084395,0.0137229715205776,0.0464522334763165,0.0281782341943355,0.0316887161171181,0.0205084726207764,0.0774593987991713,0.0472015319308542,0.0405492322937901,0.0306628423521739,0.0381322889143909,0.0174383705842252
"SPEECH_427",NA,NA,NA,NA,NA,NA,NA,NA,NA,NA,NA,NA,NA,NA,NA,NA,NA,NA,NA,NA,NA,NA,NA,NA,NA,NA,NA,NA,NA,NA,NA,NA,NA,NA,NA,NA,NA,NA,NA,NA,NA,NA,NA,NA,NA,NA,NA,NA,NA,NA,NA,NA,NA,NA,NA,NA,NA,NA,NA,NA,0.0333731918256068,0.0317219566623268,0.0121743121038659,0.0484359731122515,0.0742425998891116,0.0377678863196261,0.0240045225677752,0.0165272391286612,0.0253942853045309,0.0307692400644301,0.0210350662260818,0.0248018291413943,0.0188545982050613,0.0553633947833101,0.0342771869352325,0.0690700162836634,0.018568565357978,0.0145770658769232,0.0170467774084395,0.0137229715205776,0.0464522334763165,0.0281782341943355,0.0316887161171181,0.0205084726207764,0.0774593987991713,0.0472015319308542,0.0405492322937901,0.0306628423521739,0.0381322889143909,0.0174383705842252,0.0362296169155679,0.0689683056150161,0.015363526496062,0.0456529774209326,0.0334735126180259,0.0309963467858786,0.0435442714654827,0.0169071847713796,0.0140121903786605,0.0108452786081295,0.0274702050215356,0.0221162838569993,0.0132147929191523,0.0359306349129507,0.0171729383898177,0.0722802840757719,0.0239775766869724,0.0175856431924619,0.0262802814604818,0.0155339345458407,0.0789892874285581,0.0648992863565429,0.0142898609327955,0.0364668623232868,0.0754801451859985,0.0239174865830109,0.0296661237843457,0.0374110781086016,0.0310100342421003,0.02031404891764
"SPEECH_479",NA,NA,NA,NA,NA,NA,NA,NA,NA,NA,NA,NA,NA,NA,NA,NA,NA,NA,NA,NA,NA,NA,NA,NA,NA,NA,NA,NA,NA,NA,NA,NA,NA,NA,NA,NA,NA,NA,NA,NA,NA,NA,NA,NA,NA,NA,NA,NA,NA,NA,NA,NA,NA,NA,NA,NA,NA,NA,NA,NA,0.0236136244501907,0.0320459949520738,0.0215138922724056,0.0391469246324316,0.043189452472932,0.03168846472113,0.0225371606229878,0.0300865503252521,0.0349492985519646,0.0344220297138153,0.0216581102039676,0.0184760612176569,0.0168109516165682,0.0802573255031954,0.0216107595124231,0.025933626443323,0.0151804967074625,0.024020349800129,0.0227312218478468,0.0311849684959177,0.0886861067275247,0.0342430487958853,0.0129272313186368,0.0274899047532744,0.0311340897569762,0.0677039440792507,0.0813747265063259,0.0208522738512011,0.0182342132673442,0.026297196879907,0.0303558126119262,0.0428866113689497,0.0182680982598859,0.0108137357929627,0.0778390351028063,0.0172342946725646,0.0545646759367997,0.0089258343494117,0.0561895394054179,0.0187991203965257,0.027884715128093,0.0407244085252329,0.0313698829889745,0.0494784426199051,0.0223610794732852,0.039004969996047,0.0549832675310634,0.0182276747624569,0.014339012070337,0.03018364866078,0.0232183802876298,0.0313512615179148,0.023800778227973,0.0127274941810146,0.0140468571174933,0.0516524084299264,0.0475196033260333,0.0256179146961843,0.0701645744497684,0.0354668681126366
"SPEECH_707",NA,NA,NA,NA,NA,NA,NA,NA,NA,NA,NA,NA,NA,NA,NA,NA,NA,NA,NA,NA,NA,NA,NA,NA,NA,NA,NA,NA,NA,NA,NA,NA,NA,NA,NA,NA,NA,NA,NA,NA,NA,NA,NA,NA,NA,NA,NA,NA,NA,NA,NA,NA,NA,NA,NA,NA,NA,NA,NA,NA,0.0236136244501907,0.0320459949520738,0.0215138922724056,0.0391469246324316,0.043189452472932,0.03168846472113,0.0225371606229878,0.0300865503252521,0.0349492985519646,0.0344220297138153,0.0216581102039676,0.0184760612176569,0.0168109516165682,0.0802573255031954,0.0216107595124231,0.025933626443323,0.0151804967074625,0.024020349800129,0.0227312218478468,0.0311849684959177,0.0886861067275247,0.0342430487958853,0.0129272313186368,0.0274899047532744,0.0311340897569762,0.0677039440792507,0.0813747265063259,0.0208522738512011,0.0182342132673442,0.026297196879907,0.0303558126119262,0.0428866113689497,0.0182680982598859,0.0108137357929627,0.0778390351028063,0.0172342946725646,0.0545646759367997,0.0089258343494117,0.0561895394054179,0.0187991203965257,0.027884715128093,0.0407244085252329,0.0313698829889745,0.0494784426199051,0.0223610794732852,0.039004969996047,0.0549832675310634,0.0182276747624569,0.014339012070337,0.03018364866078,0.0232183802876298,0.0313512615179148,0.023800778227973,0.0127274941810146,0.0140468571174933,0.0516524084299264,0.0475196033260333,0.0256179146961843,0.0701645744497684,0.0354668681126366
"SPEECH_582",NA,NA,NA,NA,NA,NA,NA,NA,NA,NA,NA,NA,NA,NA,NA,NA,NA,NA,NA,NA,NA,NA,NA,NA,NA,NA,NA,NA,NA,NA,NA,NA,NA,NA,NA,NA,NA,NA,NA,NA,NA,NA,NA,NA,NA,NA,NA,NA,NA,NA,NA,NA,NA,NA,NA,NA,NA,NA,NA,NA,0.0440218563781649,0.0313802535619474,0.0145929565496761,0.0531889100557816,0.0456091724618572,0.0293957907968693,0.0913244276648273,0.0271408963123125,0.026806753497189,0.0158774561621405,0.0462784233261867,0.034484561133807,0.0191704312114104,0.0270796978290024,0.012370296820203,0.0611014228857294,0.0424524212059449,0.0151447416565202,0.0208577841499532,0.0128351142435079,0.0303701831560579,0.0285873495120656,0.0205848017493291,0.0665168128497352,0.0547905541596519,0.0124342960813565,0.0198933078985595,0.0421630256239109,0.0416781505143567,0.011868150551946,0.0348222352683991,0.0308444464024755,0.013010485166362,0.0484972705176832,0.0206339809138572,0.0519847147175749,0.0355504204882451,0.0214008501062761,0.0260794984389997,0.0367204176141172,0.0402728229387273,0.0206889299316853,0.0161589100429056,0.0475035398839648,0.0107395657574034,0.0424197746333227,0.0331078390671461,0.0161533527299814,0.0388691395808502,0.0182685443829011,0.048365322051898,0.0299381169657564,0.0421584859541487,0.0239755208182881,0.0538844348292081,0.0266398101020329,0.0219976641833175,0.0974122184517474,0.0341519120524493,0.0177497760082756
"SPEECH_693",NA,NA,NA,NA,NA,NA,NA,NA,NA,NA,NA,NA,NA,NA,NA,NA,NA,NA,NA,NA,NA,NA,NA,NA,NA,NA,NA,NA,NA,NA,NA,NA,NA,NA,NA,NA,NA,NA,NA,NA,NA,NA,NA,NA,NA,NA,NA,NA,NA,NA,NA,NA,NA,NA,NA,NA,NA,NA,NA,NA,0.0440218563781649,0.0313802535619474,0.0145929565496761,0.0531889100557816,0.0456091724618572,0.0293957907968693,0.0913244276648273,0.0271408963123125,0.026806753497189,0.0158774561621405,0.0462784233261867,0.034484561133807,0.0191704312114104,0.0270796978290024,0.012370296820203,0.0611014228857294,0.0424524212059449,0.0151447416565202,0.0208577841499532,0.0128351142435079,0.0303701831560579,0.0285873495120656,0.0205848017493291,0.0665168128497352,0.0547905541596519,0.0124342960813565,0.0198933078985595,0.0421630256239109,0.0416781505143567,0.011868150551946,0.0348222352683991,0.0308444464024755,0.013010485166362,0.0484972705176832,0.0206339809138572,0.0519847147175749,0.0355504204882451,0.0214008501062761,0.0260794984389997,0.0367204176141172,0.0402728229387273,0.0206889299316853,0.0161589100429056,0.0475035398839648,0.0107395657574034,0.0424197746333227,0.0331078390671461,0.0161533527299814,0.0388691395808502,0.0182685443829011,0.048365322051898,0.0299381169657564,0.0421584859541487,0.0239755208182881,0.0538844348292081,0.0266398101020329,0.0219976641833175,0.0974122184517474,0.0341519120524493,0.0177497760082756
"SPEECH_424",NA,NA,NA,NA,NA,NA,NA,NA,NA,NA,NA,NA,NA,NA,NA,NA,NA,NA,NA,NA,NA,NA,NA,NA,NA,NA,NA,NA,NA,NA,NA,NA,NA,NA,NA,NA,NA,NA,NA,NA,NA,NA,NA,NA,NA,NA,NA,NA,NA,NA,NA,NA,NA,NA,NA,NA,NA,NA,NA,NA,0.01817174618002,0.0343841247078125,0.0129354911345869,0.0634199601475264,0.0374881856203391,0.057729019472028,0.040578870269949,0.0187227402602212,0.0277433136985222,0.0415497888355251,0.0390964355159695,0.0113922812580437,0.0138470680508096,0.0873730725511451,0.0297865443218665,0.0316178564517604,0.0174549265205327,0.0170491239704039,0.0149999899443605,0.0141860907622848,0.0165801810694209,0.0160626394723566,0.0281959782969532,0.0360132333953639,0.0593228389745693,0.0849235460735891,0.0410731654771939,0.0413140532477494,0.0251575869881207,0.0218301473309756,0.0210135578576908,0.0499451846650877,0.0102900098840684,0.0575119609992489,0.0349968447521907,0.0385033344524658,0.0221091369771354,0.0128655471615954,0.0297306631099058,0.0172405105162083,0.0370541510526461,0.0150262153149076,0.0141929622425731,0.0680836396014865,0.048509477425885,0.0510530987834185,0.0265902044851549,0.0239311955016565,0.0198193945998034,0.0282554331394197,0.0124543907719178,0.0309848665067562,0.00939810753104417,0.0352713933966085,0.118218649458511,0.0524584697135181,0.0276139847225789,0.0470412516146171,0.0291006582804376,0.0107357054814616
"SPEECH_586",NA,NA,NA,NA,NA,NA,NA,NA,NA,NA,NA,NA,NA,NA,NA,NA,NA,NA,NA,NA,NA,NA,NA,NA,NA,NA,NA,NA,NA,NA,NA,NA,NA,NA,NA,NA,NA,NA,NA,NA,NA,NA,NA,NA,NA,NA,NA,NA,NA,NA,NA,NA,NA,NA,NA,NA,NA,NA,NA,NA,0.015080862232973,0.0380462591328743,0.0132239656741624,0.0396812921897454,0.0346916357482067,0.0572883100449642,0.0249019539781404,0.0194103853098619,0.0358899105895154,0.0227665228609602,0.0279058974815871,0.0356894864574495,0.0262930293564118,0.0536266715524775,0.0132590076990365,0.0358147687022075,0.0277439436718825,0.0222294261244162,0.0143513163758428,0.0167246031759161,0.0352307059108982,0.0378332376602062,0.038515650501708,0.0727779990898013,0.0873268235219301,0.0486688362921927,0.0221913998135514,0.0477554038358668,0.0205267215916786,0.0145539734235356,0.0328594936302936,0.0489774657278357,0.00901855595135304,0.0313810470869156,0.0295085329834014,0.0571575072588285,0.0503294287308461,0.0133459480247179,0.0259538720276847,0.0432545282376994,0.0351779576412993,0.0262825848089339,0.00864243159369699,0.0787797661361003,0.0150873197858216,0.0552234371789043,0.0239563645026299,0.0174985606212725,0.0163966320131914,0.0119403803362615,0.027969644199673,0.0408627672920448,0.0273065516535902,0.0368225278770991,0.0604070485003621,0.0250178906235186,0.0236172524093439,0.0596852448250007,0.0491242998363488,0.0184149585053313
"SPEECH_577",NA,NA,NA,NA,NA,NA,NA,NA,NA,NA,NA,NA,NA,NA,NA,NA,NA,NA,NA,NA,NA,NA,NA,NA,NA,NA,NA,NA,NA,NA,NA,NA,NA,NA,NA,NA,NA,NA,NA,NA,NA,NA,NA,NA,NA,NA,NA,NA,NA,NA,NA,NA,NA,NA,NA,NA,NA,NA,NA,NA,0.0216082567728336,0.054660048763497,0.00809178891467293,0.0300914632215573,0.00986104891277305,0.0483913858694423,0.0380377849249323,0.0148237095541171,0.0396384240976718,0.0222240203196316,0.0221602048247816,0.013628571880923,0.0217132656615415,0.0652603011756617,0.00939625769563074,0.0996779958112246,0.0273357127024839,0.0202943768178878,0.0170059823492425,0.0149695929288406,0.0348402249091904,0.0565978956605916,0.0131723436786133,0.0456076053866022,0.0511587663468541,0.066065204214107,0.0171289654267711,0.0529595710802607,0.0438112857188092,0.0197879443788535,0.0337554708579254,0.0338670034854264,0.0146879469790059,0.0300347011437244,0.0353885660369776,0.0457379967767677,0.0340385109950428,0.0225092821598626,0.0216598755964013,0.0136287566025279,0.0274819254381062,0.0320197874406248,0.0218933311895128,0.0568404607121915,0.0154151908569443,0.0553737867095038,0.0252642891044766,0.0171012518896855,0.0188994554569795,0.0177000373670302,0.0391300120240943,0.0254795923775221,0.02918498147992,0.0600987866473646,0.0726202242287234,0.0567179449083779,0.0232213094144859,0.0635815000687684,0.0206395949101043,0.0360284271419216
"SPEECH_701",NA,NA,NA,NA,NA,NA,NA,NA,NA,NA,NA,NA,NA,NA,NA,NA,NA,NA,NA,NA,NA,NA,NA,NA,NA,NA,NA,NA,NA,NA,NA,NA,NA,NA,NA,NA,NA,NA,NA,NA,NA,NA,NA,NA,NA,NA,NA,NA,NA,NA,NA,NA,NA,NA,NA,NA,NA,NA,NA,NA,0.0262389161800471,0.0462776610465309,0.0182369894837012,0.058534056554648,0.0761070034518932,0.02176258980753,0.0473518553895804,0.0225051161658001,0.019653470449168,0.030969470765635,0.0184759453445943,0.0186941749275564,0.0175038121201253,0.0328402463539202,0.0316062547863025,0.0384144192470923,0.0247060374094858,0.026013593406354,0.0363690302718797,0.018642864769087,0.0269319940191581,0.0206779893518836,0.0180686386256275,0.0391217929273127,0.0662694714099453,0.0422121582477906,0.0384940907736602,0.0628851253591281,0.0302058524144206,0.0242293789401421,0.0356253555065213,0.0403417718238744,0.0153209145606884,0.039186618096202,0.0552935082890429,0.036668522488684,0.0278754833749718,0.0203533064348159,0.0268629618288856,0.0318354136013973,0.0338197874767608,0.0301815545117538,0.0174547586010654,0.0319144330736786,0.0136151499447252,0.0464343854408992,0.0153662027284405,0.0178196624699688,0.0415680031432603,0.0171248206865466,0.0326159506412573,0.024325567389004,0.0396774213123049,0.0607931679670646,0.0588078439657417,0.0494381202349168,0.0165599437768436,0.03509808821245,0.0470182677767871,0.0410030146414474
"SPEECH_241",NA,NA,NA,NA,NA,NA,NA,NA,NA,NA,NA,NA,NA,NA,NA,NA,NA,NA,NA,NA,NA,NA,NA,NA,NA,NA,NA,NA,NA,NA,NA,NA,NA,NA,NA,NA,NA,NA,NA,NA,NA,NA,NA,NA,NA,NA,NA,NA,NA,NA,NA,NA,NA,NA,NA,NA,NA,NA,NA,NA,0.035983875551139,0.0210611596556591,0.0190782084923358,0.0225309933674699,0.0338399279915048,0.024604488275894,0.026434255797216,0.0182918095042422,0.0777394474301699,0.068692954268239,0.0314182511023825,0.0456961466835778,0.0189323292393907,0.0426076977773365,0.0235619020398897,0.0431599993398397,0.0476324426948462,0.0255595239974739,0.0199874335676414,0.0138526468510126,0.0158040726605989,0.0375493306717877,0.0285781507536227,0.0440664979211161,0.046936249471121,0.0566524117766898,0.0219105177562753,0.0401390217929577,0.0299780545033427,0.0177201990652273,0.0259444799539019,0.0399193635120132,0.0120248610847783,0.0528525768850023,0.0596642688518874,0.0167123163572774,0.0331594664883837,0.0181654307472506,0.0357186625708929,0.0502204485897322,0.0472797188818718,0.0157340432579949,0.0185917872153074,0.0350550817166579,0.0242224035498117,0.0367530610434698,0.0509436015582995,0.0182297015718344,0.0218589688927344,0.0228166962245337,0.0170122225317921,0.0240085408759859,0.0568542330395729,0.0572810644400919,0.050052422136177,0.0280614781103284,0.0155855085381777,0.0563447598139422,0.0300582227564365,0.0288746088038602
"SPEECH_468",NA,NA,NA,NA,NA,NA,NA,NA,NA,NA,NA,NA,NA,NA,NA,NA,NA,NA,NA,NA,NA,NA,NA,NA,NA,NA,NA,NA,NA,NA,NA,NA,NA,NA,NA,NA,NA,NA,NA,NA,NA,NA,NA,NA,NA,NA,NA,NA,NA,NA,NA,NA,NA,NA,NA,NA,NA,NA,NA,NA,0.011783919446156,0.0478703543936461,0.0168643166522076,0.0418245318967564,0.0362507983407433,0.0200771002290669,0.0486051298879866,0.0131759514382685,0.0436565438906693,0.0366610017618207,0.029458926171505,0.0946272115637131,0.0132134339807853,0.0222995644491147,0.0339050646007285,0.0286663081900026,0.0278460361156025,0.0128869492902249,0.0164570735321172,0.0192342134578676,0.0544969341205078,0.0245129395646244,0.0177950319445822,0.0413085040782718,0.0615086145836582,0.0688880875144803,0.0166407223440382,0.0374434399796193,0.0239740133277521,0.0380672832534827,0.0278238742467954,0.0566939972991194,0.0160167363611394,0.0329070478479783,0.0582410106840047,0.0349750087886894,0.0177016429512068,0.0183426608274179,0.0343178959579804,0.0379591916812867,0.0186338105698311,0.0449440463365586,0.0146181218994696,0.031769856405803,0.0729145000642373,0.0236170317741136,0.0137847669315501,0.0134871996121104,0.018274355099291,0.0245803009302549,0.0357544086948175,0.0364092034738076,0.0246915956851623,0.0867093142028587,0.0548270232352537,0.0397845995664662,0.026673821081037,0.050373044870613,0.0157205510456926,0.0174533818754536
"SPEECH_275",NA,NA,NA,NA,NA,NA,NA,NA,NA,NA,NA,NA,NA,NA,NA,NA,NA,NA,NA,NA,NA,NA,NA,NA,NA,NA,NA,NA,NA,NA,NA,NA,NA,NA,NA,NA,NA,NA,NA,NA,NA,NA,NA,NA,NA,NA,NA,NA,NA,NA,NA,NA,NA,NA,NA,NA,NA,NA,NA,NA,0.0429715749831334,0.0474990451141704,0.0158640982472798,0.0342895582104478,0.0192955812759422,0.0441249943173661,0.0377052015189824,0.018937862639693,0.017416796312898,0.013132582994856,0.0642479638947891,0.0272178995998676,0.0131730476814993,0.0490772686530315,0.0153003418025347,0.0805341400600233,0.0595799320911367,0.0163792459790337,0.0414521351508869,0.0132538093816842,0.0193879155774453,0.0261099718815013,0.0270403161068572,0.0403857756673141,0.0675389887731629,0.0221624968567671,0.0203090881908591,0.024997403035348,0.0497645708346225,0.0308503931668666,0.0335535328582548,0.049053741434704,0.0144593890886189,0.0297576136341132,0.0435177871519421,0.0595307570886923,0.0420422430671173,0.0192959510481825,0.0552228228376367,0.045735256860366,0.0239689557881233,0.0291599127291016,0.020767199314458,0.0420112807709759,0.0219711782154456,0.0370655342065234,0.0598170776924567,0.0173281895710094,0.0247848719552779,0.0182907880103531,0.0170670900571908,0.0257939071600525,0.0210758497384963,0.0347509345456584,0.0422792786328043,0.0290539077267244,0.0272889015098734,0.0658684794191797,0.0260900058100852,0.0233975620765826
"SPEECH_415",NA,NA,NA,NA,NA,NA,NA,NA,NA,NA,NA,NA,NA,NA,NA,NA,NA,NA,NA,NA,NA,NA,NA,NA,NA,NA,NA,NA,NA,NA,NA,NA,NA,NA,NA,NA,NA,NA,NA,NA,NA,NA,NA,NA,NA,NA,NA,NA,NA,NA,NA,NA,NA,NA,NA,NA,NA,NA,NA,NA,0.0323423105518462,0.0611282633832832,0.0128535303974492,0.0366280337810824,0.0486354684632815,0.025551574415265,0.0252747079777911,0.00947940330181555,0.0393494469311417,0.0441082961133056,0.0163001098110682,0.014830711455764,0.0368562264424171,0.0292503117671409,0.0229837040673333,0.0280063183242048,0.0353657803781923,0.0154314948356127,0.0119341815007961,0.0113308909496999,0.0357742998106802,0.072999282992809,0.0393604084764498,0.0448037986570417,0.103731269086525,0.0441446597350027,0.0286235998640158,0.0402733536648261,0.0217303483160289,0.0109182145481296,0.0195106236520668,0.0614141382161466,0.015399064224131,0.0261823977021884,0.0372750255759002,0.0286322812292157,0.0211773694998328,0.0207109717907843,0.0350529272585766,0.0209599188253508,0.0204029324109649,0.0214791161109691,0.0185768595823103,0.0330822885577607,0.0119410974991304,0.0545890144333923,0.0151485059363788,0.0198238260680006,0.0189823040300145,0.0190593335559653,0.0461986101401906,0.0423812015362168,0.0301396843383617,0.0570093094848254,0.137563094807725,0.0591154370847772,0.0573549597280692,0.0208845277214462,0.0167952743444752,0.0131579046548322
"SPEECH_434",NA,NA,NA,NA,NA,NA,NA,NA,NA,NA,NA,NA,NA,NA,NA,NA,NA,NA,NA,NA,NA,NA,NA,NA,NA,NA,NA,NA,NA,NA,NA,NA,NA,NA,NA,NA,NA,NA,NA,NA,NA,NA,NA,NA,NA,NA,NA,NA,NA,NA,NA,NA,NA,NA,NA,NA,NA,NA,NA,NA,0.0262567417039189,0.0435162035794093,0.0130535509726981,0.0406251724393784,0.0259107941455717,0.0378869819554811,0.0324625119576852,0.0172555516726303,0.0351174095196612,0.0247787703084384,0.0217007682520056,0.0214783087146851,0.0276049231133538,0.0570010760814245,0.020305889415287,0.056028098355534,0.0299559083865143,0.0164044959917811,0.0292367314337107,0.0183956523204003,0.0233712319766106,0.0445137755511517,0.0282699771153438,0.0556556626350026,0.108751724186644,0.036849926202883,0.0294263843712112,0.0309742900462788,0.0321085145839949,0.0151029730113107,0.0277324495898792,0.0527622325856862,0.0193955417034429,0.0455017053847887,0.0339320613343744,0.0378830652635129,0.026039554636595,0.0250086465694417,0.0187229639152317,0.0393647671763,0.0140622142674086,0.0349622643624955,0.0158610388181498,0.0471419882938278,0.018051178112349,0.0299449579032842,0.0173521492023323,0.0356277220717066,0.020006601876765,0.0219773319857232,0.0255263885813744,0.0315058235758276,0.0216155433915624,0.051179387585922,0.0888957364656813,0.0428507726624431,0.0685038845548869,0.0273263295753057,0.02289444664856,0.038371251905142
"SPEECH_353",NA,NA,NA,NA,NA,NA,NA,NA,NA,NA,NA,NA,NA,NA,NA,NA,NA,NA,NA,NA,NA,NA,NA,NA,NA,NA,NA,NA,NA,NA,NA,NA,NA,NA,NA,NA,NA,NA,NA,NA,NA,NA,NA,NA,NA,NA,NA,NA,NA,NA,NA,NA,NA,NA,NA,NA,NA,NA,NA,NA,0.0277185678115175,0.0660359783828835,0.00952195151819904,0.0487526040986974,0.0390624661014271,0.0542379699918407,0.0264574004859039,0.014740236577762,0.0206611781401188,0.0201329303113069,0.015846421692796,0.0355410231513005,0.0184993893989437,0.10127165144872,0.0116652058274545,0.0286562580909183,0.0124916895153373,0.014442000718691,0.00952195151819904,0.0150014035729936,0.0140199376745312,0.036713648092699,0.0375401317805818,0.104708913057436,0.123014489344464,0.0149331796836636,0.0350313097544083,0.0116652058274545,0.0167967325657678,0.0153181738639841,0.0116748603920295,0.0590461904499081,0.0156439372769598,0.0553094252265664,0.042108875240449,0.0310954998952069,0.0215176853376346,0.0206744656530514,0.0476835873332467,0.0492303262538211,0.0144539587372925,0.0309919735821254,0.0224690584094554,0.0339161837494804,0.0138259414416819,0.026833937930549,0.0160533191933331,0.0277111744181457,0.0154510615568429,0.0361360491739959,0.0312464218910898,0.0294051809959465,0.0337316871069362,0.0623966603857155,0.0684969323026094,0.0689000123244431,0.0409333874955221,0.0326367790903229,0.0267700062240564,0.0136554209315824
"SPEECH_274",NA,NA,NA,NA,NA,NA,NA,NA,NA,NA,NA,NA,NA,NA,NA,NA,NA,NA,NA,NA,NA,NA,NA,NA,NA,NA,NA,NA,NA,NA,NA,NA,NA,NA,NA,NA,NA,NA,NA,NA,NA,NA,NA,NA,NA,NA,NA,NA,NA,NA,NA,NA,NA,NA,NA,NA,NA,NA,NA,NA,0.0116748603920295,0.0590461904499081,0.0156439372769598,0.0553094252265664,0.042108875240449,0.0310954998952069,0.0215176853376346,0.0206744656530514,0.0476835873332467,0.0492303262538211,0.0144539587372925,0.0309919735821254,0.0224690584094554,0.0339161837494804,0.0138259414416819,0.026833937930549,0.0160533191933331,0.0277111744181457,0.0154510615568429,0.0361360491739959,0.0312464218910898,0.0294051809959465,0.0337316871069362,0.0623966603857155,0.0684969323026094,0.0689000123244431,0.0409333874955221,0.0326367790903229,0.0267700062240564,0.0136554209315824,0.0274883706019329,0.0522565810807746,0.0135045319216428,0.0514314999598525,0.0501501924096255,0.0350051205429803,0.0315219013127542,0.0168367352189457,0.0364290551121986,0.0213558505908478,0.0186693085606606,0.0255859394191418,0.0216703952664301,0.0394951448795866,0.0259421856324517,0.0306421259752416,0.0462362652498175,0.018273035585655,0.0260480348607964,0.0229521402390498,0.0370455626623776,0.0265883841015826,0.0257966418593972,0.0424437635489174,0.0381889276606829,0.0552776983710037,0.0484510898509287,0.0434992089360356,0.0314434977245328,0.0397708108641556
"SPEECH_615",NA,NA,NA,NA,NA,NA,NA,NA,NA,NA,NA,NA,NA,NA,NA,NA,NA,NA,NA,NA,NA,NA,NA,NA,NA,NA,NA,NA,NA,NA,NA,NA,NA,NA,NA,NA,NA,NA,NA,NA,NA,NA,NA,NA,NA,NA,NA,NA,NA,NA,NA,NA,NA,NA,NA,NA,NA,NA,NA,NA,0.0240838112071937,0.0589135130383251,0.0129396144869352,0.0388216288166279,0.0587030886021564,0.0264311666510834,0.0285510737706979,0.0194344983697201,0.0201048070425712,0.0178079775031768,0.0157474161754968,0.0369064965604738,0.0344135198633706,0.0591203603666249,0.0179753165878894,0.0411624023931228,0.0226801232091592,0.0187660016153753,0.0118363933592735,0.0168376075854628,0.0250140739697279,0.0257942065870112,0.041413414451958,0.0602071581944134,0.0442034713591969,0.0367181487173576,0.0583166723237019,0.0456112732282936,0.0503371394389407,0.0311476245246622,0.0243920966183234,0.0721611229588949,0.0129495733823698,0.0402585276413303,0.0432339358603514,0.0455876101694675,0.0181080685518604,0.0130518953963773,0.0280227455767111,0.0404110943678048,0.032546077182113,0.0271614692812812,0.0125569005501984,0.0409404987438008,0.018193930250283,0.0322815453732555,0.0218809574600399,0.0211624473384334,0.0218305605625125,0.0450585981390714,0.0589361012146888,0.0251232663083091,0.0452010660507551,0.034755297741901,0.0742526691131704,0.0459388260102126,0.0469715921769247,0.0145104311984607,0.0277122508261182,0.0148088439549793
"SPEECH_706",NA,NA,NA,NA,NA,NA,NA,NA,NA,NA,NA,NA,NA,NA,NA,NA,NA,NA,NA,NA,NA,NA,NA,NA,NA,NA,NA,NA,NA,NA,NA,NA,NA,NA,NA,NA,NA,NA,NA,NA,NA,NA,NA,NA,NA,NA,NA,NA,NA,NA,NA,NA,NA,NA,NA,NA,NA,NA,NA,NA,0.0424329973999606,0.0531833752175949,0.0146238867964083,0.0462904900864004,0.0294305317287204,0.0395495716898135,0.0316845564274732,0.0167620423253754,0.022559791615777,0.0300816107132976,0.0330673531231733,0.0189589796990976,0.0139644104801334,0.0307030954526187,0.015636489061306,0.0520196467317521,0.0544377617618197,0.0205246640954703,0.0497931334558982,0.0135243602030414,0.026380285584179,0.0741804503508968,0.0253186879791684,0.0328538811086885,0.0633487670092624,0.0400035619313781,0.0486014619756243,0.0265129026652422,0.0152008550699778,0.0183703982604505,0.0245558717734423,0.0440760230082356,0.013986994488538,0.0509568414513081,0.0198045874412248,0.0416610787377444,0.0306636492491079,0.0261345417816235,0.0256416563135284,0.0498206166442642,0.0221400886621365,0.0283792541947181,0.0154403186663896,0.0509547532246379,0.0149289780144602,0.0446081374062708,0.0204936121274171,0.0175578063370229,0.0181738821505668,0.0100766013393729,0.0330390612865646,0.0521709850185321,0.0477452365370877,0.0498665121317416,0.0760296190817169,0.0526253798955337,0.0448899597954982,0.0309019395582425,0.0195175982201729,0.0231584154628998
"SPEECH_238",NA,NA,NA,NA,NA,NA,NA,NA,NA,NA,NA,NA,NA,NA,NA,NA,NA,NA,NA,NA,NA,NA,NA,NA,NA,NA,NA,NA,NA,NA,NA,NA,NA,NA,NA,NA,NA,NA,NA,NA,NA,NA,NA,NA,NA,NA,NA,NA,NA,NA,NA,NA,NA,NA,NA,NA,NA,NA,NA,NA,0.0282839835156108,0.046953978275999,0.0170846551117574,0.034509299001888,0.0280350436783409,0.0211031820888016,0.035409720782655,0.0209172281724248,0.0149186997305064,0.0138051380367217,0.0296343300739502,0.0363893608871853,0.0211688726302105,0.0953859582589776,0.0128283268768635,0.0453895041919787,0.031897753942357,0.0214348335639088,0.0275370839684615,0.0224755304030604,0.0685105271666255,0.0178400922395347,0.0642388958533066,0.0673503212296986,0.0627432752182032,0.0152995690328063,0.0217489580521888,0.0281106493162395,0.0205946123982094,0.0284006163015284,0.0410609369798316,0.0343495223194324,0.0197826243646593,0.0483054010592625,0.0340439314532255,0.0520526948625917,0.0213962937535208,0.0333375873438585,0.0487952985471813,0.0360204448332554,0.0270621705188807,0.0255303058100805,0.0118856616917513,0.0361003742694564,0.0149501158115325,0.0269908225321409,0.0143638865455548,0.0249397796042222,0.0148196792780995,0.0244209768997804,0.0257293925062603,0.0344650124330537,0.0491537881934652,0.0343656261846095,0.0696925380511622,0.0445217215966751,0.0804321245440821,0.0281851769801376,0.026307163308889,0.016938947723347
"SPEECH_629",NA,NA,NA,NA,NA,NA,NA,NA,NA,NA,NA,NA,NA,NA,NA,NA,NA,NA,NA,NA,NA,NA,NA,NA,NA,NA,NA,NA,NA,NA,NA,NA,NA,NA,NA,NA,NA,NA,NA,NA,NA,NA,NA,NA,NA,NA,NA,NA,NA,NA,NA,NA,NA,NA,NA,NA,NA,NA,NA,NA,0.0463420903633555,0.054422112897796,0.0144614367330662,0.0419908659134645,0.0246696157003353,0.0264668008295821,0.0433123948146362,0.0231331499461384,0.0189287243871148,0.0200421212183407,0.058619179630776,0.0337606238368897,0.010861688356709,0.0417222899077344,0.0223659921629799,0.0619161813158821,0.0433141756810573,0.0192983170532316,0.045579355900477,0.0178475681312135,0.036596563170517,0.0447975496114155,0.0360720076790308,0.0276743276384666,0.0404503069160046,0.0312189832207086,0.0395186721371655,0.034739610709373,0.0179142417189011,0.021963052417637,0.0299360214364249,0.0370340926083557,0.0201284474534086,0.0348425864334546,0.026456055268915,0.0320304480493403,0.0295706511826168,0.0209173586613329,0.0182301222949004,0.0467060078705785,0.0289561325805325,0.0260828142325089,0.0145128923419142,0.063640226235476,0.016573464101099,0.0536321225541994,0.0214772329830286,0.014946256484755,0.0215745885183187,0.0140769989663403,0.0655334859652512,0.0411100334068751,0.027400504270524,0.0470306172042047,0.100749018798859,0.0372415001870272,0.0257184902679208,0.0314134154928111,0.0265965257168131,0.0258818884322138
"SPEECH_273",NA,NA,NA,NA,NA,NA,NA,NA,NA,NA,NA,NA,NA,NA,NA,NA,NA,NA,NA,NA,NA,NA,NA,NA,NA,NA,NA,NA,NA,NA,NA,NA,NA,NA,NA,NA,NA,NA,NA,NA,NA,NA,NA,NA,NA,NA,NA,NA,NA,NA,NA,NA,NA,NA,NA,NA,NA,NA,NA,NA,0.0215679155940123,0.043189020826135,0.0154708290924409,0.0379797452065251,0.0229766283239887,0.0478433861403863,0.0339071050869924,0.0200316457266974,0.0400812356290931,0.0355733424721296,0.0356076630920384,0.0344672217071427,0.0184107925599929,0.0610852429526929,0.0134314425199114,0.0364136093638461,0.0337166334318134,0.0173703146051341,0.024514855608017,0.0156400065072936,0.0233143965736903,0.0503127727999146,0.0385005881723361,0.0395206392153611,0.0610570723794866,0.0494182002452442,0.0325281661383139,0.0451819773389329,0.021286399824395,0.0296011508660421,0.0263278077841273,0.0527632657877475,0.0145287575814937,0.0371356908145551,0.0350076439180312,0.049928722644339,0.0291011423923954,0.0154048472522074,0.0406986309635175,0.0380948524452136,0.0292827145432186,0.0477691608616602,0.0204532351131303,0.0499662807122027,0.0164624746515372,0.0459213414587572,0.0230090446789143,0.02260410951359,0.031704568362934,0.0260661177539624,0.0261694225543518,0.0644513127000577,0.0254181635690706,0.0347668986866761,0.0280239493707007,0.054952483820866,0.0260318308172624,0.039445854669798,0.0311300192685132,0.0173796553091691
"SPEECH_265",NA,NA,NA,NA,NA,NA,NA,NA,NA,NA,NA,NA,NA,NA,NA,NA,NA,NA,NA,NA,NA,NA,NA,NA,NA,NA,NA,NA,NA,NA,NA,NA,NA,NA,NA,NA,NA,NA,NA,NA,NA,NA,NA,NA,NA,NA,NA,NA,NA,NA,NA,NA,NA,NA,NA,NA,NA,NA,NA,NA,0.0263278077841273,0.0527632657877475,0.0145287575814937,0.0371356908145551,0.0350076439180312,0.049928722644339,0.0291011423923954,0.0154048472522074,0.0406986309635175,0.0380948524452136,0.0292827145432186,0.0477691608616602,0.0204532351131303,0.0499662807122027,0.0164624746515372,0.0459213414587572,0.0230090446789143,0.02260410951359,0.031704568362934,0.0260661177539624,0.0261694225543518,0.0644513127000577,0.0254181635690706,0.0347668986866761,0.0280239493707007,0.054952483820866,0.0260318308172624,0.039445854669798,0.0311300192685132,0.0173796553091691,0.0243424227639843,0.0309304797478948,0.01407091916548,0.0469173174915766,0.0499329465743543,0.0392372181567857,0.0585801942756691,0.0204596995601052,0.034301906307776,0.0293864337195018,0.0214095262398565,0.0524947338894414,0.0251834738415678,0.0362132378206039,0.0253341023609992,0.0584478151203413,0.0421795134410237,0.0163531022222246,0.0237972703029197,0.0245350655430207,0.0238686013875833,0.0265770393238341,0.0321138701107959,0.030182776732379,0.0500752659590594,0.0412332440540929,0.0469438390053527,0.025289083039375,0.0350878287903891,0.0145210730520119
"SPEECH_277",NA,NA,NA,NA,NA,NA,NA,NA,NA,NA,NA,NA,NA,NA,NA,NA,NA,NA,NA,NA,NA,NA,NA,NA,NA,NA,NA,NA,NA,NA,NA,NA,NA,NA,NA,NA,NA,NA,NA,NA,NA,NA,NA,NA,NA,NA,NA,NA,NA,NA,NA,NA,NA,NA,NA,NA,NA,NA,NA,NA,0.0223335711620286,0.0321335143582457,0.0192510526655275,0.027375780738377,0.0468263737601061,0.0269886196213589,0.0253767377703589,0.0160765474646342,0.0909145150937831,0.0353547153373761,0.0335194247991458,0.0458401787037006,0.0213863867956804,0.0299977591886764,0.0160185661993046,0.0295077354038753,0.0223578293596578,0.0210049029087431,0.0309789746580205,0.0244536869340422,0.038920264849587,0.0344980651377758,0.0321475396091272,0.0510679838180343,0.0320044807630838,0.0750528020577664,0.0263919504541855,0.0534639558880481,0.0219860566823265,0.0167700278174226,0.0304577388402564,0.0348544848852449,0.0193703128980906,0.0326111409410623,0.0478189968511485,0.0243063489421909,0.0261972926451166,0.0161610260557202,0.0597134278754494,0.0209797620293372,0.0209966286052991,0.0249779014180548,0.0149630980512534,0.0306834466902006,0.00914658910894493,0.0444006539702448,0.0389870195926203,0.0123100064763944,0.0374118590403174,0.0127333531784865,0.0344681535572722,0.0489632406189709,0.0570465974274044,0.0300906665017126,0.0693975918359539,0.072825031398636,0.0153230940996515,0.0628838186982051,0.0192517208580623,0.0306689969086981
"SPEECH_601",NA,NA,NA,NA,NA,NA,NA,NA,NA,NA,NA,NA,NA,NA,NA,NA,NA,NA,NA,NA,NA,NA,NA,NA,NA,NA,NA,NA,NA,NA,NA,NA,NA,NA,NA,NA,NA,NA,NA,NA,NA,NA,NA,NA,NA,NA,NA,NA,NA,NA,NA,NA,NA,NA,NA,NA,NA,NA,NA,NA,0.0223335711620286,0.0321335143582457,0.0192510526655275,0.027375780738377,0.0468263737601061,0.0269886196213589,0.0253767377703589,0.0160765474646342,0.0909145150937831,0.0353547153373761,0.0335194247991458,0.0458401787037006,0.0213863867956804,0.0299977591886764,0.0160185661993046,0.0295077354038753,0.0223578293596578,0.0210049029087431,0.0309789746580205,0.0244536869340422,0.038920264849587,0.0344980651377758,0.0321475396091272,0.0510679838180343,0.0320044807630838,0.0750528020577664,0.0263919504541855,0.0534639558880481,0.0219860566823265,0.0167700278174226,0.0304577388402564,0.0348544848852449,0.0193703128980906,0.0326111409410623,0.0478189968511485,0.0243063489421909,0.0261972926451166,0.0161610260557202,0.0597134278754494,0.0209797620293372,0.0209966286052991,0.0249779014180548,0.0149630980512534,0.0306834466902006,0.00914658910894493,0.0444006539702448,0.0389870195926203,0.0123100064763944,0.0374118590403174,0.0127333531784865,0.0344681535572722,0.0489632406189709,0.0570465974274044,0.0300906665017126,0.0693975918359539,0.072825031398636,0.0153230940996515,0.0628838186982051,0.0192517208580623,0.0306689969086981
"SPEECH_708",NA,NA,NA,NA,NA,NA,NA,NA,NA,NA,NA,NA,NA,NA,NA,NA,NA,NA,NA,NA,NA,NA,NA,NA,NA,NA,NA,NA,NA,NA,NA,NA,NA,NA,NA,NA,NA,NA,NA,NA,NA,NA,NA,NA,NA,NA,NA,NA,NA,NA,NA,NA,NA,NA,NA,NA,NA,NA,NA,NA,0.0223335711620286,0.0321335143582457,0.0192510526655275,0.027375780738377,0.0468263737601061,0.0269886196213589,0.0253767377703589,0.0160765474646342,0.0909145150937831,0.0353547153373761,0.0335194247991458,0.0458401787037006,0.0213863867956804,0.0299977591886764,0.0160185661993046,0.0295077354038753,0.0223578293596578,0.0210049029087431,0.0309789746580205,0.0244536869340422,0.038920264849587,0.0344980651377758,0.0321475396091272,0.0510679838180343,0.0320044807630838,0.0750528020577664,0.0263919504541855,0.0534639558880481,0.0219860566823265,0.0167700278174226,0.0304577388402564,0.0348544848852449,0.0193703128980906,0.0326111409410623,0.0478189968511485,0.0243063489421909,0.0261972926451166,0.0161610260557202,0.0597134278754494,0.0209797620293372,0.0209966286052991,0.0249779014180548,0.0149630980512534,0.0306834466902006,0.00914658910894493,0.0444006539702448,0.0389870195926203,0.0123100064763944,0.0374118590403174,0.0127333531784865,0.0344681535572722,0.0489632406189709,0.0570465974274044,0.0300906665017126,0.0693975918359539,0.072825031398636,0.0153230940996515,0.0628838186982051,0.0192517208580623,0.0306689969086981
"SPEECH_252",NA,NA,NA,NA,NA,NA,NA,NA,NA,NA,NA,NA,NA,NA,NA,NA,NA,NA,NA,NA,NA,NA,NA,NA,NA,NA,NA,NA,NA,NA,NA,NA,NA,NA,NA,NA,NA,NA,NA,NA,NA,NA,NA,NA,NA,NA,NA,NA,NA,NA,NA,NA,NA,NA,NA,NA,NA,NA,NA,NA,0.0247228698855656,0.055914416264085,0.0116593332644451,0.021547719031771,0.0179254781162484,0.0355984321098544,0.0427950354782207,0.019793607320486,0.0170036595242171,0.0951354138597395,0.0453359051319211,0.0502206725944025,0.015689059259314,0.0797775970630807,0.0124982509390625,0.0519207397336941,0.0266050381218886,0.0152727869546296,0.0267757238548389,0.017637683815322,0.0705617084623139,0.0118547440121033,0.0121519614799063,0.0496786664070904,0.06631631942052,0.0138202018178499,0.0210462577003524,0.0372630350956847,0.0146607361145995,0.0188169471667925,0.022257378388024,0.0402378090533824,0.0160004134621637,0.0350954047594453,0.0335915611883938,0.0415359025386901,0.028344998214703,0.0144929157423094,0.0530343492254845,0.0316318368851555,0.0258106274815563,0.0427618064069159,0.0126811205909978,0.0488313481956725,0.0208477389658616,0.0257934351055151,0.0182547933600403,0.0209430847773461,0.0164201576725918,0.0250823719748577,0.0406318931595089,0.0546245833136467,0.0405919396522759,0.0431273801939051,0.059137481754699,0.0780278341109147,0.0207983054281921,0.0406000700755115,0.0219118012494235,0.0268996570728158
"SPEECH_545",NA,NA,NA,NA,NA,NA,NA,NA,NA,NA,NA,NA,NA,NA,NA,NA,NA,NA,NA,NA,NA,NA,NA,NA,NA,NA,NA,NA,NA,NA,NA,NA,NA,NA,NA,NA,NA,NA,NA,NA,NA,NA,NA,NA,NA,NA,NA,NA,NA,NA,NA,NA,NA,NA,NA,NA,NA,NA,NA,NA,0.022257378388024,0.0402378090533824,0.0160004134621637,0.0350954047594453,0.0335915611883938,0.0415359025386901,0.028344998214703,0.0144929157423094,0.0530343492254845,0.0316318368851555,0.0258106274815563,0.0427618064069159,0.0126811205909978,0.0488313481956725,0.0208477389658616,0.0257934351055151,0.0182547933600403,0.0209430847773461,0.0164201576725918,0.0250823719748577,0.0406318931595089,0.0546245833136467,0.0405919396522759,0.0431273801939051,0.059137481754699,0.0780278341109147,0.0207983054281921,0.0406000700755115,0.0219118012494235,0.0268996570728158,0.0531597865357304,0.0578178962132021,0.0173989878926691,0.0656658103210621,0.0578310472688236,0.0217079236217221,0.0221026791758209,0.0151932173277683,0.0341804593358727,0.040342460367892,0.0145959787990359,0.104665028769451,0.0118844356277127,0.0187301904059154,0.0197684134032637,0.0200886976042987,0.0107416210184084,0.00901195746272779,0.0191733725258768,0.0245633930737368,0.029298794391911,0.0402461140932314,0.0334885603041409,0.062468055548089,0.0502549940710787,0.0281681456775182,0.0268152935001108,0.0263543239085284,0.0154960872213906,0.0487862745330109
"SPEECH_473",NA,NA,NA,NA,NA,NA,NA,NA,NA,NA,NA,NA,NA,NA,NA,NA,NA,NA,NA,NA,NA,NA,NA,NA,NA,NA,NA,NA,NA,NA,NA,NA,NA,NA,NA,NA,NA,NA,NA,NA,NA,NA,NA,NA,NA,NA,NA,NA,NA,NA,NA,NA,NA,NA,NA,NA,NA,NA,NA,NA,0.0275513409000481,0.0354240361992321,0.0142390279959764,0.027198276821192,0.0464670069915386,0.0435452945599904,0.02167622314845,0.0120450561436599,0.03131919605477,0.0692810687278691,0.0260629625519201,0.0167432835440176,0.0128877280808484,0.0407821637395537,0.013921035723699,0.0298726354846621,0.0259419131074081,0.026646138037775,0.0142297272066725,0.0190877283654726,0.116007303860077,0.0214799513568917,0.0122067121522507,0.0413314398073513,0.0542509329264134,0.0174065557662962,0.0261379724866386,0.0898646376968675,0.0519961117037215,0.0143965388587365,0.0248985961544856,0.0384106658787208,0.0150483546870734,0.0398045669449015,0.0591541666566922,0.0383714914586553,0.0178231755138343,0.0123338904414004,0.0232628787872933,0.0321983941395006,0.0391247621477481,0.0541846892959705,0.0182100197280345,0.0565203808210982,0.0164224589934968,0.0462568235711159,0.0421395534324295,0.0325849242571515,0.0271758012411657,0.0191112206367391,0.0385654836801862,0.0316304381274467,0.0286192560842535,0.0326225524340507,0.0549366811469613,0.0307621631739486,0.050279827986598,0.0223984557382976,0.0387791637438915,0.0183691630968588
"SPEECH_326",NA,NA,NA,NA,NA,NA,NA,NA,NA,NA,NA,NA,NA,NA,NA,NA,NA,NA,NA,NA,NA,NA,NA,NA,NA,NA,NA,NA,NA,NA,NA,NA,NA,NA,NA,NA,NA,NA,NA,NA,NA,NA,NA,NA,NA,NA,NA,NA,NA,NA,NA,NA,NA,NA,NA,NA,NA,NA,NA,NA,0.0324917939523493,0.0622700996251621,0.0192601039946651,0.0402271055667564,0.054217180127886,0.0231788446873674,0.0240496714058755,0.0200289522554081,0.0426447740654824,0.0448538471586274,0.0181300973992489,0.0276082496577452,0.0280441737329184,0.0377649050567944,0.0295981126865459,0.0264535551830118,0.0204860651933911,0.0200871040626209,0.0161700473960352,0.0224703427008957,0.0513115749739182,0.0282806315365162,0.0369574326425544,0.0301238982861332,0.0526020676704204,0.0546494480478042,0.0645180198938934,0.0244822163631083,0.021768708711785,0.0252709759650796,0.0365583848640767,0.047011562087388,0.0188489914737238,0.0216354654718274,0.0845877976151218,0.0249238105752072,0.0189515037124015,0.0185114764158645,0.0450161897386252,0.0227295626051439,0.0211852292953599,0.0290121800542898,0.0217684161199276,0.0239967485308156,0.0195425028468771,0.0322391422600711,0.0162395943946706,0.0190196725940509,0.0165842496893096,0.0351002179265765,0.0202539537259723,0.0616566487735502,0.0795046796655066,0.0423366535776907,0.0201213934071221,0.107138805949547,0.0306698119468922,0.0320021471126051,0.0192546273231977,0.0135985802465873
"SPEECH_609",NA,NA,NA,NA,NA,NA,NA,NA,NA,NA,NA,NA,NA,NA,NA,NA,NA,NA,NA,NA,NA,NA,NA,NA,NA,NA,NA,NA,NA,NA,NA,NA,NA,NA,NA,NA,NA,NA,NA,NA,NA,NA,NA,NA,NA,NA,NA,NA,NA,NA,NA,NA,NA,NA,NA,NA,NA,NA,NA,NA,0.0462664331220133,0.0362789827861377,0.0168597640896069,0.0432417872901089,0.0308877413180785,0.0255643460980163,0.0213474367554152,0.0222127477796153,0.0367844778413083,0.0286864419753837,0.0262756643835565,0.055198048182862,0.0162494276905259,0.0562886847869959,0.0287676728527879,0.0222032785565692,0.0174271123960542,0.0202353722618146,0.0163366913352733,0.0186359727557773,0.0304280035344258,0.0418551039242249,0.013581057148143,0.0541361083461078,0.072949693875371,0.0736527493187054,0.027870618956933,0.0230335716877825,0.0335380042230974,0.0432070047273082,0.0319666870277681,0.0312322458804305,0.0212945353462141,0.0250118417782897,0.102281452940757,0.0369488550915376,0.0249804479204291,0.0187713004639609,0.0272459138865145,0.0330033194799753,0.0202306633787774,0.0746917055529338,0.0123048192802822,0.0264539506152831,0.0129689715441473,0.0202943872211069,0.0588363640913664,0.0302630191773307,0.0706719963691531,0.0153962956702032,0.0144621654913202,0.0190664447043192,0.0660865250934295,0.0415966857938268,0.0661900103277732,0.0236526662733245,0.0119052477018177,0.02020965047342,0.0148803070842405,0.0271015243400674
"SPEECH_250",NA,NA,NA,NA,NA,NA,NA,NA,NA,NA,NA,NA,NA,NA,NA,NA,NA,NA,NA,NA,NA,NA,NA,NA,NA,NA,NA,NA,NA,NA,NA,NA,NA,NA,NA,NA,NA,NA,NA,NA,NA,NA,NA,NA,NA,NA,NA,NA,NA,NA,NA,NA,NA,NA,NA,NA,NA,NA,NA,NA,0.0312935560747584,0.035663006490378,0.0159997329313425,0.0482726297156777,0.0356438996393038,0.0273233898432074,0.0376492314531572,0.0114263508688766,0.0506998303534671,0.0249394490061424,0.0305560510485089,0.0463168737042122,0.0320220188465184,0.0435806468466423,0.0349851497058944,0.0395489441464537,0.0206079499432389,0.0124195615527578,0.0387699652941239,0.0132716141025322,0.0281114133807232,0.0251704984844796,0.0165846302278616,0.0478343127161612,0.0596836635576445,0.0578147138021427,0.0256074877193911,0.049474072461648,0.0354210523846906,0.0233083036980641,0.0251453717192833,0.0856114640057353,0.0169192226868674,0.0588950580244886,0.0352828807305855,0.0219957494088267,0.0185795274821098,0.0140991724865853,0.0230831231988796,0.0273117666745018,0.0387974118855266,0.0439572547869494,0.0124424083361346,0.0309910738195327,0.0247826580602809,0.0515013500379114,0.0137314387303827,0.0191265233290071,0.0200678366017979,0.0322887233030208,0.0619934827913979,0.0463627517295332,0.0268647818995675,0.0396662838847686,0.0561954441090678,0.027134674981164,0.033072895684368,0.0337827154150403,0.0316003525315766,0.0287166016651084
"SPEECH_590",NA,NA,NA,NA,NA,NA,NA,NA,NA,NA,NA,NA,NA,NA,NA,NA,NA,NA,NA,NA,NA,NA,NA,NA,NA,NA,NA,NA,NA,NA,NA,NA,NA,NA,NA,NA,NA,NA,NA,NA,NA,NA,NA,NA,NA,NA,NA,NA,NA,NA,NA,NA,NA,NA,NA,NA,NA,NA,NA,NA,0.0372229861703671,0.0720071469010776,0.00936822535543492,0.0378397707230472,0.0203715608268609,0.0335067559148003,0.0276648700819721,0.0139229641713133,0.0137505679469297,0.0264524628183573,0.0382492786583411,0.0231486965758178,0.0134452535024376,0.038037940181608,0.0118983484008236,0.103902171192722,0.059734827087188,0.0217243316117495,0.0630751242552389,0.0178185378641005,0.0138231882472867,0.0504576027065832,0.0228606470975643,0.0260532497710014,0.0814455878397587,0.0196793004597561,0.0133910458405997,0.0410622915881062,0.0292128143982346,0.0188724518109214,0.0268921788646649,0.0438500429868366,0.0158387597740492,0.045418210320648,0.0348143525158104,0.0241875104289707,0.0341803310245953,0.0215412707167193,0.0314262720478982,0.0419456684044695,0.032178370072319,0.0190449909382228,0.0243526767245801,0.0375012821973108,0.0276515278384556,0.0494966471220757,0.0328954724791241,0.0180367329208145,0.0171805783325136,0.0198889586436269,0.0658949835613927,0.0334653200735397,0.0394912972328006,0.0438522478822726,0.0612515595352811,0.0454333791274471,0.017382848120848,0.0450496650278912,0.0234541618311336,0.0264027032536883
"SPEECH_589",NA,NA,NA,NA,NA,NA,NA,NA,NA,NA,NA,NA,NA,NA,NA,NA,NA,NA,NA,NA,NA,NA,NA,NA,NA,NA,NA,NA,NA,NA,NA,NA,NA,NA,NA,NA,NA,NA,NA,NA,NA,NA,NA,NA,NA,NA,NA,NA,NA,NA,NA,NA,NA,NA,NA,NA,NA,NA,NA,NA,0.0356734875697403,0.0393407284333865,0.0110668079533557,0.0245852916773858,0.0275139555439318,0.0215051233920984,0.0487618434561394,0.0130458691241258,0.0191750691365187,0.019380531167073,0.030654195024368,0.0314899043297342,0.0139309029109727,0.0305568760464675,0.0290215221319572,0.0980346373212394,0.114681471615349,0.0157536760852248,0.0492505774100131,0.0126466280838654,0.0261971443950517,0.0587621381063564,0.0192645286969781,0.0345612914267616,0.0197310503032714,0.0473495185817488,0.0319382347292821,0.0367991882602874,0.0271063287996491,0.0122214782876665,0.0290860629127696,0.0360010685870397,0.0134625894424337,0.0313452529374929,0.0549702056503277,0.0263938816810401,0.0494623110304361,0.0228860279215192,0.0429141326522739,0.0500864760829015,0.0195313530346421,0.0486073707245657,0.0350844845824652,0.0297845661094171,0.0211892369441796,0.0316224207060059,0.0347276083690425,0.0189995413172253,0.048680435470381,0.0268454474473049,0.0327168927093404,0.036691441864192,0.0397429455376736,0.029218407680136,0.0250955920329255,0.0456538116143228,0.0310723165345259,0.0469788234946402,0.0232446797405879,0.0179046151881922
"SPEECH_269",NA,NA,NA,NA,NA,NA,NA,NA,NA,NA,NA,NA,NA,NA,NA,NA,NA,NA,NA,NA,NA,NA,NA,NA,NA,NA,NA,NA,NA,NA,NA,NA,NA,NA,NA,NA,NA,NA,NA,NA,NA,NA,NA,NA,NA,NA,NA,NA,NA,NA,NA,NA,NA,NA,NA,NA,NA,NA,NA,NA,0.0355003072636287,0.0738384055437963,0.0132759893864882,0.0380242814851213,0.0166336122641346,0.0347631034948239,0.0277663874209752,0.0183066345673222,0.0193047669141909,0.0234643924386647,0.0185553373812895,0.0521843535125265,0.0127072683533644,0.0764644160844069,0.00911639825531851,0.0455604670844562,0.0364736599897906,0.0166965961662519,0.0156154306662931,0.00993035798483186,0.0270367713149814,0.0470947939788218,0.0352583136043699,0.117871279290767,0.0570836593813257,0.0351212475615542,0.0285874832765328,0.0295557905599415,0.0103157315441287,0.0178927632299014,0.0396067337314756,0.0658548255527915,0.0153460421588553,0.0386383272462318,0.0441948440177488,0.0379149354228512,0.0258611845292435,0.0187463079846862,0.0195147429964057,0.0287961326543553,0.0256931890173974,0.0328739577339961,0.0135677566933975,0.0344536757504395,0.0189771797824997,0.0483466715590176,0.0472703357218974,0.0160925509920155,0.0194522252269361,0.0180887199387637,0.0250810511212881,0.0314596120184526,0.0242446175498575,0.107240740848489,0.0697948059450009,0.0356987105349707,0.0345071592183325,0.0211589788949463,0.0211344709787799,0.0203895141788767
"SPEECH_268",NA,NA,NA,NA,NA,NA,NA,NA,NA,NA,NA,NA,NA,NA,NA,NA,NA,NA,NA,NA,NA,NA,NA,NA,NA,NA,NA,NA,NA,NA,NA,NA,NA,NA,NA,NA,NA,NA,NA,NA,NA,NA,NA,NA,NA,NA,NA,NA,NA,NA,NA,NA,NA,NA,NA,NA,NA,NA,NA,NA,0.0424975290670156,0.0309084863564731,0.0160249955321396,0.042359635507511,0.023764256408624,0.0514536156602444,0.0406617176330154,0.0185961587472152,0.0329356314427148,0.0328498372386921,0.0346544813228914,0.0567021091069424,0.0139749537671565,0.0486147193721905,0.0163199866329547,0.0209444657513527,0.051009584383495,0.0134849897049705,0.0227218091836494,0.0130747902247073,0.020342612280318,0.0540670164144703,0.0374662091067573,0.0565238207284744,0.0384701088439683,0.05689749647464,0.0192287440534861,0.0497568698033215,0.024014765069196,0.0196786041814122,0.0210928934077217,0.0522409848333278,0.0152105381802878,0.0566976974726945,0.0700729029568747,0.0283674945017065,0.0184868685768241,0.0113880019341172,0.0760420675690938,0.0138007319352392,0.023007074108902,0.02263276255595,0.0168280684699277,0.0276774211573388,0.0162510271514515,0.0611817111319038,0.0246637060756241,0.0164248173252319,0.015270110811919,0.0193720739365072,0.0241882391003898,0.0340297030701687,0.0647117795468661,0.0924476936202185,0.0731536372592822,0.0233075427500799,0.0219097313408713,0.0279357096818862,0.0134269268785888,0.0181800826590054
"SPEECH_249",NA,NA,NA,NA,NA,NA,NA,NA,NA,NA,NA,NA,NA,NA,NA,NA,NA,NA,NA,NA,NA,NA,NA,NA,NA,NA,NA,NA,NA,NA,NA,NA,NA,NA,NA,NA,NA,NA,NA,NA,NA,NA,NA,NA,NA,NA,NA,NA,NA,NA,NA,NA,NA,NA,NA,NA,NA,NA,NA,NA,0.0217498886428908,0.0527407560219588,0.0170656014755642,0.0169320138491388,0.0446280886150964,0.0258586128032372,0.0541209512340351,0.0264159619706459,0.0210231286729571,0.0233054894335404,0.0558396899166812,0.0264458119553965,0.0326537142345292,0.0329781470009711,0.0264010048026243,0.0485407000703827,0.0642214527917293,0.0270142083919123,0.0320093019383788,0.0172918195280934,0.0290095280546826,0.0269311754970235,0.0105595423461615,0.0208120393940392,0.0253202290875403,0.0734561043610476,0.0303062606051843,0.0336096810358566,0.0346386316823814,0.0481204645863194,0.0318670778978076,0.0313108963370321,0.0117741506280817,0.102535100305911,0.0256606318045863,0.045018639374434,0.0208165981986876,0.0128901253182091,0.135635241327313,0.0262745984625852,0.0141722321628539,0.0180284672576573,0.0191954639802853,0.079273447177336,0.0131203455622426,0.0156782562592394,0.0122761586602102,0.0133921333503376,0.0125032274080973,0.0296960651109225,0.0197647115980763,0.029564737435744,0.012618337530114,0.0417952799145075,0.0534408172947484,0.0235089880670094,0.0277264490303237,0.0834487425024296,0.0203786782560752,0.0166344017871422
"SPEECH_469",NA,NA,NA,NA,NA,NA,NA,NA,NA,NA,NA,NA,NA,NA,NA,NA,NA,NA,NA,NA,NA,NA,NA,NA,NA,NA,NA,NA,NA,NA,NA,NA,NA,NA,NA,NA,NA,NA,NA,NA,NA,NA,NA,NA,NA,NA,NA,NA,NA,NA,NA,NA,NA,NA,NA,NA,NA,NA,NA,NA,0.0216026012321597,0.0846237385172772,0.00975841630593179,0.0533877772836736,0.0257878434225256,0.0167416435724348,0.0110563695230274,0.0131835430356208,0.00947808893093707,0.0118799792473077,0.0558552919191479,0.0102327597987472,0.0197508511887457,0.014140126567026,0.00817610445177886,0.15937453063701,0.0569034552629494,0.00852221206493395,0.028599169637304,0.0094107293836218,0.0265426802686864,0.0695685892301998,0.022019933676342,0.0524634866007685,0.0345721269204291,0.0161223984646573,0.0111237290703427,0.0675665357309563,0.0632421785344905,0.00831310952096642,0.0302528512566142,0.0488840379506861,0.00869259074896392,0.0398138173514252,0.0297812295765366,0.0131977862258471,0.0278672570660977,0.0127267001633309,0.0314338543155001,0.0889672267681484,0.0123466308301694,0.0242899654830158,0.016759150052888,0.0170336208790407,0.0203871205602601,0.0345355396029247,0.0224592974044467,0.0121512739355776,0.0197676387950729,0.0175672369592029,0.031541910257789,0.0549649651057217,0.0300239358691736,0.0857171435508367,0.0351977903850691,0.0854406233448923,0.0499368907365483,0.0653752889685008,0.0201047258228402,0.0127819000328793
"SPEECH_695",NA,NA,NA,NA,NA,NA,NA,NA,NA,NA,NA,NA,NA,NA,NA,NA,NA,NA,NA,NA,NA,NA,NA,NA,NA,NA,NA,NA,NA,NA,NA,NA,NA,NA,NA,NA,NA,NA,NA,NA,NA,NA,NA,NA,NA,NA,NA,NA,NA,NA,NA,NA,NA,NA,NA,NA,NA,NA,NA,NA,0.0178905151679903,0.0705441856966559,0.0138106254489952,0.0325920857769788,0.063262883173717,0.0140116002900347,0.0305718391252369,0.0173296784148895,0.012366233073446,0.0425487748862356,0.00695864528965752,0.0095792935645148,0.0167762944024185,0.0184786470351909,0.0124903237121607,0.0545202276490292,0.00799598968799777,0.0112941768618048,0.0117433329802736,0.0630816715717066,0.0649452398651931,0.0105050137408939,0.0161607224718943,0.122987281044613,0.0232013113447106,0.0934454171514134,0.0826229706173685,0.0198609839057617,0.0233404116714239,0.0150836243777938,0.0323308473843493,0.0641320795503675,0.0155101599654129,0.0182906398616515,0.00912235192390834,0.0573308473843493,0.00898454388240381,0.0339845438824038,0.0110678772157371,0.0353869433635971,0.0160694984868137,0.0110678772157371,0.0113434932987462,0.0398292261132728,0.00606625594466061,0.0499621703415478,0.0130134025075659,0.00814958927799395,0.0200983571119758,0.00606625594466061,0.0177394076956334,0.0159316904453091,0.0470519887591872,0.19489569822741,0.0519158019887592,0.00509349329874622,0.157193039342845,0.0231544530912235,0.0120406398616515,0.00717682663207955
"SPEECH_240",NA,NA,NA,NA,NA,NA,NA,NA,NA,NA,NA,NA,NA,NA,NA,NA,NA,NA,NA,NA,NA,NA,NA,NA,NA,NA,NA,NA,NA,NA,NA,NA,NA,NA,NA,NA,NA,NA,NA,NA,NA,NA,NA,NA,NA,NA,NA,NA,NA,NA,NA,NA,NA,NA,NA,NA,NA,NA,NA,NA,0.0209207693325781,0.0511099688326695,0.021713745604376,0.0395820981116224,0.040060035688125,0.0426540565608719,0.0166459079897576,0.0290097900203776,0.0200848093103306,0.0178942692465776,0.0363343309381312,0.0202638878121018,0.0218753613091125,0.0283733889855913,0.0299863989365813,0.0410132086506627,0.0307953218761768,0.0361950172944073,0.0188908169336971,0.0446905614867873,0.0441130083193756,0.0260965887967532,0.00921797834324557,0.0345522091389178,0.030815878541395,0.0686175562202872,0.0817736458790122,0.044972015140074,0.0228348319145085,0.0289125427858954,0.0419826602242778,0.0266394439757455,0.0111729091627458,0.0173210598697505,0.0975551173219407,0.0367006677974062,0.0530922347450845,0.0162435096883056,0.0374800327751189,0.017437859855854,0.0446064111178257,0.0191717230919099,0.0359940019998547,0.0239749694803496,0.0185451804522725,0.0357097213740873,0.0479737693695067,0.00914046434627113,0.0278037083035711,0.0266245540477828,0.0367865812495949,0.0169832496170407,0.014676211973744,0.0291243555186428,0.0876669277633901,0.0658863137808985,0.0336547024469214,0.0189594395378902,0.0237348271256794,0.0273573919865371
"SPEECH_594",NA,NA,NA,NA,NA,NA,NA,NA,NA,NA,NA,NA,NA,NA,NA,NA,NA,NA,NA,NA,NA,NA,NA,NA,NA,NA,NA,NA,NA,NA,NA,NA,NA,NA,NA,NA,NA,NA,NA,NA,NA,NA,NA,NA,NA,NA,NA,NA,NA,NA,NA,NA,NA,NA,NA,NA,NA,NA,NA,NA,0.0209207693325781,0.0511099688326695,0.021713745604376,0.0395820981116224,0.040060035688125,0.0426540565608719,0.0166459079897576,0.0290097900203776,0.0200848093103306,0.0178942692465776,0.0363343309381312,0.0202638878121018,0.0218753613091125,0.0283733889855913,0.0299863989365813,0.0410132086506627,0.0307953218761768,0.0361950172944073,0.0188908169336971,0.0446905614867873,0.0441130083193756,0.0260965887967532,0.00921797834324557,0.0345522091389178,0.030815878541395,0.0686175562202872,0.0817736458790122,0.044972015140074,0.0228348319145085,0.0289125427858954,0.0419826602242778,0.0266394439757455,0.0111729091627458,0.0173210598697505,0.0975551173219407,0.0367006677974062,0.0530922347450845,0.0162435096883056,0.0374800327751189,0.017437859855854,0.0446064111178257,0.0191717230919099,0.0359940019998547,0.0239749694803496,0.0185451804522725,0.0357097213740873,0.0479737693695067,0.00914046434627113,0.0278037083035711,0.0266245540477828,0.0367865812495949,0.0169832496170407,0.014676211973744,0.0291243555186428,0.0876669277633901,0.0658863137808985,0.0336547024469214,0.0189594395378902,0.0237348271256794,0.0273573919865371
"SPEECH_697",NA,NA,NA,NA,NA,NA,NA,NA,NA,NA,NA,NA,NA,NA,NA,NA,NA,NA,NA,NA,NA,NA,NA,NA,NA,NA,NA,NA,NA,NA,NA,NA,NA,NA,NA,NA,NA,NA,NA,NA,NA,NA,NA,NA,NA,NA,NA,NA,NA,NA,NA,NA,NA,NA,NA,NA,NA,NA,NA,NA,0.062332660384281,0.0630780707561847,0.0102434720983236,0.0425729778898745,0.022991413751236,0.0325667140776472,0.0197155406181648,0.0190581900576897,0.0238166018989334,0.0200851590743454,0.0541128782669273,0.0140991124916992,0.0162023149129972,0.0222372532117628,0.0130990131220607,0.110569896640782,0.0671384197345264,0.00843252232429721,0.0409229446528606,0.0127610047825013,0.0277447630234542,0.0867400131318701,0.0227114904257719,0.0352235742746859,0.0351785782044741,0.0275302682214727,0.0232087756517158,0.0411308775489629,0.0138720728613745,0.0106234259091228,0.0387211269140088,0.0295874432879236,0.0185967773018549,0.0503026314126962,0.0672116695496573,0.0442338845870645,0.0178455264046172,0.0171363775654136,0.0416740261414806,0.0235209295471656,0.019322168001831,0.0181640855374033,0.0316524542007193,0.04916543586108,0.0171999820595055,0.0220829296100936,0.0234427603327041,0.0259318205760049,0.0196609184583621,0.0279953612149319,0.0158058543257066,0.0368765425284368,0.0705402967464903,0.0412106279812959,0.073716728798757,0.0261127023775162,0.0193126042273428,0.0579840245907171,0.031858243241331,0.0231340666178883
"SPEECH_245",NA,NA,NA,NA,NA,NA,NA,NA,NA,NA,NA,NA,NA,NA,NA,NA,NA,NA,NA,NA,NA,NA,NA,NA,NA,NA,NA,NA,NA,NA,NA,NA,NA,NA,NA,NA,NA,NA,NA,NA,NA,NA,NA,NA,NA,NA,NA,NA,NA,NA,NA,NA,NA,NA,NA,NA,NA,NA,NA,NA,0.0387211269140088,0.0295874432879236,0.0185967773018549,0.0503026314126962,0.0672116695496573,0.0442338845870645,0.0178455264046172,0.0171363775654136,0.0416740261414806,0.0235209295471656,0.019322168001831,0.0181640855374033,0.0316524542007193,0.04916543586108,0.0171999820595055,0.0220829296100936,0.0234427603327041,0.0259318205760049,0.0196609184583621,0.0279953612149319,0.0158058543257066,0.0368765425284368,0.0705402967464903,0.0412106279812959,0.073716728798757,0.0261127023775162,0.0193126042273428,0.0579840245907171,0.031858243241331,0.0231340666178883,0.0301546208311674,0.0188278948578883,0.011283239611473,0.032121358837818,0.0472793563325322,0.0443401986900728,0.0444831994174142,0.0168115371141857,0.0182997075119827,0.0401567115715245,0.0408274332859026,0.0210829052385688,0.0193785432839394,0.0416911158404693,0.0167794453599343,0.0290154292275004,0.0239318429525617,0.0136089801581997,0.0238617865398925,0.0178875527715947,0.0471754570512802,0.0371787436361671,0.0452164866765236,0.0569836368034411,0.0403576930611743,0.0673236177723967,0.0617910836645423,0.0279553190061514,0.0264388707437614,0.0377562321499397
"SPEECH_343",NA,NA,NA,NA,NA,NA,NA,NA,NA,NA,NA,NA,NA,NA,NA,NA,NA,NA,NA,NA,NA,NA,NA,NA,NA,NA,NA,NA,NA,NA,NA,NA,NA,NA,NA,NA,NA,NA,NA,NA,NA,NA,NA,NA,NA,NA,NA,NA,NA,NA,NA,NA,NA,NA,NA,NA,NA,NA,NA,NA,0.0395543322140672,0.047068330049059,0.015833505725483,0.0291984229965179,0.0323443765879832,0.0448622743960875,0.0557577616128591,0.0168717572621511,0.013375406130925,0.0319081019782086,0.0592169560426316,0.0350234471128507,0.0154658342559673,0.0277986574689869,0.0133537109048884,0.0757893001046751,0.106980424697301,0.0155348277223249,0.0541142616601943,0.0169997651303821,0.0143425059881443,0.0219160663554874,0.0137700225007561,0.0242824707562365,0.0391517413561685,0.0263659633377287,0.0212845547458519,0.0250499543361259,0.0445476737019306,0.022237592868026,0.0406818472780485,0.0290281502502934,0.0140740594345983,0.0151616558554272,0.0318300795195552,0.0508576432269121,0.0262704387624651,0.0163820935685792,0.0281514495932677,0.0314628701912117,0.0348578542212595,0.0766638619815381,0.0205316862924698,0.0335727641069778,0.0182856623680177,0.0570022632291987,0.0239423614201706,0.0151565325640252,0.0166828993765129,0.0188957057735475,0.019857181269242,0.0419268418325335,0.025525111791033,0.0562491021028128,0.0744728969260721,0.0881962110228993,0.0225312611117682,0.0294605698028264,0.0249401419624178,0.0173488031643185
"SPEECH_421",NA,NA,NA,NA,NA,NA,NA,NA,NA,NA,NA,NA,NA,NA,NA,NA,NA,NA,NA,NA,NA,NA,NA,NA,NA,NA,NA,NA,NA,NA,NA,NA,NA,NA,NA,NA,NA,NA,NA,NA,NA,NA,NA,NA,NA,NA,NA,NA,NA,NA,NA,NA,NA,NA,NA,NA,NA,NA,NA,NA,0.0395543322140672,0.047068330049059,0.015833505725483,0.0291984229965179,0.0323443765879832,0.0448622743960875,0.0557577616128591,0.0168717572621511,0.013375406130925,0.0319081019782086,0.0592169560426316,0.0350234471128507,0.0154658342559673,0.0277986574689869,0.0133537109048884,0.0757893001046751,0.106980424697301,0.0155348277223249,0.0541142616601943,0.0169997651303821,0.0143425059881443,0.0219160663554874,0.0137700225007561,0.0242824707562365,0.0391517413561685,0.0263659633377287,0.0212845547458519,0.0250499543361259,0.0445476737019306,0.022237592868026,0.0406818472780485,0.0290281502502934,0.0140740594345983,0.0151616558554272,0.0318300795195552,0.0508576432269121,0.0262704387624651,0.0163820935685792,0.0281514495932677,0.0314628701912117,0.0348578542212595,0.0766638619815381,0.0205316862924698,0.0335727641069778,0.0182856623680177,0.0570022632291987,0.0239423614201706,0.0151565325640252,0.0166828993765129,0.0188957057735475,0.019857181269242,0.0419268418325335,0.025525111791033,0.0562491021028128,0.0744728969260721,0.0881962110228993,0.0225312611117682,0.0294605698028264,0.0249401419624178,0.0173488031643185
"SPEECH_383",NA,NA,NA,NA,NA,NA,NA,NA,NA,NA,NA,NA,NA,NA,NA,NA,NA,NA,NA,NA,NA,NA,NA,NA,NA,NA,NA,NA,NA,NA,NA,NA,NA,NA,NA,NA,NA,NA,NA,NA,NA,NA,NA,NA,NA,NA,NA,NA,NA,NA,NA,NA,NA,NA,NA,NA,NA,NA,NA,NA,0.0152326839582805,0.113609329005168,0.0117752781693751,0.0188097674438182,0.0147442771925615,0.0554260127638171,0.0164054464645153,0.0196949201487258,0.0155405876695406,0.0108795839056968,0.0135918085962597,0.0310825094757527,0.0117878491191391,0.0725126957197288,0.0126961143325814,0.039142912269277,0.027037313134429,0.0159730170670279,0.0140802153619787,0.0206822752389345,0.0216542407807774,0.0396431007771515,0.0262969800256816,0.0449612326190178,0.188782142922642,0.0317137064466386,0.0373389527921564,0.0295284469506672,0.0156399714562399,0.0137366281924199,0.0226898717520238,0.0220204848887179,0.0105715217186616,0.0490848339758313,0.0825543312038661,0.0353801534529808,0.0248927654713175,0.0171831575930243,0.0321424824752531,0.053263166275968,0.0168123499689912,0.0175152308851326,0.0286852802069621,0.0471290081454108,0.030743933387889,0.0256416364339145,0.0236275907514686,0.0162609515810259,0.0133936987016656,0.0202944861818498,0.0327318453670398,0.0397387364637319,0.0345136965724423,0.0385270247507486,0.0411280628450707,0.0342676759621052,0.0601975347347803,0.0788041225519311,0.0204696192007032,0.0297347464994924
"SPEECH_553",NA,NA,NA,NA,NA,NA,NA,NA,NA,NA,NA,NA,NA,NA,NA,NA,NA,NA,NA,NA,NA,NA,NA,NA,NA,NA,NA,NA,NA,NA,NA,NA,NA,NA,NA,NA,NA,NA,NA,NA,NA,NA,NA,NA,NA,NA,NA,NA,NA,NA,NA,NA,NA,NA,NA,NA,NA,NA,NA,NA,0.0406818472780485,0.0290281502502934,0.0140740594345983,0.0151616558554272,0.0318300795195552,0.0508576432269121,0.0262704387624651,0.0163820935685792,0.0281514495932677,0.0314628701912117,0.0348578542212595,0.0766638619815381,0.0205316862924698,0.0335727641069778,0.0182856623680177,0.0570022632291987,0.0239423614201706,0.0151565325640252,0.0166828993765129,0.0188957057735475,0.019857181269242,0.0419268418325335,0.025525111791033,0.0562491021028128,0.0744728969260721,0.0881962110228993,0.0225312611117682,0.0294605698028264,0.0249401419624178,0.0173488031643185,0.0433451933239729,0.0518616210610955,0.0142888591015164,0.0133444242183639,0.0378981359449436,0.0399173826045006,0.0165712472132606,0.015467591542367,0.0445409235872552,0.0745623182853404,0.017715806042995,0.0337268804268718,0.0198174536765792,0.0128909405015391,0.022513632602709,0.038027213660304,0.0195382960315375,0.0154702577946507,0.0147533449587335,0.0212728936941762,0.0274092134539671,0.0233122361695607,0.052699032744078,0.0632118960727545,0.0318935976973716,0.0824531556739624,0.047237563230673,0.0598094862268562,0.0285918015800511,0.0158576008780132
"SPEECH_592",NA,NA,NA,NA,NA,NA,NA,NA,NA,NA,NA,NA,NA,NA,NA,NA,NA,NA,NA,NA,NA,NA,NA,NA,NA,NA,NA,NA,NA,NA,NA,NA,NA,NA,NA,NA,NA,NA,NA,NA,NA,NA,NA,NA,NA,NA,NA,NA,NA,NA,NA,NA,NA,NA,NA,NA,NA,NA,NA,NA,0.0433451933239729,0.0518616210610955,0.0142888591015164,0.0133444242183639,0.0378981359449436,0.0399173826045006,0.0165712472132606,0.015467591542367,0.0445409235872552,0.0745623182853404,0.017715806042995,0.0337268804268718,0.0198174536765792,0.0128909405015391,0.022513632602709,0.038027213660304,0.0195382960315375,0.0154702577946507,0.0147533449587335,0.0212728936941762,0.0274092134539671,0.0233122361695607,0.052699032744078,0.0632118960727545,0.0318935976973716,0.0824531556739624,0.047237563230673,0.0598094862268562,0.0285918015800511,0.0158576008780132,0.0249279705314388,0.0592553062250106,0.0221777404275064,0.0288726598833896,0.0429577354056836,0.0391790561304552,0.0219082652251487,0.0189301312562279,0.0388644451669416,0.0286336272134521,0.0272120345937582,0.0342013776948375,0.0202757973543879,0.0293317101133281,0.06379810306673,0.0359161460574349,0.0297834305022435,0.0165882426749935,0.0246374378266096,0.0168718837089425,0.0351045691704503,0.0263241296491071,0.0424420928946304,0.0378005851111577,0.062087002993084,0.0473763205875769,0.0257802038366813,0.0382370653325852,0.0396845054132796,0.0208404239529272
"SPEECH_260",NA,NA,NA,NA,NA,NA,NA,NA,NA,NA,NA,NA,NA,NA,NA,NA,NA,NA,NA,NA,NA,NA,NA,NA,NA,NA,NA,NA,NA,NA,NA,NA,NA,NA,NA,NA,NA,NA,NA,NA,NA,NA,NA,NA,NA,NA,NA,NA,NA,NA,NA,NA,NA,NA,NA,NA,NA,NA,NA,NA,0.0442614422216496,0.0493137617550801,0.0104037482360649,0.0458206694194427,0.0144684568258631,0.0356487268971689,0.0250260169182201,0.0127715977604804,0.0142734324729073,0.0135333029753106,0.0700527427065947,0.0336901354082379,0.0116743551759147,0.0381829547687409,0.016645844711323,0.0629295695348636,0.0463341834909103,0.0214686829035235,0.0232447876124426,0.0157043117414881,0.0283494304349006,0.0235868867202931,0.0372808279824443,0.0298109244549113,0.120510420156725,0.0342541556795303,0.023940098806707,0.0416428280453732,0.024569438381647,0.0306062658012416,0.0224994127858232,0.035896431607247,0.0198745642620914,0.0278875861156797,0.0783437984248153,0.0368115910394743,0.0476961422352799,0.0155059518377865,0.0278863540563077,0.0216048898310386,0.0368680275143307,0.0448602130051226,0.0265670873531527,0.0317250038561015,0.0234307457675577,0.0333437177789094,0.0242077209963727,0.0203797047903372,0.0264350503697688,0.0148851905693835,0.0170783349935122,0.0381150685664993,0.0294661219093911,0.0478627440364619,0.0669931755806202,0.0777035983274341,0.0336760830616432,0.027719211944186,0.0234415277689695,0.021234949614702
"SPEECH_464",NA,NA,NA,NA,NA,NA,NA,NA,NA,NA,NA,NA,NA,NA,NA,NA,NA,NA,NA,NA,NA,NA,NA,NA,NA,NA,NA,NA,NA,NA,NA,NA,NA,NA,NA,NA,NA,NA,NA,NA,NA,NA,NA,NA,NA,NA,NA,NA,NA,NA,NA,NA,NA,NA,NA,NA,NA,NA,NA,NA,0.0442614422216496,0.0493137617550801,0.0104037482360649,0.0458206694194427,0.0144684568258631,0.0356487268971689,0.0250260169182201,0.0127715977604804,0.0142734324729073,0.0135333029753106,0.0700527427065947,0.0336901354082379,0.0116743551759147,0.0381829547687409,0.016645844711323,0.0629295695348636,0.0463341834909103,0.0214686829035235,0.0232447876124426,0.0157043117414881,0.0283494304349006,0.0235868867202931,0.0372808279824443,0.0298109244549113,0.120510420156725,0.0342541556795303,0.023940098806707,0.0416428280453732,0.024569438381647,0.0306062658012416,0.0224994127858232,0.035896431607247,0.0198745642620914,0.0278875861156797,0.0783437984248153,0.0368115910394743,0.0476961422352799,0.0155059518377865,0.0278863540563077,0.0216048898310386,0.0368680275143307,0.0448602130051226,0.0265670873531527,0.0317250038561015,0.0234307457675577,0.0333437177789094,0.0242077209963727,0.0203797047903372,0.0264350503697688,0.0148851905693835,0.0170783349935122,0.0381150685664993,0.0294661219093911,0.0478627440364619,0.0669931755806202,0.0777035983274341,0.0336760830616432,0.027719211944186,0.0234415277689695,0.021234949614702
"SPEECH_403",NA,NA,NA,NA,NA,NA,NA,NA,NA,NA,NA,NA,NA,NA,NA,NA,NA,NA,NA,NA,NA,NA,NA,NA,NA,NA,NA,NA,NA,NA,NA,NA,NA,NA,NA,NA,NA,NA,NA,NA,NA,NA,NA,NA,NA,NA,NA,NA,NA,NA,NA,NA,NA,NA,NA,NA,NA,NA,NA,NA,0.0570354107617048,0.0291122774443093,0.0178027518970935,0.0269845228571982,0.0319155707944803,0.0465154931706111,0.0195708573295835,0.0340305805412535,0.0243514756061793,0.0522589601198382,0.025662629611087,0.0963517927189042,0.0189847761968926,0.0406154397105424,0.0264366844949176,0.0224333320257918,0.0238238327602913,0.037472434268876,0.0233411223110894,0.0321555589165545,0.0269390160450651,0.0295015482386109,0.0182964996093031,0.0335661733590342,0.0469054747407111,0.0173416968550749,0.0335073977909701,0.0228440166601807,0.0404237560196517,0.0438189171441998,0.0228520949945057,0.0451310477397498,0.0150638715944345,0.0686134360369792,0.0260870219758868,0.0197645381688221,0.0180331543235055,0.017414985633245,0.0620878575204979,0.0742894886596609,0.0183455324524509,0.0375608525677918,0.0125435106071974,0.0364809366815746,0.0258268934301567,0.0476761783565354,0.0322478951843412,0.018129614651315,0.0236539009694673,0.0330444487471276,0.0438182188757919,0.03470638938599,0.0234576244806241,0.0256895800599137,0.0375448263472427,0.0488367893854203,0.027642769102018,0.0527696792402424,0.0294783991979328,0.0212084636295787
"SPEECH_552",NA,NA,NA,NA,NA,NA,NA,NA,NA,NA,NA,NA,NA,NA,NA,NA,NA,NA,NA,NA,NA,NA,NA,NA,NA,NA,NA,NA,NA,NA,NA,NA,NA,NA,NA,NA,NA,NA,NA,NA,NA,NA,NA,NA,NA,NA,NA,NA,NA,NA,NA,NA,NA,NA,NA,NA,NA,NA,NA,NA,0.0161824678772955,0.0404149634385976,0.00995071473423485,0.0331380478492138,0.0165799721408787,0.0537310034762959,0.0218772228814168,0.0158339466516277,0.0537371940846102,0.0637223018130588,0.0196358094594774,0.0150281712709848,0.0156178506280314,0.0436362817120273,0.0190115115164563,0.0251746284896017,0.0669322316811896,0.0140111375020654,0.0122948760144733,0.0141482252972999,0.0161549109606873,0.0194671964437579,0.00862064552572665,0.0314126683177494,0.0640046135221966,0.0913925188304005,0.017830748883645,0.0998167972215389,0.0587747267612704,0.0218666150141904,0.0217508168080197,0.0329523477714509,0.0157621224421522,0.0517325907671845,0.0998089729361821,0.0314457691897607,0.0254958143884137,0.0188260908641797,0.0364460080916748,0.0419829603979686,0.0142730953401462,0.0623593839400683,0.0129151622571598,0.0498678506341841,0.0110784624424478,0.0293425039016928,0.0128029873896821,0.014631085148385,0.0367277073099673,0.0326709112097653,0.0267784996846263,0.0296899055055809,0.0436857651398638,0.0560853151799336,0.0192870566900108,0.0615031568270233,0.026369306926136,0.0352755635881015,0.0289230361839308,0.0195297510443076
"SPEECH_702",NA,NA,NA,NA,NA,NA,NA,NA,NA,NA,NA,NA,NA,NA,NA,NA,NA,NA,NA,NA,NA,NA,NA,NA,NA,NA,NA,NA,NA,NA,NA,NA,NA,NA,NA,NA,NA,NA,NA,NA,NA,NA,NA,NA,NA,NA,NA,NA,NA,NA,NA,NA,NA,NA,NA,NA,NA,NA,NA,NA,0.0258222328457831,0.0125602393151431,0.0120955152054574,0.0883948285282773,0.0528495192028961,0.0587982598736768,0.0178041083382969,0.0108122829740918,0.020063453104266,0.0189880118945016,0.0279710261809238,0.0143081956561944,0.0131744787086673,0.0172891976199337,0.0376560456968586,0.0726004274687714,0.0605496899248156,0.0166166824886469,0.0269959581885144,0.0119414330859793,0.0249464935285348,0.0444527360041872,0.0205246549205063,0.0302405491603662,0.0748050673737812,0.0293728989722029,0.00854941591467726,0.0968924221945621,0.0345549699641487,0.0183692056653377,0.0425099027868606,0.0274304422511222,0.0118047047996605,0.019387898939182,0.0586059331527242,0.0338861629133449,0.0191838198923242,0.0142954562700812,0.0920576637012614,0.0205524058243605,0.0115001261397566,0.0294669086277205,0.0245593370457874,0.0203840238760587,0.0204202008684706,0.0376496531093967,0.0175453588894278,0.0151350009777898,0.0244893553814797,0.0255949260038985,0.0189975304668274,0.0246031693225185,0.047536359739686,0.0699340473352012,0.0361936409228542,0.0723122634694349,0.0178310535077712,0.0368936141144051,0.0881760694872328,0.0210629701833605
"SPEECH_272",NA,NA,NA,NA,NA,NA,NA,NA,NA,NA,NA,NA,NA,NA,NA,NA,NA,NA,NA,NA,NA,NA,NA,NA,NA,NA,NA,NA,NA,NA,NA,NA,NA,NA,NA,NA,NA,NA,NA,NA,NA,NA,NA,NA,NA,NA,NA,NA,NA,NA,NA,NA,NA,NA,NA,NA,NA,NA,NA,NA,0.0140231729759547,0.0188540908503508,0.0124128670178226,0.0830236501110741,0.029283474351263,0.0236850087247469,0.0256061845589662,0.0143867904503716,0.0280367858675479,0.223157773414903,0.0192177083247677,0.0149868695918252,0.0228019377154487,0.0182074815080893,0.0133765636336931,0.0211916317573167,0.0304774152366485,0.025295314682879,0.0146635649206944,0.0179710198410526,0.0120895623466918,0.0108025610596906,0.0146635649206944,0.0341143922256592,0.042766001157773,0.0263861671061297,0.0108025610596906,0.0962697152505474,0.0690333023198848,0.0124128670178226,0.0229831376876392,0.027467730133818,0.0190329075700774,0.0349556208189629,0.0600098373590351,0.0326243668590749,0.0191602621440378,0.0151210778485022,0.0673536789140221,0.0306645077621921,0.0500954496191328,0.0126241343707519,0.0161720252885161,0.0305787765316372,0.0360397896521101,0.0500649986249632,0.0239576650569388,0.0244439675481814,0.012515214741314,0.0282216798069713,0.0154927994564377,0.0276333965767901,0.029741826109326,0.0323781715623801,0.0834232445612241,0.0797042614716467,0.0266438928507839,0.0443930132584504,0.0292204824333046,0.017282083381778
"SPEECH_634",NA,NA,NA,NA,NA,NA,NA,NA,NA,NA,NA,NA,NA,NA,NA,NA,NA,NA,NA,NA,NA,NA,NA,NA,NA,NA,NA,NA,NA,NA,NA,NA,NA,NA,NA,NA,NA,NA,NA,NA,NA,NA,NA,NA,NA,NA,NA,NA,NA,NA,NA,NA,NA,NA,NA,NA,NA,NA,NA,NA,0.051292880480689,0.0399107148165242,0.0192804806418421,0.0192179858597924,0.0436675794455245,0.0441326155498276,0.0435041437456718,0.0156938121509979,0.0155811267248686,0.0824289311541518,0.029742580808412,0.0177890606282709,0.0125292551889726,0.0162472802583721,0.0161390795835861,0.0374922023767483,0.0534129455171153,0.0200715620259003,0.0209805983312549,0.0286505526224448,0.021671406425857,0.040847445776343,0.0798169411414903,0.0605737434285898,0.0194202008082817,0.0179385350412209,0.0368784057730006,0.044970963197496,0.0227678653638159,0.0273491051329375,0.0279557233508242,0.0434540295893746,0.0124125032860585,0.0281588324786676,0.0526951888451777,0.0518380177437277,0.0245879859783939,0.0209163438343143,0.0228747001013366,0.0371694795127667,0.0204442618592497,0.0590726497851726,0.0303205256306364,0.0368087700225918,0.0170876494318852,0.0706426500207292,0.0222307557212082,0.0154394642469814,0.0202488425454574,0.0123615428682253,0.0198571514665131,0.0286456979901573,0.0391568854699254,0.0415407619917627,0.085474746636704,0.0538900235381741,0.0164265968846385,0.0410549204591855,0.0272686491222365,0.019964649587924
"SPEECH_453",NA,NA,NA,NA,NA,NA,NA,NA,NA,NA,NA,NA,NA,NA,NA,NA,NA,NA,NA,NA,NA,NA,NA,NA,NA,NA,NA,NA,NA,NA,NA,NA,NA,NA,NA,NA,NA,NA,NA,NA,NA,NA,NA,NA,NA,NA,NA,NA,NA,NA,NA,NA,NA,NA,NA,NA,NA,NA,NA,NA,0.0279557233508242,0.0434540295893746,0.0124125032860585,0.0281588324786676,0.0526951888451777,0.0518380177437277,0.0245879859783939,0.0209163438343143,0.0228747001013366,0.0371694795127667,0.0204442618592497,0.0590726497851726,0.0303205256306364,0.0368087700225918,0.0170876494318852,0.0706426500207292,0.0222307557212082,0.0154394642469814,0.0202488425454574,0.0123615428682253,0.0198571514665131,0.0286456979901573,0.0391568854699254,0.0415407619917627,0.085474746636704,0.0538900235381741,0.0164265968846385,0.0410549204591855,0.0272686491222365,0.019964649587924,0.0213259774777965,0.0190520835407186,0.0207616418091301,0.0324702512302407,0.0901904556959051,0.0354254763025209,0.0191909454121713,0.0152921589966487,0.100313761059058,0.0214160600268722,0.0183228151691539,0.0192859881968965,0.0414189703772886,0.0430867554496795,0.0213639458858609,0.0170244358553849,0.0128672138597171,0.0194063330693545,0.0469401698188563,0.0320583020825551,0.0209226608973593,0.0250695789718174,0.0350886846109365,0.0421838670902464,0.020607503508609,0.0839375939375818,0.0314165709750267,0.0324317483081253,0.0396414146280178,0.0214866357564707
"SPEECH_319",NA,NA,NA,NA,NA,NA,NA,NA,NA,NA,NA,NA,NA,NA,NA,NA,NA,NA,NA,NA,NA,NA,NA,NA,NA,NA,NA,NA,NA,NA,NA,NA,NA,NA,NA,NA,NA,NA,NA,NA,NA,NA,NA,NA,NA,NA,NA,NA,NA,NA,NA,NA,NA,NA,NA,NA,NA,NA,NA,NA,0.0222869830591191,0.0457032125447134,0.0165642892262529,0.0490790070201269,0.0362642643683122,0.0405836456523127,0.0304504246841383,0.0182293486438838,0.0370327185957391,0.0272582583771258,0.0150366844810435,0.0287139151915521,0.0188486334965845,0.0266549481288385,0.0451280842842764,0.0266189693622053,0.0439124845349115,0.0253588035129738,0.0255826931768519,0.0208076215619554,0.0400680548457608,0.0267882670374573,0.0298613766973617,0.0685845758122014,0.0500942695520828,0.0391191024082473,0.0259356412635158,0.0326400199153956,0.055687387293723,0.031106315271337,0.0319069872034995,0.0343583877581069,0.0121391537643596,0.0290889833750678,0.0215712965650126,0.0426962421468864,0.0130176264334953,0.0228863076478416,0.0809508511351444,0.0485876377777347,0.0206156020828051,0.0231899230730667,0.0100616683116322,0.0422192985436282,0.0159367433494128,0.0387200857225151,0.0114264786044645,0.0158200329097792,0.00980074212708673,0.021052749234821,0.0243161592763885,0.0450490659918338,0.0306081558502564,0.0678264438057704,0.0634026759781321,0.10263134770859,0.0324471884302354,0.056086945990856,0.0168711247767934,0.0147140944247835
"SPEECH_620",NA,NA,NA,NA,NA,NA,NA,NA,NA,NA,NA,NA,NA,NA,NA,NA,NA,NA,NA,NA,NA,NA,NA,NA,NA,NA,NA,NA,NA,NA,NA,NA,NA,NA,NA,NA,NA,NA,NA,NA,NA,NA,NA,NA,NA,NA,NA,NA,NA,NA,NA,NA,NA,NA,NA,NA,NA,NA,NA,NA,0.0222869830591191,0.0457032125447134,0.0165642892262529,0.0490790070201269,0.0362642643683122,0.0405836456523127,0.0304504246841383,0.0182293486438838,0.0370327185957391,0.0272582583771258,0.0150366844810435,0.0287139151915521,0.0188486334965845,0.0266549481288385,0.0451280842842764,0.0266189693622053,0.0439124845349115,0.0253588035129738,0.0255826931768519,0.0208076215619554,0.0400680548457608,0.0267882670374573,0.0298613766973617,0.0685845758122014,0.0500942695520828,0.0391191024082473,0.0259356412635158,0.0326400199153956,0.055687387293723,0.031106315271337,0.0319069872034995,0.0343583877581069,0.0121391537643596,0.0290889833750678,0.0215712965650126,0.0426962421468864,0.0130176264334953,0.0228863076478416,0.0809508511351444,0.0485876377777347,0.0206156020828051,0.0231899230730667,0.0100616683116322,0.0422192985436282,0.0159367433494128,0.0387200857225151,0.0114264786044645,0.0158200329097792,0.00980074212708673,0.021052749234821,0.0243161592763885,0.0450490659918338,0.0306081558502564,0.0678264438057704,0.0634026759781321,0.10263134770859,0.0324471884302354,0.056086945990856,0.0168711247767934,0.0147140944247835
"SPEECH_631",NA,NA,NA,NA,NA,NA,NA,NA,NA,NA,NA,NA,NA,NA,NA,NA,NA,NA,NA,NA,NA,NA,NA,NA,NA,NA,NA,NA,NA,NA,NA,NA,NA,NA,NA,NA,NA,NA,NA,NA,NA,NA,NA,NA,NA,NA,NA,NA,NA,NA,NA,NA,NA,NA,NA,NA,NA,NA,NA,NA,0.0307422886212165,0.0550882907398619,0.0190865844978599,0.0262294416407171,0.0124227615678632,0.0439203613186977,0.0297684011408595,0.0203270799851206,0.019673497584773,0.0198566477679232,0.0401056301472198,0.015140669045475,0.0114985471501183,0.0463401611738026,0.0139753063736428,0.123615565990797,0.143804565223234,0.0138377359957767,0.0351127102513424,0.0280778704762069,0.0639834236414643,0.00884710124543766,0.0180215374069348,0.0329271185786897,0.0177631159146871,0.0239612231063248,0.0179462660978373,0.0157448553705485,0.0400084383679578,0.0121728035776095,0.0193496636991472,0.0349139513851454,0.0173122520208108,0.0299005191705327,0.0351971221617373,0.0595750057144855,0.0184312810181293,0.0203104544762501,0.0154290201211315,0.129249189130676,0.0218446194013398,0.030166018550641,0.0162387367203218,0.0355957285664,0.0173923199791682,0.0247355606968863,0.0201593802983375,0.019083211478225,0.0227139227185341,0.0255609442717473,0.0448505362587077,0.0291672641692624,0.0395912397878396,0.0710225143359674,0.0639730173192114,0.022351924596145,0.042612166536939,0.0347882794365824,0.021228837157268,0.0172553188224302
"SPEECH_388",NA,NA,NA,NA,NA,NA,NA,NA,NA,NA,NA,NA,NA,NA,NA,NA,NA,NA,NA,NA,NA,NA,NA,NA,NA,NA,NA,NA,NA,NA,NA,NA,NA,NA,NA,NA,NA,NA,NA,NA,NA,NA,NA,NA,NA,NA,NA,NA,NA,NA,NA,NA,NA,NA,NA,NA,NA,NA,NA,NA,0.0228121049248332,0.032477385009368,0.0190780714466633,0.0331472981711695,0.063890712222037,0.0509575418435621,0.029354441211306,0.0194023129976129,0.0351477304511049,0.0374714190406691,0.0195823664385359,0.019470246070552,0.0161461201451468,0.0203473249674696,0.0260189767571338,0.050493794554933,0.0378320687720892,0.0140122751541589,0.0434037084275798,0.0213283918646856,0.0403657411038981,0.0266583592288144,0.0246785929633339,0.0321169970342586,0.0343464010007071,0.101958062658443,0.0189200055358394,0.0617807247859626,0.0290571336772783,0.0177436915408548,0.0355438728476713,0.0311135858210425,0.0120354837279552,0.0340673133090029,0.0625657496554376,0.0271534200971828,0.027042614918457,0.0143227200567128,0.0394272889278809,0.0220871459443033,0.0328920129526328,0.0214333079945553,0.017178531985154,0.0461593443183589,0.029767129282894,0.0450916306087967,0.0304834137863437,0.023753930805083,0.0373819144170154,0.0207088336554422,0.024498738136212,0.0363619119491167,0.0295544915396538,0.0382459940658539,0.0514563407753643,0.0464665841139224,0.0341247722679959,0.0512845536013783,0.0411968113822843,0.036600557056296
"SPEECH_455",NA,NA,NA,NA,NA,NA,NA,NA,NA,NA,NA,NA,NA,NA,NA,NA,NA,NA,NA,NA,NA,NA,NA,NA,NA,NA,NA,NA,NA,NA,NA,NA,NA,NA,NA,NA,NA,NA,NA,NA,NA,NA,NA,NA,NA,NA,NA,NA,NA,NA,NA,NA,NA,NA,NA,NA,NA,NA,NA,NA,0.0237481709438712,0.0264323125409809,0.0169541665310288,0.0221114366521834,0.0633136446392182,0.0344888139794539,0.0180202281361233,0.0153839707808306,0.0235476398718401,0.0338421873770217,0.0271422126641695,0.0330470909826592,0.0182164084904719,0.05886937238143,0.0329241202230494,0.0351287370679227,0.0283558701092102,0.0173453546339211,0.0160434434687811,0.0377650596278839,0.014548593968331,0.0320456762833559,0.0273454161804443,0.0301918153274698,0.0387997753000805,0.123928131025886,0.0460242931712837,0.038352992545493,0.0441601198472248,0.0219229452483798,0.0256412026802513,0.0362097733926527,0.0173398184266824,0.049033397930083,0.0528358515381157,0.02752807267191,0.0301588763458265,0.0120048064476851,0.0338318536598332,0.0250442086156065,0.0329282129984983,0.0162422915017577,0.0215101967950767,0.0363574636731584,0.0247641829972887,0.0462850141952715,0.0252418083373518,0.036469560917223,0.0218383468506634,0.0409520685927147,0.0220039630268531,0.0232513730170544,0.0133078914594565,0.019248222124651,0.0724569583135647,0.0744683813201268,0.0531253478640524,0.0258707585438867,0.0460514296818085,0.0379986660808954
"SPEECH_699",NA,NA,NA,NA,NA,NA,NA,NA,NA,NA,NA,NA,NA,NA,NA,NA,NA,NA,NA,NA,NA,NA,NA,NA,NA,NA,NA,NA,NA,NA,NA,NA,NA,NA,NA,NA,NA,NA,NA,NA,NA,NA,NA,NA,NA,NA,NA,NA,NA,NA,NA,NA,NA,NA,NA,NA,NA,NA,NA,NA,0.0260042458960846,0.0429867026462568,0.0096534550291216,0.0229826105818177,0.0374973393502288,0.0440211468181793,0.0321033208476201,0.0158166857583345,0.0267909437764678,0.043971955880661,0.0204639547478458,0.0275480456233962,0.0243178742439585,0.0558088000718317,0.0172893382191234,0.0320063613280845,0.0341290354039796,0.0211520058733361,0.019697164276179,0.0283750948118987,0.0402401467845892,0.0335627242586075,0.0266284061534275,0.0284556477205685,0.101495172120849,0.0625365906223213,0.0376315563724876,0.0419199633635763,0.0204411427015731,0.0244725687175949,0.0180446140099383,0.0296682766806909,0.0192352557807968,0.0223092445202816,0.0648999355293558,0.0501721164846161,0.0275952453597991,0.0196749305642032,0.0363757051696448,0.0137317396256697,0.0124589967463268,0.0327524704326489,0.0189700249201173,0.0686730708753344,0.0392337104669292,0.034255020334895,0.0556282893261654,0.0178289828802839,0.0180405545966115,0.0173368635127231,0.0195669354110853,0.0206336881330181,0.0321150764962157,0.0419192641840817,0.0885838074465547,0.0552748972208638,0.0281108707970115,0.0319627181315009,0.0361831362441688,0.0287645581184677
"SPEECH_700",NA,NA,NA,NA,NA,NA,NA,NA,NA,NA,NA,NA,NA,NA,NA,NA,NA,NA,NA,NA,NA,NA,NA,NA,NA,NA,NA,NA,NA,NA,NA,NA,NA,NA,NA,NA,NA,NA,NA,NA,NA,NA,NA,NA,NA,NA,NA,NA,NA,NA,NA,NA,NA,NA,NA,NA,NA,NA,NA,NA,0.0260042458960846,0.0429867026462568,0.0096534550291216,0.0229826105818177,0.0374973393502288,0.0440211468181793,0.0321033208476201,0.0158166857583345,0.0267909437764678,0.043971955880661,0.0204639547478458,0.0275480456233962,0.0243178742439585,0.0558088000718317,0.0172893382191234,0.0320063613280845,0.0341290354039796,0.0211520058733361,0.019697164276179,0.0283750948118987,0.0402401467845892,0.0335627242586075,0.0266284061534275,0.0284556477205685,0.101495172120849,0.0625365906223213,0.0376315563724876,0.0419199633635763,0.0204411427015731,0.0244725687175949,0.0180446140099383,0.0296682766806909,0.0192352557807968,0.0223092445202816,0.0648999355293558,0.0501721164846161,0.0275952453597991,0.0196749305642032,0.0363757051696448,0.0137317396256697,0.0124589967463268,0.0327524704326489,0.0189700249201173,0.0686730708753344,0.0392337104669292,0.034255020334895,0.0556282893261654,0.0178289828802839,0.0180405545966115,0.0173368635127231,0.0195669354110853,0.0206336881330181,0.0321150764962157,0.0419192641840817,0.0885838074465547,0.0552748972208638,0.0281108707970115,0.0319627181315009,0.0361831362441688,0.0287645581184677
"SPEECH_694",NA,NA,NA,NA,NA,NA,NA,NA,NA,NA,NA,NA,NA,NA,NA,NA,NA,NA,NA,NA,NA,NA,NA,NA,NA,NA,NA,NA,NA,NA,NA,NA,NA,NA,NA,NA,NA,NA,NA,NA,NA,NA,NA,NA,NA,NA,NA,NA,NA,NA,NA,NA,NA,NA,NA,NA,NA,NA,NA,NA,0.0339321357285429,0.00998003992015968,0.00998003992015968,0.00998003992015968,0.0279441117764471,0.0518962075848303,0.0518962075848303,0.00998003992015968,0.0159680638722555,0.0159680638722555,0.0159680638722555,0.0219560878243513,0.0159680638722555,0.0219560878243513,0.0279441117764471,0.0159680638722555,0.0399201596806387,0.00998003992015968,0.093812375249501,0.0399201596806387,0.00998003992015968,0.0159680638722555,0.261477045908184,0.0159680638722555,0.0159680638722555,0.0159680638722555,0.00998003992015968,0.0758483033932136,0.0279441117764471,0.00998003992015968,0.0275589011722457,0.0278150535386784,0.0195979357846497,0.0420391749626456,0.075886999489605,0.0304171623032399,0.0131941621091969,0.0223791487337296,0.0296931791526281,0.0318540193443638,0.0251065681076375,0.017952431444473,0.0292736682620632,0.0480249693515985,0.0307637927873462,0.0311879169653146,0.0212141789906079,0.0169423927476716,0.0186655031815735,0.0264766836361934,0.0162441015877079,0.0626665365470537,0.0153213727641625,0.0501192834198977,0.0417914813550471,0.0877532056572514,0.0404691073279587,0.0593504775653364,0.0271734909954034,0.0130671007147191
"SPEECH_476",NA,NA,NA,NA,NA,NA,NA,NA,NA,NA,NA,NA,NA,NA,NA,NA,NA,NA,NA,NA,NA,NA,NA,NA,NA,NA,NA,NA,NA,NA,NA,NA,NA,NA,NA,NA,NA,NA,NA,NA,NA,NA,NA,NA,NA,NA,NA,NA,NA,NA,NA,NA,NA,NA,NA,NA,NA,NA,NA,NA,0.0280801531692953,0.0473659974869107,0.0140201876977619,0.0227841814897598,0.0379614886531783,0.0419636641197656,0.0235256576403455,0.0260752683997313,0.027824189712877,0.0268940715953512,0.0228020048085231,0.0465452267083335,0.0194086767516284,0.0324597908054153,0.0170988160484394,0.0550937135337451,0.0474120160831991,0.0166525900552672,0.0244459284372132,0.0289310703420049,0.0492283853508918,0.033101539300107,0.0349336473281529,0.0542419357154108,0.0756491777554186,0.0289354397500106,0.0193215667878848,0.0408155134120228,0.0298283662815608,0.0265997347797939,0.0285578034295204,0.0312945183587964,0.0169092542505034,0.0632663836682797,0.0468453475817448,0.0405971000812913,0.0242948838527067,0.0235436250070017,0.0207193799989055,0.0144951140150619,0.069019016048174,0.0299364954053597,0.0127208759513981,0.051229184855689,0.0160200560922029,0.0229645702577524,0.0205771317059393,0.018531162818612,0.0305688735643673,0.0178823748501888,0.0512475968389643,0.0210670519018375,0.0177731598542232,0.0504343999902037,0.144508894124682,0.0167878758756,0.0240556293868346,0.034681914138022,0.0186304019651175,0.0208399241310203
"SPEECH_611",NA,NA,NA,NA,NA,NA,NA,NA,NA,NA,NA,NA,NA,NA,NA,NA,NA,NA,NA,NA,NA,NA,NA,NA,NA,NA,NA,NA,NA,NA,NA,NA,NA,NA,NA,NA,NA,NA,NA,NA,NA,NA,NA,NA,NA,NA,NA,NA,NA,NA,NA,NA,NA,NA,NA,NA,NA,NA,NA,NA,0.0275589011722457,0.0278150535386784,0.0195979357846497,0.0420391749626456,0.075886999489605,0.0304171623032399,0.0131941621091969,0.0223791487337296,0.0296931791526281,0.0318540193443638,0.0251065681076375,0.017952431444473,0.0292736682620632,0.0480249693515985,0.0307637927873462,0.0311879169653146,0.0212141789906079,0.0169423927476716,0.0186655031815735,0.0264766836361934,0.0162441015877079,0.0626665365470537,0.0153213727641625,0.0501192834198977,0.0417914813550471,0.0877532056572514,0.0404691073279587,0.0593504775653364,0.0271734909954034,0.0130671007147191,0.0217904511858177,0.0262007677007362,0.0159650745440959,0.0168974744153561,0.0965062669269908,0.0482447414093606,0.0433572083526158,0.0169461432659863,0.0196340666479754,0.0243745263975047,0.0199006258080232,0.0532178767008511,0.0188379867467938,0.0369972999431837,0.0123355498296183,0.0324993493585933,0.0461728788074451,0.0274983610831927,0.0442181255328404,0.0205529930463442,0.0168057397003877,0.0222138380868092,0.0628376426802556,0.0115001316037343,0.0171067466371993,0.0700111931008539,0.0704924377540515,0.0301002608652387,0.0267159779790463,0.0300682638890979
"SPEECH_270",NA,NA,NA,NA,NA,NA,NA,NA,NA,NA,NA,NA,NA,NA,NA,NA,NA,NA,NA,NA,NA,NA,NA,NA,NA,NA,NA,NA,NA,NA,NA,NA,NA,NA,NA,NA,NA,NA,NA,NA,NA,NA,NA,NA,NA,NA,NA,NA,NA,NA,NA,NA,NA,NA,NA,NA,NA,NA,NA,NA,0.0426529708611578,0.0281604567291961,0.0140490165959404,0.0369410665390685,0.0645584908405533,0.0366750028744191,0.0346759297960084,0.0155785697246403,0.0407095736473722,0.0166579271467935,0.0216877597924157,0.040120218421039,0.0277258630201504,0.0598775684997765,0.0169168702652137,0.0420220053568683,0.0279027586687316,0.0191888227347903,0.0204977023567125,0.0343213985278309,0.0346195995719485,0.0298774271290479,0.0277987676549176,0.0317737729173829,0.0369922441066428,0.0372660914695284,0.0589768910792278,0.0297998768667706,0.0354950127333116,0.0364803440725435,0.0215202596108146,0.0401349571320521,0.0189930675543776,0.0319164631734765,0.12224300029132,0.0274583046185773,0.0251632133934301,0.0172819092932266,0.027459861268929,0.0272329444695054,0.0167386745850316,0.0225884434604725,0.0342014471245285,0.0241228369077519,0.0193422651326492,0.0294061038343509,0.0169646629306957,0.0151862395225223,0.0241178027610382,0.0399552876754662,0.0447837556348456,0.0198274499399761,0.0400760552600885,0.0549796050875925,0.054551288001562,0.0482749874763306,0.0585006558905942,0.0372735366270168,0.0181445249783724,0.0215603963634044
"SPEECH_384",NA,NA,NA,NA,NA,NA,NA,NA,NA,NA,NA,NA,NA,NA,NA,NA,NA,NA,NA,NA,NA,NA,NA,NA,NA,NA,NA,NA,NA,NA,NA,NA,NA,NA,NA,NA,NA,NA,NA,NA,NA,NA,NA,NA,NA,NA,NA,NA,NA,NA,NA,NA,NA,NA,NA,NA,NA,NA,NA,NA,0.0426529708611578,0.0281604567291961,0.0140490165959404,0.0369410665390685,0.0645584908405533,0.0366750028744191,0.0346759297960084,0.0155785697246403,0.0407095736473722,0.0166579271467935,0.0216877597924157,0.040120218421039,0.0277258630201504,0.0598775684997765,0.0169168702652137,0.0420220053568683,0.0279027586687316,0.0191888227347903,0.0204977023567125,0.0343213985278309,0.0346195995719485,0.0298774271290479,0.0277987676549176,0.0317737729173829,0.0369922441066428,0.0372660914695284,0.0589768910792278,0.0297998768667706,0.0354950127333116,0.0364803440725435,0.0215202596108146,0.0401349571320521,0.0189930675543776,0.0319164631734765,0.12224300029132,0.0274583046185773,0.0251632133934301,0.0172819092932266,0.027459861268929,0.0272329444695054,0.0167386745850316,0.0225884434604725,0.0342014471245285,0.0241228369077519,0.0193422651326492,0.0294061038343509,0.0169646629306957,0.0151862395225223,0.0241178027610382,0.0399552876754662,0.0447837556348456,0.0198274499399761,0.0400760552600885,0.0549796050875925,0.054551288001562,0.0482749874763306,0.0585006558905942,0.0372735366270168,0.0181445249783724,0.0215603963634044
"SPEECH_605",NA,NA,NA,NA,NA,NA,NA,NA,NA,NA,NA,NA,NA,NA,NA,NA,NA,NA,NA,NA,NA,NA,NA,NA,NA,NA,NA,NA,NA,NA,NA,NA,NA,NA,NA,NA,NA,NA,NA,NA,NA,NA,NA,NA,NA,NA,NA,NA,NA,NA,NA,NA,NA,NA,NA,NA,NA,NA,NA,NA,0.0387641398793394,0.0512588836559288,0.0143560999795601,0.0307750144745719,0.0254193192267659,0.0273329923196546,0.0425893374603968,0.0144829060409609,0.0226422443055282,0.0211248277227229,0.0729526404065622,0.0414555759633423,0.0112380078602261,0.027044941533702,0.0163326105580078,0.0656998628253622,0.111886460937683,0.018984840707472,0.0370635761049442,0.0193408971733857,0.0151512489769369,0.0293566062751594,0.0251852092891057,0.0241729758867268,0.0346255250404459,0.0407062573475281,0.0277225835062651,0.0325488669358581,0.017490914623219,0.0422946329826378,0.0185820356857715,0.0461198551085741,0.0153333176127702,0.0288623950965446,0.0582500880039594,0.02950255656778,0.0252046215105115,0.0158695956021212,0.0237207202627852,0.0677744784161639,0.0379515368691782,0.02196765259382,0.0378360242836498,0.0258325822680209,0.0309587785237758,0.0337243740274513,0.0533308127369216,0.0212132963823724,0.0164595140503406,0.0187858275729586,0.0207877472627866,0.060681915812629,0.0137686743696827,0.0151120853486885,0.0224077221250064,0.062529370128699,0.0662727705411177,0.0505779997556187,0.0448965633841744,0.0156850880961261
"SPEECH_349",NA,NA,NA,NA,NA,NA,NA,NA,NA,NA,NA,NA,NA,NA,NA,NA,NA,NA,NA,NA,NA,NA,NA,NA,NA,NA,NA,NA,NA,NA,NA,NA,NA,NA,NA,NA,NA,NA,NA,NA,NA,NA,NA,NA,NA,NA,NA,NA,NA,NA,NA,NA,NA,NA,NA,NA,NA,NA,NA,NA,0.0185820356857715,0.0461198551085741,0.0153333176127702,0.0288623950965446,0.0582500880039594,0.02950255656778,0.0252046215105115,0.0158695956021212,0.0237207202627852,0.0677744784161639,0.0379515368691782,0.02196765259382,0.0378360242836498,0.0258325822680209,0.0309587785237758,0.0337243740274513,0.0533308127369216,0.0212132963823724,0.0164595140503406,0.0187858275729586,0.0207877472627866,0.060681915812629,0.0137686743696827,0.0151120853486885,0.0224077221250064,0.062529370128699,0.0662727705411177,0.0505779997556187,0.0448965633841744,0.0156850880961261,0.023847193331349,0.0425386948800859,0.0158281168788907,0.0253846365485651,0.0702753796943862,0.0184781123935954,0.0300195091047471,0.0197932628050301,0.0253138552918886,0.019939810797425,0.0364456236626244,0.0300017145310041,0.0303414064997734,0.0186323609161741,0.0421236651681847,0.0376462901079093,0.0206048581438448,0.0272671197024425,0.0209701280893122,0.0563234720586962,0.0339620756159944,0.0251090436089744,0.0468670958366679,0.0250387683145775,0.0396192398665903,0.0393345298629283,0.0993482475157706,0.022990783406573,0.0321232642767692,0.0238317410892258
"SPEECH_256",NA,NA,NA,NA,NA,NA,NA,NA,NA,NA,NA,NA,NA,NA,NA,NA,NA,NA,NA,NA,NA,NA,NA,NA,NA,NA,NA,NA,NA,NA,NA,NA,NA,NA,NA,NA,NA,NA,NA,NA,NA,NA,NA,NA,NA,NA,NA,NA,NA,NA,NA,NA,NA,NA,NA,NA,NA,NA,NA,NA,0.0243632081636326,0.0529236942085185,0.0230631341728531,0.019210405303696,0.0409600031195417,0.0676343275315097,0.0418557780381454,0.0162296555268564,0.014964127902341,0.0134489946598594,0.0260014369787686,0.0152692504866975,0.0127422808789407,0.0585722329296947,0.0121613982453536,0.0553258942487799,0.0361575807704465,0.0212081518359555,0.0225577550937696,0.017562170279154,0.0690254677523257,0.024560046830218,0.0160107800785954,0.0139826713256922,0.120358068692254,0.0249917160568581,0.0168215936316648,0.0618264382060678,0.0455612746264364,0.0146504624253724,0.0306597105094661,0.0328016243221745,0.0138744032698195,0.0233577161906054,0.0368118594916101,0.0406571551552419,0.050116767678232,0.0220295075898188,0.0257328178685986,0.0421183721311672,0.0246709554504169,0.0577496911208755,0.0194336002847,0.0712380916775028,0.0155703567573633,0.0269392240997178,0.0212458287398683,0.0198728180527114,0.015040446330244,0.0141404428396882,0.0192526228874831,0.0349719981660812,0.0225206145114118,0.0377860649712481,0.0536408667689301,0.0824386482682475,0.0269819519148372,0.0361985709204469,0.0600099601254287,0.0221373119060634
"SPEECH_229",NA,NA,NA,NA,NA,NA,NA,NA,NA,NA,NA,NA,NA,NA,NA,NA,NA,NA,NA,NA,NA,NA,NA,NA,NA,NA,NA,NA,NA,NA,NA,NA,NA,NA,NA,NA,NA,NA,NA,NA,NA,NA,NA,NA,NA,NA,NA,NA,NA,NA,NA,NA,NA,NA,NA,NA,NA,NA,NA,NA,0.0300288886242662,0.0215571674349933,0.0130983157340543,0.034769265510583,0.0295908332975817,0.0530107575204645,0.0205846010302561,0.0126182792281385,0.0380883123784143,0.0401789010872373,0.0442378504102279,0.0118109102981745,0.0111163608753137,0.024076740408605,0.0172409307979086,0.0535887241105747,0.0601523637168231,0.024524355490741,0.0430079528502693,0.0204036328128421,0.0220140614955728,0.0240973304113633,0.0298097693045707,0.0573282526286285,0.0730640026544078,0.0762783313990617,0.0330422585466221,0.0321543070732355,0.0263456021251788,0.0221809407438896,0.0262467910531543,0.0400148038265381,0.0168036251358394,0.0211463384888646,0.0885647399648842,0.0292085200656519,0.0374842614690359,0.0168752345006282,0.0340739256232767,0.022819453221315,0.019196867197529,0.0348639891554024,0.0313559767256315,0.0392262225572797,0.0255546197231453,0.0376677881863107,0.0249572337389051,0.0204888823083883,0.019490983285946,0.0262553330278893,0.0251277132412405,0.0213915174158157,0.0360986026924842,0.0320538610031079,0.0597213168723118,0.0760448611419662,0.0435014506028713,0.0408936144333518,0.0234575513472782,0.0294139219939567
"SPEECH_423",NA,NA,NA,NA,NA,NA,NA,NA,NA,NA,NA,NA,NA,NA,NA,NA,NA,NA,NA,NA,NA,NA,NA,NA,NA,NA,NA,NA,NA,NA,NA,NA,NA,NA,NA,NA,NA,NA,NA,NA,NA,NA,NA,NA,NA,NA,NA,NA,NA,NA,NA,NA,NA,NA,NA,NA,NA,NA,NA,NA,0.0347513716776824,0.0349260931015923,0.014489845607041,0.0380283815644539,0.0443984192283395,0.0270386930449945,0.0255233191343534,0.0166330193860876,0.0385701289472772,0.048010431174591,0.0248423241662223,0.0196430009621799,0.032539094307587,0.0245932218284432,0.0221946606368706,0.0455202720866815,0.0201529573714202,0.0192250477235915,0.0275123182299873,0.0213155668846018,0.0235556215324688,0.035836730164819,0.0598742408839939,0.0494506532936353,0.026048506726673,0.06493729215886,0.0586218123428909,0.0412617073110815,0.0226077891902763,0.0378974793313032,0.0403787905173786,0.0436748453794094,0.0162498028523961,0.039119106172016,0.0137189092801187,0.0713110226043351,0.040448980686478,0.0196495043502782,0.0188212386446703,0.0468448168811878,0.0267182195776261,0.0185601384393503,0.0108346585682742,0.0248312226638199,0.019585389428818,0.052312892928393,0.0218122403559861,0.0301238017403309,0.0304923259115759,0.0114882934958231,0.0365791076167282,0.036296012469768,0.0470356234946442,0.0364076831484909,0.0903771757618912,0.0412947443952017,0.0579934657985587,0.0231832510402599,0.0163055346567263,0.0175512011394653
"SPEECH_419",NA,NA,NA,NA,NA,NA,NA,NA,NA,NA,NA,NA,NA,NA,NA,NA,NA,NA,NA,NA,NA,NA,NA,NA,NA,NA,NA,NA,NA,NA,NA,NA,NA,NA,NA,NA,NA,NA,NA,NA,NA,NA,NA,NA,NA,NA,NA,NA,NA,NA,NA,NA,NA,NA,NA,NA,NA,NA,NA,NA,0.0148183025023556,0.0112638732363513,0.0115606195008395,0.0158738385861096,0.0763912137425095,0.0317293183867079,0.0464114136682767,0.020570114287651,0.0274981601175299,0.0126443644246668,0.0396911334936324,0.0167314081701546,0.0227795263280788,0.0451161075155306,0.0223971444554615,0.0300620869317061,0.0222877792030862,0.0199746174075732,0.0153562563609925,0.0257539632892878,0.0937026640881961,0.0506042109520575,0.0308378003366449,0.0336043506579816,0.0451799960660355,0.071596674299836,0.0305171768490099,0.0384490722941216,0.0251436489458395,0.0514531639017758,0.0220807773930873,0.0267156220166971,0.0183709310283235,0.0283169706590756,0.0596171514411721,0.0252992625743543,0.0270165421491701,0.0195748856231137,0.039981634585651,0.0293236072962977,0.0304107761742873,0.0162526934887956,0.0234273545536379,0.0546023752386603,0.0219635004028109,0.057159687839229,0.0148272911355048,0.0273979395195233,0.0271147904117922,0.0361463862914331,0.0250655872340032,0.0184970546851396,0.0316877112392006,0.041341418871127,0.02676132890701,0.0393758069120148,0.117664898842379,0.0333200307932138,0.03379381860222,0.0268921640910754
"SPEECH_614",NA,NA,NA,NA,NA,NA,NA,NA,NA,NA,NA,NA,NA,NA,NA,NA,NA,NA,NA,NA,NA,NA,NA,NA,NA,NA,NA,NA,NA,NA,NA,NA,NA,NA,NA,NA,NA,NA,NA,NA,NA,NA,NA,NA,NA,NA,NA,NA,NA,NA,NA,NA,NA,NA,NA,NA,NA,NA,NA,NA,0.0148183025023556,0.0112638732363513,0.0115606195008395,0.0158738385861096,0.0763912137425095,0.0317293183867079,0.0464114136682767,0.020570114287651,0.0274981601175299,0.0126443644246668,0.0396911334936324,0.0167314081701546,0.0227795263280788,0.0451161075155306,0.0223971444554615,0.0300620869317061,0.0222877792030862,0.0199746174075732,0.0153562563609925,0.0257539632892878,0.0937026640881961,0.0506042109520575,0.0308378003366449,0.0336043506579816,0.0451799960660355,0.071596674299836,0.0305171768490099,0.0384490722941216,0.0251436489458395,0.0514531639017758,0.0220807773930873,0.0267156220166971,0.0183709310283235,0.0283169706590756,0.0596171514411721,0.0252992625743543,0.0270165421491701,0.0195748856231137,0.039981634585651,0.0293236072962977,0.0304107761742873,0.0162526934887956,0.0234273545536379,0.0546023752386603,0.0219635004028109,0.057159687839229,0.0148272911355048,0.0273979395195233,0.0271147904117922,0.0361463862914331,0.0250655872340032,0.0184970546851396,0.0316877112392006,0.041341418871127,0.02676132890701,0.0393758069120148,0.117664898842379,0.0333200307932138,0.03379381860222,0.0268921640910754
"SPEECH_278",NA,NA,NA,NA,NA,NA,NA,NA,NA,NA,NA,NA,NA,NA,NA,NA,NA,NA,NA,NA,NA,NA,NA,NA,NA,NA,NA,NA,NA,NA,NA,NA,NA,NA,NA,NA,NA,NA,NA,NA,NA,NA,NA,NA,NA,NA,NA,NA,NA,NA,NA,NA,NA,NA,NA,NA,NA,NA,NA,NA,0.0229663493164524,0.0337700516637459,0.0134532746061465,0.0771315688140178,0.0272515032822444,0.0337681419696691,0.0228726428672434,0.019479099085508,0.0304755919313925,0.0626858391165754,0.0195264108598868,0.0190185424024059,0.0166901079541474,0.0491466356102598,0.0197631689048886,0.0302236166066233,0.028836950339966,0.0254555034713231,0.0242560639481518,0.0163240710847896,0.0244690640077152,0.0385334311024576,0.0254941923256522,0.0429430818147116,0.087476898120401,0.0698208956721934,0.0326161397626964,0.0476157313373804,0.0224868061820734,0.0154486258392814,0.0276206109046198,0.0320564073141368,0.02073943554056,0.0498602713074338,0.0701349439139522,0.0568008349114038,0.034695067275067,0.0172529473411384,0.0238115106323735,0.0242314818937705,0.0290823753442788,0.0246274997589917,0.018368470215595,0.0579136600110605,0.022064987482003,0.0536576610149217,0.0252940472547653,0.0200162556748127,0.0193010353271665,0.0204772967336316,0.0275451342635433,0.0211114573013119,0.0321371325032928,0.0375325753763452,0.0798341483908836,0.0550550194982074,0.0298742961491326,0.0170586280959031,0.0216019847960611,0.0302428237736365
"SPEECH_344",NA,NA,NA,NA,NA,NA,NA,NA,NA,NA,NA,NA,NA,NA,NA,NA,NA,NA,NA,NA,NA,NA,NA,NA,NA,NA,NA,NA,NA,NA,NA,NA,NA,NA,NA,NA,NA,NA,NA,NA,NA,NA,NA,NA,NA,NA,NA,NA,NA,NA,NA,NA,NA,NA,NA,NA,NA,NA,NA,NA,0.019468722961127,0.0197391314808671,0.0216095790666828,0.0428411894718166,0.0301460882810216,0.0522867219070318,0.0285775245600195,0.0141130860080694,0.0207062134627329,0.0322488051978482,0.0194249265596134,0.0235608489285987,0.0147115019681552,0.0506056432571558,0.0181319979823312,0.0543786927727333,0.0252801712961479,0.0169825224771283,0.0213152112144425,0.0249215293208468,0.0290398920941036,0.0531564681016291,0.0207524329364744,0.100513905406485,0.0367707751608917,0.0722986923560974,0.0291636635233124,0.0735777992721279,0.0174195608755159,0.0162567020989922,0.0279185586619428,0.0532248192143135,0.0203194932394802,0.020098588908857,0.0489369642556369,0.0395047994498574,0.0268417152071566,0.0236897437095041,0.0372093986238825,0.0204438252360708,0.0170872164875159,0.0369165443450894,0.0216912404091073,0.0438483237266086,0.0334632057851722,0.0474730335524089,0.0393520352217265,0.0256096605429643,0.024735778293049,0.0285161370082795,0.0292308990821996,0.0307973975876059,0.027707636837261,0.0723128477747434,0.0412822424288163,0.0250289465262458,0.044362686935303,0.0399524631588978,0.0257659267618977,0.0266778710284063
"SPEECH_548",NA,NA,NA,NA,NA,NA,NA,NA,NA,NA,NA,NA,NA,NA,NA,NA,NA,NA,NA,NA,NA,NA,NA,NA,NA,NA,NA,NA,NA,NA,NA,NA,NA,NA,NA,NA,NA,NA,NA,NA,NA,NA,NA,NA,NA,NA,NA,NA,NA,NA,NA,NA,NA,NA,NA,NA,NA,NA,NA,NA,0.0267091504236983,0.0360912413533452,0.0117131433650545,0.0180332721295636,0.0497659068117877,0.0404463994286361,0.026842422584896,0.019335038334719,0.0442498209699919,0.0451562158210442,0.0213510100678079,0.0196519721020437,0.03204216920691,0.0470673730667822,0.0271619399013277,0.0371296925294847,0.0247992095955136,0.019502174748233,0.0225662141988247,0.0179260749904168,0.0178520517298531,0.0261024675397076,0.0224011948221154,0.0571766576876456,0.0730738680706219,0.0620874835370437,0.0397417145209612,0.0711021195564764,0.0279290818077593,0.0149929190977348,0.0472166110165774,0.0376726585058101,0.0193977531932743,0.0202176083954361,0.0515100679049754,0.0260043061161019,0.0357669610053037,0.0172310970778404,0.0228947558833854,0.0207740132862131,0.0282234547156171,0.0494589236372153,0.0170156960794989,0.0467440032568549,0.0214438208825278,0.039882783992149,0.0649417144439731,0.0175499228379987,0.0390830704887954,0.022997227072025,0.0283278438372078,0.0194288360315595,0.013035914928772,0.0337091322956519,0.0459941198499188,0.0571482487219374,0.0284052984331501,0.0342361990011909,0.0372416098036531,0.0564463473053854
"SPEECH_325",NA,NA,NA,NA,NA,NA,NA,NA,NA,NA,NA,NA,NA,NA,NA,NA,NA,NA,NA,NA,NA,NA,NA,NA,NA,NA,NA,NA,NA,NA,NA,NA,NA,NA,NA,NA,NA,NA,NA,NA,NA,NA,NA,NA,NA,NA,NA,NA,NA,NA,NA,NA,NA,NA,NA,NA,NA,NA,NA,NA,0.0279185586619428,0.0532248192143135,0.0203194932394802,0.020098588908857,0.0489369642556369,0.0395047994498574,0.0268417152071566,0.0236897437095041,0.0372093986238825,0.0204438252360708,0.0170872164875159,0.0369165443450894,0.0216912404091073,0.0438483237266086,0.0334632057851722,0.0474730335524089,0.0393520352217265,0.0256096605429643,0.024735778293049,0.0285161370082795,0.0292308990821996,0.0307973975876059,0.027707636837261,0.0723128477747434,0.0412822424288163,0.0250289465262458,0.044362686935303,0.0399524631588978,0.0257659267618977,0.0266778710284063,0.0210142894850158,0.0279270328538242,0.0184856041086829,0.0248210109780529,0.0494447017974642,0.0489984990552425,0.0263031579126027,0.0169802292854942,0.0475929525054996,0.0150180277796854,0.040242347717316,0.0163103210157307,0.0204242163225814,0.0353768650804452,0.026731225875888,0.0437834839951941,0.0196555247723578,0.0309161478216271,0.0391201070867006,0.019894650879927,0.0279273105516107,0.0258985576874584,0.0245669010983899,0.0700864607863395,0.0396784261385772,0.0575350709856434,0.0341012533643841,0.0345100893956806,0.0432824987898356,0.0533730348727483
"SPEECH_442",NA,NA,NA,NA,NA,NA,NA,NA,NA,NA,NA,NA,NA,NA,NA,NA,NA,NA,NA,NA,NA,NA,NA,NA,NA,NA,NA,NA,NA,NA,NA,NA,NA,NA,NA,NA,NA,NA,NA,NA,NA,NA,NA,NA,NA,NA,NA,NA,NA,NA,NA,NA,NA,NA,NA,NA,NA,NA,NA,NA,0.0279185586619428,0.0532248192143135,0.0203194932394802,0.020098588908857,0.0489369642556369,0.0395047994498574,0.0268417152071566,0.0236897437095041,0.0372093986238825,0.0204438252360708,0.0170872164875159,0.0369165443450894,0.0216912404091073,0.0438483237266086,0.0334632057851722,0.0474730335524089,0.0393520352217265,0.0256096605429643,0.024735778293049,0.0285161370082795,0.0292308990821996,0.0307973975876059,0.027707636837261,0.0723128477747434,0.0412822424288163,0.0250289465262458,0.044362686935303,0.0399524631588978,0.0257659267618977,0.0266778710284063,0.0210142894850158,0.0279270328538242,0.0184856041086829,0.0248210109780529,0.0494447017974642,0.0489984990552425,0.0263031579126027,0.0169802292854942,0.0475929525054996,0.0150180277796854,0.040242347717316,0.0163103210157307,0.0204242163225814,0.0353768650804452,0.026731225875888,0.0437834839951941,0.0196555247723578,0.0309161478216271,0.0391201070867006,0.019894650879927,0.0279273105516107,0.0258985576874584,0.0245669010983899,0.0700864607863395,0.0396784261385772,0.0575350709856434,0.0341012533643841,0.0345100893956806,0.0432824987898356,0.0533730348727483
"SPEECH_248",NA,NA,NA,NA,NA,NA,NA,NA,NA,NA,NA,NA,NA,NA,NA,NA,NA,NA,NA,NA,NA,NA,NA,NA,NA,NA,NA,NA,NA,NA,NA,NA,NA,NA,NA,NA,NA,NA,NA,NA,NA,NA,NA,NA,NA,NA,NA,NA,NA,NA,NA,NA,NA,NA,NA,NA,NA,NA,NA,NA,0.00768959923544132,0.0200822403581354,0.0165612464318499,0.0431887629993838,0.0236409592193453,0.0200570904015191,0.0324874564591376,0.0235780843278045,0.0165360964752336,0.011223168140035,0.0183280308841467,0.0130151025489481,0.0165612464318499,0.107057077826541,0.00591023980483634,0.0341787910415855,0.0360964752335802,0.0307458219634571,0.0129899525923318,0.00591023980483634,0.0289161626196195,0.023691259132578,0.0148070369578612,0.0254831935414911,0.298297347937075,0.0165360964752336,0.0165360964752336,0.0290293374243929,0.0147693120229368,0.0360964752335802,0.0335836229045044,0.0355611267175075,0.0172542839899046,0.0327390731928502,0.0413263851281827,0.0430527685398674,0.0238614879609779,0.0189141781565921,0.0500786360075212,0.0385764222906941,0.0199258976939544,0.0330204225237861,0.0149183835055146,0.0548657304821055,0.0172180210366114,0.031348370252004,0.0161578183228823,0.0129787925703028,0.0185553286571966,0.0197824856930681,0.0270186008320625,0.0354340647537031,0.0416295888654838,0.0819519452851452,0.0411214347097804,0.0622252458311687,0.0330107371015607,0.0302516945038855,0.0245295953343888,0.0491078571567933
"SPEECH_418",NA,NA,NA,NA,NA,NA,NA,NA,NA,NA,NA,NA,NA,NA,NA,NA,NA,NA,NA,NA,NA,NA,NA,NA,NA,NA,NA,NA,NA,NA,NA,NA,NA,NA,NA,NA,NA,NA,NA,NA,NA,NA,NA,NA,NA,NA,NA,NA,NA,NA,NA,NA,NA,NA,NA,NA,NA,NA,NA,NA,0.0463112787738394,0.0487257327483227,0.0123248113343915,0.015112967975316,0.0398926468381737,0.0238587605874227,0.0393379578411865,0.0108038835541976,0.0189532294441678,0.0166856300893107,0.0715167986486015,0.0185231697155336,0.00883172154515843,0.0191572564365097,0.0152526398400453,0.0554044682772267,0.0971663013723605,0.0112378582898539,0.100410134677642,0.0224681472876499,0.0407651529605439,0.0224185977396307,0.0130559167176094,0.0303083553775426,0.0371758361202567,0.0162694600240756,0.0192078472958767,0.0287633567338084,0.0572130264470462,0.0428470553066991,0.0332837786897257,0.0398450522096283,0.0157169885383051,0.0314465742787329,0.0412476664156639,0.0380407195955466,0.0220268101831242,0.0221236591711235,0.028895088478956,0.065503249710222,0.0181772818021169,0.026439566373201,0.0181616381440934,0.0290372401557188,0.0233263327832689,0.0374711998585887,0.0303701915490938,0.0214636850744559,0.0156088256873741,0.0143716639499078,0.0288909339445364,0.0426044359243655,0.051129935584786,0.0722198003128417,0.0478563408211081,0.020888386954919,0.0742323872477814,0.0454356740654822,0.0167596560023754,0.0274252364929569
"SPEECH_576",NA,NA,NA,NA,NA,NA,NA,NA,NA,NA,NA,NA,NA,NA,NA,NA,NA,NA,NA,NA,NA,NA,NA,NA,NA,NA,NA,NA,NA,NA,NA,NA,NA,NA,NA,NA,NA,NA,NA,NA,NA,NA,NA,NA,NA,NA,NA,NA,NA,NA,NA,NA,NA,NA,NA,NA,NA,NA,NA,NA,0.0463112787738394,0.0487257327483227,0.0123248113343915,0.015112967975316,0.0398926468381737,0.0238587605874227,0.0393379578411865,0.0108038835541976,0.0189532294441678,0.0166856300893107,0.0715167986486015,0.0185231697155336,0.00883172154515843,0.0191572564365097,0.0152526398400453,0.0554044682772267,0.0971663013723605,0.0112378582898539,0.100410134677642,0.0224681472876499,0.0407651529605439,0.0224185977396307,0.0130559167176094,0.0303083553775426,0.0371758361202567,0.0162694600240756,0.0192078472958767,0.0287633567338084,0.0572130264470462,0.0428470553066991,0.0332837786897257,0.0398450522096283,0.0157169885383051,0.0314465742787329,0.0412476664156639,0.0380407195955466,0.0220268101831242,0.0221236591711235,0.028895088478956,0.065503249710222,0.0181772818021169,0.026439566373201,0.0181616381440934,0.0290372401557188,0.0233263327832689,0.0374711998585887,0.0303701915490938,0.0214636850744559,0.0156088256873741,0.0143716639499078,0.0288909339445364,0.0426044359243655,0.051129935584786,0.0722198003128417,0.0478563408211081,0.020888386954919,0.0742323872477814,0.0454356740654822,0.0167596560023754,0.0274252364929569
"SPEECH_287",NA,NA,NA,NA,NA,NA,NA,NA,NA,NA,NA,NA,NA,NA,NA,NA,NA,NA,NA,NA,NA,NA,NA,NA,NA,NA,NA,NA,NA,NA,NA,NA,NA,NA,NA,NA,NA,NA,NA,NA,NA,NA,NA,NA,NA,NA,NA,NA,NA,NA,NA,NA,NA,NA,NA,NA,NA,NA,NA,NA,0.0301176612554172,0.039479159828673,0.0152967628290011,0.0377391624697655,0.0231120894778067,0.0592171268716036,0.0543466890639281,0.0309009645539649,0.0229846626897338,0.042605322810218,0.0165665788993485,0.0222607992767081,0.0207669672153122,0.0525061387675916,0.0152569273587296,0.0214615256590275,0.0623107142675144,0.0211675607867607,0.0167466683852046,0.0247820979543578,0.0309272181800154,0.0175171862747376,0.0458488833656571,0.0570605389434763,0.0584176424176481,0.0136803568827772,0.0440778807619174,0.0326261697622428,0.0259564893453835,0.0442620536454776,0.0309246970239966,0.0328544096416952,0.0163758475451272,0.0579218234229157,0.0215415056550074,0.0467570062440126,0.0194324138452797,0.0129838897540092,0.0334357164383405,0.0415908910968734,0.0308140799245439,0.0127421263732987,0.0137294750048317,0.0514215488398503,0.0313218892043636,0.0650959834123509,0.0220097286146451,0.0169918686671055,0.0157839008399796,0.0122991613649389,0.0221619673122344,0.0406046085363572,0.0464608526203566,0.0416905291827777,0.0514117187689832,0.0708776086025214,0.0292017677005998,0.0631684191347824,0.0301936430096158,0.0182009222186055
"SPEECH_477",NA,NA,NA,NA,NA,NA,NA,NA,NA,NA,NA,NA,NA,NA,NA,NA,NA,NA,NA,NA,NA,NA,NA,NA,NA,NA,NA,NA,NA,NA,NA,NA,NA,NA,NA,NA,NA,NA,NA,NA,NA,NA,NA,NA,NA,NA,NA,NA,NA,NA,NA,NA,NA,NA,NA,NA,NA,NA,NA,NA,0.0309246970239966,0.0328544096416952,0.0163758475451272,0.0579218234229157,0.0215415056550074,0.0467570062440126,0.0194324138452797,0.0129838897540092,0.0334357164383405,0.0415908910968734,0.0308140799245439,0.0127421263732987,0.0137294750048317,0.0514215488398503,0.0313218892043636,0.0650959834123509,0.0220097286146451,0.0169918686671055,0.0157839008399796,0.0122991613649389,0.0221619673122344,0.0406046085363572,0.0464608526203566,0.0416905291827777,0.0514117187689832,0.0708776086025214,0.0292017677005998,0.0631684191347824,0.0301936430096158,0.0182009222186055,0.0242293640371939,0.0319628007254096,0.0167274517437207,0.0274896118740034,0.0652687702623285,0.0312957803753641,0.0411065325180629,0.0190872649563871,0.0456812831355499,0.0368486983330375,0.0493624562854502,0.0117938699980279,0.0208719728823732,0.0323078222985645,0.0210921667206189,0.0473424335549039,0.0474876276032016,0.0210744865543061,0.0163830985709781,0.0309979314991819,0.0118780512271437,0.0429867064791905,0.0339976479783397,0.0247234372882383,0.0492412048892186,0.0578797339823644,0.050429593923241,0.0365299535167089,0.0201467933774366,0.0337754534094545
"SPEECH_604",NA,NA,NA,NA,NA,NA,NA,NA,NA,NA,NA,NA,NA,NA,NA,NA,NA,NA,NA,NA,NA,NA,NA,NA,NA,NA,NA,NA,NA,NA,NA,NA,NA,NA,NA,NA,NA,NA,NA,NA,NA,NA,NA,NA,NA,NA,NA,NA,NA,NA,NA,NA,NA,NA,NA,NA,NA,NA,NA,NA,0.023987044423473,0.0230363977644786,0.0152180406932912,0.040229963048236,0.0500350099664597,0.032145771928588,0.0251273006886017,0.0242329860123825,0.0306747415896568,0.0220468479511679,0.0455144432285605,0.0189042239579393,0.0406326019439265,0.0339467421127015,0.0207733401837191,0.0504323451618601,0.0374509394208252,0.0240712256821367,0.0208415105456001,0.0174853350162994,0.0290113799556012,0.015268438953197,0.0491880161608825,0.0512673075065325,0.062430837059295,0.0442506549150917,0.0318052345397266,0.0374587902383514,0.0629031259611676,0.0196294033902507,0.023546325637688,0.0392566093515724,0.0169757075602095,0.0239079489247551,0.0677961842656621,0.033254742135313,0.0434810640917343,0.0189623605349039,0.0372250379891899,0.0405454090321927,0.0222453731026194,0.0371713230873843,0.030714928424146,0.0266692241972879,0.032205646021059,0.0187678731895472,0.0317002137324157,0.0216660877838464,0.0240131333337804,0.041884096990523,0.0400758506473294,0.0297440090444491,0.0314813703028319,0.0354793688538839,0.0459381196482045,0.0696399450592021,0.0445124023062115,0.0244735996836597,0.025351602186258,0.0213144428821397
"SPEECH_286",NA,NA,NA,NA,NA,NA,NA,NA,NA,NA,NA,NA,NA,NA,NA,NA,NA,NA,NA,NA,NA,NA,NA,NA,NA,NA,NA,NA,NA,NA,NA,NA,NA,NA,NA,NA,NA,NA,NA,NA,NA,NA,NA,NA,NA,NA,NA,NA,NA,NA,NA,NA,NA,NA,NA,NA,NA,NA,NA,NA,0.0286492965901504,0.0364251426384499,0.0121311095683824,0.0218177632919893,0.054033112350652,0.0270832190063477,0.0248287076246686,0.0110976017840491,0.031326927945274,0.0273391568193342,0.0618744009388888,0.0251983155664258,0.0161143264563161,0.0224238641966176,0.0180569992635462,0.0337609426346667,0.064847696541375,0.0221756180074098,0.0208033558161063,0.0267607855504892,0.0268376061517351,0.0659818138086101,0.0113692090598912,0.0378023752515819,0.0205502002697508,0.0819331575309437,0.0430896893852143,0.0651592245818921,0.0372054995913767,0.0233228817778648,0.0403614696227112,0.0491802980419518,0.0187572566791247,0.0192535380817675,0.0597777359962372,0.0205084647152143,0.0487700709004735,0.0108788708154999,0.0280859768457866,0.0421749093787912,0.0759539480781761,0.0228451276904625,0.044687088365348,0.058790917089631,0.0190370384486726,0.0523339288745099,0.044652663672103,0.0205756259251147,0.0198729037771898,0.0176587922506955,0.0207355207892426,0.0295412424100416,0.0171126194778992,0.0280469881789837,0.0223699498963949,0.0490953657197624,0.022672313276442,0.037507233962013,0.0312578682910874,0.0275042727486723
"SPEECH_461",NA,NA,NA,NA,NA,NA,NA,NA,NA,NA,NA,NA,NA,NA,NA,NA,NA,NA,NA,NA,NA,NA,NA,NA,NA,NA,NA,NA,NA,NA,NA,NA,NA,NA,NA,NA,NA,NA,NA,NA,NA,NA,NA,NA,NA,NA,NA,NA,NA,NA,NA,NA,NA,NA,NA,NA,NA,NA,NA,NA,0.0292021095079911,0.0492279720335126,0.015629536559703,0.018579528948772,0.0215346598513614,0.0286604959128745,0.0198115100438578,0.0172988880440188,0.0348179147738301,0.0273759192958615,0.0309293648858637,0.0131355912917681,0.0213379985316131,0.0267433372500273,0.0128642280755703,0.082976208216263,0.0885776663790394,0.0278425459272447,0.036667590255561,0.0271136319473007,0.0153821402940323,0.0435672932134298,0.0396335490742017,0.0192354677496565,0.0456829307809286,0.0398420708710733,0.0571045195399194,0.0511605536945369,0.0456629554716523,0.0124018215785353,0.0202247090698959,0.0232122551921768,0.0154828987034783,0.0283239443246535,0.0252607322670074,0.085576846540876,0.0278813230325425,0.0151100587139994,0.0211660409422727,0.0433213206635033,0.0176285962456735,0.0217781031948241,0.0151909699563514,0.0299954573835119,0.0226263696820739,0.0383422173036771,0.0650011133831784,0.0200704920948766,0.021582713261136,0.0149029445446358,0.033273888124656,0.0364323728765593,0.0310265556807447,0.0371333031495977,0.0441128237376519,0.0796388902436878,0.0286994753820576,0.0666763910526699,0.041066666528203,0.0292605267238275
"SPEECH_613",NA,NA,NA,NA,NA,NA,NA,NA,NA,NA,NA,NA,NA,NA,NA,NA,NA,NA,NA,NA,NA,NA,NA,NA,NA,NA,NA,NA,NA,NA,NA,NA,NA,NA,NA,NA,NA,NA,NA,NA,NA,NA,NA,NA,NA,NA,NA,NA,NA,NA,NA,NA,NA,NA,NA,NA,NA,NA,NA,NA,0.0132708821233411,0.149102263856362,0.0039032006245121,0.00624512099921936,0.0249804839968774,0.0530835284933646,0.0109289617486339,0.0156128024980484,0.0039032006245121,0.00624512099921936,0.0109289617486339,0.0039032006245121,0.0109289617486339,0.0202966432474629,0.0202966432474629,0.111631537861046,0.113973458235753,0.0202966432474629,0.0413739266198283,0.0320062451209992,0.0179547228727557,0.0156128024980484,0.0179547228727557,0.0460577673692428,0.153786104605777,0.00624512099921936,0.0202966432474629,0.0039032006245121,0.0109289617486339,0.0343481654957065,0.0182794122266682,0.0302580675770815,0.025452048717077,0.0216544534209226,0.0744434360196297,0.042767437805246,0.0196630032952439,0.0159999996322402,0.0381886832264914,0.0611374136902996,0.0223412766929846,0.0145590774420385,0.0243498023176769,0.0198229515894208,0.0521118392892197,0.0315070670125065,0.0282263618287902,0.0143637876213884,0.023526210875037,0.0291994438661672,0.0338355295665479,0.0685967339337192,0.0191278471553461,0.0209339923258217,0.0266138027755303,0.0968262339166878,0.0268239915577667,0.031227898880758,0.051840595817664,0.0163215999240283
"SPEECH_420",NA,NA,NA,NA,NA,NA,NA,NA,NA,NA,NA,NA,NA,NA,NA,NA,NA,NA,NA,NA,NA,NA,NA,NA,NA,NA,NA,NA,NA,NA,NA,NA,NA,NA,NA,NA,NA,NA,NA,NA,NA,NA,NA,NA,NA,NA,NA,NA,NA,NA,NA,NA,NA,NA,NA,NA,NA,NA,NA,NA,0.0182794122266682,0.0302580675770815,0.025452048717077,0.0216544534209226,0.0744434360196297,0.042767437805246,0.0196630032952439,0.0159999996322402,0.0381886832264914,0.0611374136902996,0.0223412766929846,0.0145590774420385,0.0243498023176769,0.0198229515894208,0.0521118392892197,0.0315070670125065,0.0282263618287902,0.0143637876213884,0.023526210875037,0.0291994438661672,0.0338355295665479,0.0685967339337192,0.0191278471553461,0.0209339923258217,0.0266138027755303,0.0968262339166878,0.0268239915577667,0.031227898880758,0.051840595817664,0.0163215999240283,0.0306889848033308,0.0354543745967595,0.0190170863613496,0.0288387635273939,0.0726000134158123,0.0554266120567643,0.0232331272338084,0.0187222254446206,0.0283060035369726,0.0348641224258758,0.0202983693264099,0.0143593072922431,0.0145866700972738,0.0729930524991957,0.0338742131852916,0.0388201516009792,0.0188900172025041,0.0174906556631517,0.0263935448543376,0.0187145880810354,0.0102771731739272,0.0306541381251235,0.044784731419046,0.0351007848545028,0.0648227448756716,0.0552682113438076,0.0444874340165315,0.03840041331955,0.0312971258045851,0.0213353598621448
"SPEECH_377",NA,NA,NA,NA,NA,NA,NA,NA,NA,NA,NA,NA,NA,NA,NA,NA,NA,NA,NA,NA,NA,NA,NA,NA,NA,NA,NA,NA,NA,NA,NA,NA,NA,NA,NA,NA,NA,NA,NA,NA,NA,NA,NA,NA,NA,NA,NA,NA,NA,NA,NA,NA,NA,NA,NA,NA,NA,NA,NA,NA,0.0222806465673587,0.0335317487800574,0.0203597014883312,0.0344875065067721,0.0229187344820234,0.031796026817639,0.0247002973195708,0.0239800763409041,0.0320111982368387,0.0308834672904884,0.0295859811904593,0.026352099887286,0.0170962530563505,0.0309224175168423,0.0287905630072776,0.0477401559893995,0.0228480541906548,0.0180466948153081,0.0141822100414934,0.0176936166430574,0.0257753216682581,0.0324916501143677,0.0268574320482988,0.0554219190076111,0.0696738708079173,0.097422737316573,0.084082532631253,0.0428130659091307,0.016119810548513,0.0191342097799647,0.0348587858331081,0.0466373710416635,0.0238154647942755,0.0213323885187577,0.0527160327107053,0.0241032449849787,0.0197923590155288,0.00843681187078172,0.034543519789297,0.0195144916676999,0.0473878165749231,0.0104560089242254,0.0150483551482931,0.0140468492089706,0.0753317738641722,0.0418762244295092,0.0287601763421203,0.0363546431036495,0.0143029324858597,0.0148611257704331,0.015611959380344,0.0546259397016582,0.0236362979880397,0.062959287641155,0.0150673606796945,0.0697345905689578,0.0841191442420521,0.0439755308922078,0.0229458508953662,0.0231476619315725
"SPEECH_392",NA,NA,NA,NA,NA,NA,NA,NA,NA,NA,NA,NA,NA,NA,NA,NA,NA,NA,NA,NA,NA,NA,NA,NA,NA,NA,NA,NA,NA,NA,NA,NA,NA,NA,NA,NA,NA,NA,NA,NA,NA,NA,NA,NA,NA,NA,NA,NA,NA,NA,NA,NA,NA,NA,NA,NA,NA,NA,NA,NA,0.0654597358678928,0.0407299772035012,0.0111442016862773,0.0294298843587114,0.0161581502440094,0.0454519820654024,0.0287145886156857,0.00891543635539483,0.0156384728179628,0.0110139820765766,0.115803002002281,0.0208095254362889,0.00921510417239693,0.0188662606594437,0.0240235569327993,0.0943954205888142,0.0277662893625442,0.0150492633306421,0.0393943466734927,0.0124935994007216,0.00687595541242387,0.00675732270029377,0.0109926205582277,0.0161464065218728,0.181191784543662,0.0125972430138983,0.0106856662481273,0.0243968031221196,0.0584110401457562,0.0214723778827796,0.0450526923236322,0.0356566633066219,0.0175726252327638,0.0186118243756124,0.0609092159377354,0.0414683946319449,0.0298348192659031,0.0159304220364953,0.0274410424400849,0.0212437405544295,0.0488923295312815,0.0361390773329799,0.0218893843357778,0.0331422734114308,0.0532958978401519,0.0426104501506193,0.050521152276111,0.0194625935175171,0.028861922921802,0.0221824300043979,0.0150934719266376,0.0179255747042282,0.0213162673952692,0.0202346956191301,0.0339564972192232,0.0602296516395075,0.0355726141821001,0.0320996368275585,0.039396652376071,0.0534559866829822
"SPEECH_251",NA,NA,NA,NA,NA,NA,NA,NA,NA,NA,NA,NA,NA,NA,NA,NA,NA,NA,NA,NA,NA,NA,NA,NA,NA,NA,NA,NA,NA,NA,NA,NA,NA,NA,NA,NA,NA,NA,NA,NA,NA,NA,NA,NA,NA,NA,NA,NA,NA,NA,NA,NA,NA,NA,NA,NA,NA,NA,NA,NA,0.0351503020039126,0.0263331768399292,0.017222614805174,0.0328595347386664,0.0457029775042793,0.0734228691822723,0.0305223171497778,0.0192042466974173,0.0261538696416411,0.0238176000194187,0.0233361530175251,0.0557789469968085,0.018154523102584,0.0779742481416365,0.0145201688242342,0.0454193164592511,0.0217684766624187,0.0188396732811737,0.0199336856279133,0.0204010791039266,0.0184970759116541,0.0414930220320593,0.033360400792915,0.0454711195020469,0.0482211615687394,0.0543822445302907,0.0274339619645831,0.0330269792129347,0.0141963101121855,0.0374019445726308,0.0373506183810803,0.0359471868712937,0.017285687227064,0.0201048272446548,0.0531578918735239,0.0423279896975991,0.0376818371781478,0.0176177361331573,0.0332423589626099,0.0177037217244751,0.0359968416875274,0.0293899122926645,0.0270969919357413,0.0546858632574707,0.0251454327308215,0.0201495420540114,0.0188044537047546,0.0275647975914876,0.0190050822432224,0.0435086270258206,0.0161248533351201,0.0238979610434925,0.028392893746234,0.0483824603716218,0.0302382710135703,0.0642402684167736,0.0597901433674747,0.0496282279344584,0.031999679738547,0.0335378412155794
"SPEECH_416",NA,NA,NA,NA,NA,NA,NA,NA,NA,NA,NA,NA,NA,NA,NA,NA,NA,NA,NA,NA,NA,NA,NA,NA,NA,NA,NA,NA,NA,NA,NA,NA,NA,NA,NA,NA,NA,NA,NA,NA,NA,NA,NA,NA,NA,NA,NA,NA,NA,NA,NA,NA,NA,NA,NA,NA,NA,NA,NA,NA,0.0351503020039126,0.0263331768399292,0.017222614805174,0.0328595347386664,0.0457029775042793,0.0734228691822723,0.0305223171497778,0.0192042466974173,0.0261538696416411,0.0238176000194187,0.0233361530175251,0.0557789469968085,0.018154523102584,0.0779742481416365,0.0145201688242342,0.0454193164592511,0.0217684766624187,0.0188396732811737,0.0199336856279133,0.0204010791039266,0.0184970759116541,0.0414930220320593,0.033360400792915,0.0454711195020469,0.0482211615687394,0.0543822445302907,0.0274339619645831,0.0330269792129347,0.0141963101121855,0.0374019445726308,0.0373506183810803,0.0359471868712937,0.017285687227064,0.0201048272446548,0.0531578918735239,0.0423279896975991,0.0376818371781478,0.0176177361331573,0.0332423589626099,0.0177037217244751,0.0359968416875274,0.0293899122926645,0.0270969919357413,0.0546858632574707,0.0251454327308215,0.0201495420540114,0.0188044537047546,0.0275647975914876,0.0190050822432224,0.0435086270258206,0.0161248533351201,0.0238979610434925,0.028392893746234,0.0483824603716218,0.0302382710135703,0.0642402684167736,0.0597901433674747,0.0496282279344584,0.031999679738547,0.0335378412155794
"SPEECH_422",NA,NA,NA,NA,NA,NA,NA,NA,NA,NA,NA,NA,NA,NA,NA,NA,NA,NA,NA,NA,NA,NA,NA,NA,NA,NA,NA,NA,NA,NA,NA,NA,NA,NA,NA,NA,NA,NA,NA,NA,NA,NA,NA,NA,NA,NA,NA,NA,NA,NA,NA,NA,NA,NA,NA,NA,NA,NA,NA,NA,0.0410128201233954,0.0422490087256837,0.0153299787101898,0.0545581865466287,0.0344521360271127,0.0421823845639029,0.0319743636210302,0.020175465634705,0.0252349577124659,0.0152025908105338,0.0711118550781101,0.0172628115959385,0.0196876125140159,0.0762160937662367,0.0103767791073637,0.0662683348602404,0.0333621697159892,0.017649924666914,0.0195784016413657,0.0193768659537307,0.037171917006037,0.0268019073196838,0.0201547349652883,0.0224100150967635,0.076227515076018,0.0116980428501961,0.0216261954885392,0.0564960953257578,0.0265441539618446,0.0276066815343186,0.0470771466972092,0.0187950317101897,0.0157023475115254,0.0632480774678851,0.0494715544062836,0.0406789292971832,0.0210236247931992,0.0197532776438066,0.0263100206765295,0.0330662506631259,0.0259809901836095,0.0260082847138752,0.0194744740393591,0.059428292664659,0.0244127558611669,0.03566606390075,0.048611287111581,0.0177903024520054,0.0331962330264852,0.0423539159776762,0.0308249345471732,0.0299347270613683,0.0345731021149509,0.0220970853288,0.0296805041692726,0.0528940958189872,0.0415515370066921,0.0461427855898309,0.0266883544737871,0.0175640130910329
"SPEECH_322",NA,NA,NA,NA,NA,NA,NA,NA,NA,NA,NA,NA,NA,NA,NA,NA,NA,NA,NA,NA,NA,NA,NA,NA,NA,NA,NA,NA,NA,NA,NA,NA,NA,NA,NA,NA,NA,NA,NA,NA,NA,NA,NA,NA,NA,NA,NA,NA,NA,NA,NA,NA,NA,NA,NA,NA,NA,NA,NA,NA,0.0470771466972092,0.0187950317101897,0.0157023475115254,0.0632480774678851,0.0494715544062836,0.0406789292971832,0.0210236247931992,0.0197532776438066,0.0263100206765295,0.0330662506631259,0.0259809901836095,0.0260082847138752,0.0194744740393591,0.059428292664659,0.0244127558611669,0.03566606390075,0.048611287111581,0.0177903024520054,0.0331962330264852,0.0423539159776762,0.0308249345471732,0.0299347270613683,0.0345731021149509,0.0220970853288,0.0296805041692726,0.0528940958189872,0.0415515370066921,0.0461427855898309,0.0266883544737871,0.0175640130910329,0.0379376151809213,0.0346324255807241,0.011170002250919,0.0177363788763415,0.0891913526762131,0.0461910406634786,0.0464275947409163,0.0152857591744903,0.034774316470717,0.0233303418284069,0.0273831482214312,0.0234154379778314,0.0198331517620547,0.047571953194522,0.016376033823038,0.0307174857442978,0.0398637397586812,0.016273812408603,0.0263391099453151,0.0209059338050899,0.013897609313331,0.0418030267398021,0.035989191291437,0.0239967882804514,0.0278884550442308,0.0777842846709607,0.036762772604495,0.0564825691712443,0.0321558607650213,0.0278828080350342
"SPEECH_385",NA,NA,NA,NA,NA,NA,NA,NA,NA,NA,NA,NA,NA,NA,NA,NA,NA,NA,NA,NA,NA,NA,NA,NA,NA,NA,NA,NA,NA,NA,NA,NA,NA,NA,NA,NA,NA,NA,NA,NA,NA,NA,NA,NA,NA,NA,NA,NA,NA,NA,NA,NA,NA,NA,NA,NA,NA,NA,NA,NA,0.0425179840464518,0.0435327425595567,0.0118957118470101,0.0328759035336627,0.0257424698068142,0.0374394748584773,0.0223387457524474,0.0167721496391975,0.0448608276678886,0.0187767377089569,0.0254237589207189,0.0383217349535739,0.0233066254500263,0.0531416729316347,0.0162310142776669,0.0589609754090517,0.0563753961948851,0.0158602535192383,0.0622814472506511,0.0133405137894207,0.0142231090585243,0.0453496061834167,0.0249124024270489,0.0273172604541337,0.0537363392835588,0.0516738831273228,0.0303738276102433,0.0506761347281028,0.0206844041889511,0.021056892821367,0.0237931857401272,0.022098334337154,0.0149693163372969,0.0944980665374378,0.038560132583302,0.0656493329969385,0.0281162424011935,0.01552643997069,0.0374549914635592,0.0213889784667954,0.024281080585639,0.0162381313589755,0.0337875803125999,0.056585312796546,0.0238451419516471,0.0406156838321859,0.026758751274183,0.0225499592511915,0.014555706837502,0.0243764173279395,0.0238552362559303,0.0257430574606051,0.0183948292418035,0.0421976232043121,0.0467221106667681,0.0432334010779972,0.0189765724412998,0.0571102922273055,0.0458641928534192,0.0322538982076556
"SPEECH_606",NA,NA,NA,NA,NA,NA,NA,NA,NA,NA,NA,NA,NA,NA,NA,NA,NA,NA,NA,NA,NA,NA,NA,NA,NA,NA,NA,NA,NA,NA,NA,NA,NA,NA,NA,NA,NA,NA,NA,NA,NA,NA,NA,NA,NA,NA,NA,NA,NA,NA,NA,NA,NA,NA,NA,NA,NA,NA,NA,NA,0.0332144841964255,0.0368445598648667,0.0162652350016143,0.0592410720096223,0.0420553743072959,0.0646970521493044,0.0522577045778416,0.0248217853415555,0.0328982467857216,0.0180352015544748,0.0513857459859137,0.036343932759035,0.0182487438163371,0.0294395901547945,0.0226273002098034,0.0430211967299665,0.0456853704829724,0.0184713724658465,0.0380376464424084,0.0375134542194335,0.00914827172033453,0.0136570364768252,0.0139100008743661,0.0245409286425667,0.0174022968423371,0.0459333615323153,0.0432639999088443,0.0425501300072786,0.0454767482279677,0.0230121567119311,0.023024603759264,0.0205841657008959,0.0114066856576019,0.0280930164063385,0.0561907543042854,0.0521809309443414,0.040188951259868,0.0278120962014162,0.0205893491847974,0.0352837113814517,0.0358802942817859,0.0203637765403733,0.0193968099262539,0.0695783735330483,0.0256056148283325,0.0730331730168662,0.0350230658956258,0.0172209659374887,0.023209636120079,0.0356868598040208,0.0161646566157396,0.0223488998732875,0.0191840832703989,0.0266658540517973,0.0386946473088642,0.0611268399388584,0.0467813303107378,0.0360184099604288,0.0439501343330581,0.0187123096526944
"SPEECH_600",NA,NA,NA,NA,NA,NA,NA,NA,NA,NA,NA,NA,NA,NA,NA,NA,NA,NA,NA,NA,NA,NA,NA,NA,NA,NA,NA,NA,NA,NA,NA,NA,NA,NA,NA,NA,NA,NA,NA,NA,NA,NA,NA,NA,NA,NA,NA,NA,NA,NA,NA,NA,NA,NA,NA,NA,NA,NA,NA,NA,0.021595508079458,0.0225061682999175,0.0230730386107378,0.026872464961042,0.0387915424705596,0.0469048860167215,0.0357682546366248,0.0203083289797433,0.0325895758315921,0.0504975566172379,0.030743884553396,0.0132739039656124,0.0195283717010971,0.0777322726638055,0.0306450099853902,0.0369727443208129,0.0248252887298577,0.0199775129608643,0.0284932241579972,0.0187828932756221,0.0210983490313925,0.0266852838103162,0.0195750661348341,0.0268693035320727,0.102902302988607,0.0541503822311767,0.0267812439820944,0.0494592171881791,0.0336217579654656,0.0189746623177714,0.0233139257953574,0.0252493437111589,0.00853671257428028,0.0421779762516914,0.0356932172565899,0.0498503784170522,0.0377929916189517,0.011711248322975,0.0203815686470932,0.0213539125209893,0.0373180573748752,0.0203802768225161,0.0325878590343627,0.0510762064884089,0.0108454339470352,0.0828167612833834,0.0769329444831779,0.0139484099562561,0.0140544814019773,0.0190306125728588,0.0106463447987761,0.0288546433746379,0.0130417939452667,0.0193864316451075,0.0640112046176155,0.0550437710276844,0.028243855432019,0.087854627710195,0.0222503493895485,0.0356146595781585
"SPEECH_219",NA,NA,NA,NA,NA,NA,NA,NA,NA,NA,NA,NA,NA,NA,NA,NA,NA,NA,NA,NA,NA,NA,NA,NA,NA,NA,NA,NA,NA,NA,NA,NA,NA,NA,NA,NA,NA,NA,NA,NA,NA,NA,NA,NA,NA,NA,NA,NA,NA,NA,NA,NA,NA,NA,NA,NA,NA,NA,NA,NA,0.0279469378318519,0.0428052813142531,0.018765308634866,0.0399128058695119,0.0580702048179817,0.0374463944029981,0.0328609396059016,0.0161974697424961,0.030162908402638,0.0194906715747288,0.0240020403285792,0.0160790864151466,0.0434837094253872,0.0473507273469187,0.0255624341714655,0.0523984767841135,0.0278485140100665,0.0196829639537399,0.0233221393163323,0.0242951241354003,0.0291730010655661,0.03354399122265,0.0183416964782139,0.0336868295310173,0.0584360555609929,0.074153978976747,0.0309792556558097,0.0354516631134408,0.0391987709987175,0.0193506193124679,0.0217685655675531,0.0226218687844582,0.0233134465430202,0.014702190386655,0.106454070115118,0.0163908394673904,0.0235874794157057,0.0186875504856725,0.0364968437050961,0.0493378478098358,0.027493616547538,0.015200340253858,0.0365925010344186,0.0284211809476308,0.028485623428114,0.023411237289654,0.0222474911828213,0.0176423040491496,0.0227888668380574,0.0273256057948498,0.0267110974015645,0.0262207299581289,0.0502974547849463,0.0269386915083383,0.0318166446158352,0.0917928466287845,0.0741448439527106,0.0193612860064409,0.0274018594185527,0.0423450760781018
"SPEECH_329",NA,NA,NA,NA,NA,NA,NA,NA,NA,NA,NA,NA,NA,NA,NA,NA,NA,NA,NA,NA,NA,NA,NA,NA,NA,NA,NA,NA,NA,NA,NA,NA,NA,NA,NA,NA,NA,NA,NA,NA,NA,NA,NA,NA,NA,NA,NA,NA,NA,NA,NA,NA,NA,NA,NA,NA,NA,NA,NA,NA,0.0444883784937361,0.0217601604004093,0.0172260712887082,0.0208060098329543,0.0321587412657743,0.0470662763975552,0.0773440418711638,0.0154102060317654,0.0269843474616565,0.030611944161533,0.0407103287333445,0.0844407122767945,0.0175307478546122,0.0537182802389156,0.0200656046905994,0.031769481100575,0.0361985757768835,0.014627558866012,0.01519026773768,0.0186429623767271,0.0341104340036943,0.0462611529422932,0.0255842760100246,0.0275673834881916,0.023253190483198,0.0476226976079856,0.0333410244576358,0.0425610836247768,0.021181019906416,0.0317670406183843,0.0326837826022182,0.0373015698725451,0.0146992030999462,0.0205663939833271,0.0552711537498676,0.0316187944991087,0.0273045957104697,0.0157014769476005,0.0361602578940763,0.0373751035669977,0.0228294831673831,0.0452597739222644,0.0255806917449084,0.0455699961708845,0.0360997531730964,0.0454418687273238,0.0443578897717328,0.0237124693746363,0.0174244576260507,0.0198837213589053,0.0210746731391703,0.0296011078527852,0.0300625225299564,0.0209528324346769,0.0435849473197863,0.0705546142932723,0.0516353917828655,0.039460556594428,0.0321299447276206,0.0261009723620955
"SPEECH_452",NA,NA,NA,NA,NA,NA,NA,NA,NA,NA,NA,NA,NA,NA,NA,NA,NA,NA,NA,NA,NA,NA,NA,NA,NA,NA,NA,NA,NA,NA,NA,NA,NA,NA,NA,NA,NA,NA,NA,NA,NA,NA,NA,NA,NA,NA,NA,NA,NA,NA,NA,NA,NA,NA,NA,NA,NA,NA,NA,NA,0.0444883784937361,0.0217601604004093,0.0172260712887082,0.0208060098329543,0.0321587412657743,0.0470662763975552,0.0773440418711638,0.0154102060317654,0.0269843474616565,0.030611944161533,0.0407103287333445,0.0844407122767945,0.0175307478546122,0.0537182802389156,0.0200656046905994,0.031769481100575,0.0361985757768835,0.014627558866012,0.01519026773768,0.0186429623767271,0.0341104340036943,0.0462611529422932,0.0255842760100246,0.0275673834881916,0.023253190483198,0.0476226976079856,0.0333410244576358,0.0425610836247768,0.021181019906416,0.0317670406183843,0.0326837826022182,0.0373015698725451,0.0146992030999462,0.0205663939833271,0.0552711537498676,0.0316187944991087,0.0273045957104697,0.0157014769476005,0.0361602578940763,0.0373751035669977,0.0228294831673831,0.0452597739222644,0.0255806917449084,0.0455699961708845,0.0360997531730964,0.0454418687273238,0.0443578897717328,0.0237124693746363,0.0174244576260507,0.0198837213589053,0.0210746731391703,0.0296011078527852,0.0300625225299564,0.0209528324346769,0.0435849473197863,0.0705546142932723,0.0516353917828655,0.039460556594428,0.0321299447276206,0.0261009723620955
"SPEECH_621",NA,NA,NA,NA,NA,NA,NA,NA,NA,NA,NA,NA,NA,NA,NA,NA,NA,NA,NA,NA,NA,NA,NA,NA,NA,NA,NA,NA,NA,NA,NA,NA,NA,NA,NA,NA,NA,NA,NA,NA,NA,NA,NA,NA,NA,NA,NA,NA,NA,NA,NA,NA,NA,NA,NA,NA,NA,NA,NA,NA,0.0171360712519992,0.0224916762827702,0.0289890384651755,0.0224002284766469,0.0529479468001084,0.04835348358973,0.0337963144168951,0.0174803709850808,0.026561409620453,0.0540863821294886,0.0156105447933094,0.0647346855717292,0.0288280506403283,0.0576963043964659,0.0645157869593766,0.0199368381973916,0.0301433890425396,0.019739007047665,0.0174661331176634,0.0159511517302167,0.0237290926792861,0.024823444317563,0.0185482110917425,0.03139117672364,0.0754198816289176,0.0831257620395271,0.0329830912385042,0.0194014513172049,0.0182502800797062,0.013462795368875,0.0165893185555329,0.0169392870583676,0.0202014601294579,0.0224119017694205,0.0837096458420191,0.0367242542374085,0.0209340608620586,0.029252132525464,0.0362930930419161,0.0373951793613937,0.0205328245095623,0.0306440739174054,0.0280360883462517,0.0345219075210767,0.073656217317253,0.0278163081264715,0.032419763380716,0.0190414311987283,0.0297533279975817,0.0261131280793424,0.0241729229876558,0.0253641954832761,0.0148567614421948,0.0326683120258307,0.0411526238000899,0.10071614714096,0.0427585836115329,0.0227870477164302,0.032770036203988,0.0197679658106133
"SPEECH_622",NA,NA,NA,NA,NA,NA,NA,NA,NA,NA,NA,NA,NA,NA,NA,NA,NA,NA,NA,NA,NA,NA,NA,NA,NA,NA,NA,NA,NA,NA,NA,NA,NA,NA,NA,NA,NA,NA,NA,NA,NA,NA,NA,NA,NA,NA,NA,NA,NA,NA,NA,NA,NA,NA,NA,NA,NA,NA,NA,NA,0.0383638611807412,0.0379381396799501,0.0233249009821739,0.0483913821384773,0.0471301639386049,0.0275489341708266,0.0153978067612175,0.0113775150192088,0.106319151570872,0.0271886189225833,0.0580660981096988,0.0231780398683237,0.00761561025730399,0.0362991286893294,0.0087023942462619,0.0418452570048517,0.0188564660198989,0.0123378164121719,0.00799513670556446,0.0270691741079248,0.0427142384804444,0.054200431858623,0.0382869728356322,0.0410193448100976,0.0422672479730285,0.0834555791166007,0.0259804026052365,0.0240563525841869,0.011432792862731,0.0116410410874335,0.0240822241477571,0.0395447146078641,0.0169121124132499,0.0515759150648201,0.095676280354742,0.0249362226175274,0.0439439140536097,0.0161058541381785,0.0207084092272007,0.0232558188970425,0.0310147624129088,0.02935000402431,0.0171621594407037,0.0294094242572572,0.0420744364030578,0.0318158988823272,0.0305348856496537,0.0204922480495131,0.0151555283059801,0.0419965933777318,0.0201838432179695,0.0276625854041834,0.0237479190044663,0.0419261600734129,0.0228620951446368,0.0622684417963605,0.0533056927311827,0.0414346059563512,0.0280876695635972,0.0327735807824042
"SPEECH_598",NA,NA,NA,NA,NA,NA,NA,NA,NA,NA,NA,NA,NA,NA,NA,NA,NA,NA,NA,NA,NA,NA,NA,NA,NA,NA,NA,NA,NA,NA,NA,NA,NA,NA,NA,NA,NA,NA,NA,NA,NA,NA,NA,NA,NA,NA,NA,NA,NA,NA,NA,NA,NA,NA,NA,NA,NA,NA,NA,NA,0.0314362924903166,0.0417709546996517,0.0189836011142343,0.0296409630301418,0.045825929306037,0.0250088954769191,0.0231079287616067,0.0197714334734284,0.0325844791701658,0.0401126911519519,0.0280944146608807,0.0714256912473029,0.0286181800604791,0.0280442047229635,0.0331918328983513,0.0523037184546363,0.0150388980573056,0.0148796395202952,0.0174813403901611,0.032499077225636,0.0230901229868427,0.0345983743426952,0.0273002958182889,0.0289773755398472,0.0325007771822654,0.0717565840365973,0.0459433081122379,0.0558377538647743,0.0317772101408,0.0183980320631864,0.0286170421820799,0.0252272097037685,0.0204142737151949,0.0295365765704776,0.0784823277754428,0.0283279068668412,0.0193903152347584,0.018819323444243,0.0300250657560661,0.0350432245421415,0.0205590830028854,0.0201587199897792,0.0325951499777977,0.028478395842342,0.0163329809984715,0.0262114305371559,0.0253468801287755,0.0245826490417755,0.016460996002892,0.0197966976084064,0.0374812144684276,0.0385824924913918,0.0258828642715846,0.0298009074767016,0.0341485005099773,0.0715164966018647,0.0945675021205897,0.0620070784582932,0.0357065019756717,0.0259001927042025
"SPEECH_271",NA,NA,NA,NA,NA,NA,NA,NA,NA,NA,NA,NA,NA,NA,NA,NA,NA,NA,NA,NA,NA,NA,NA,NA,NA,NA,NA,NA,NA,NA,NA,NA,NA,NA,NA,NA,NA,NA,NA,NA,NA,NA,NA,NA,NA,NA,NA,NA,NA,NA,NA,NA,NA,NA,NA,NA,NA,NA,NA,NA,0.0547325921845793,0.0241634607603292,0.0167840929685151,0.0331148248362954,0.0732109865784556,0.0250047834849162,0.0254984502525217,0.0225627323060916,0.0297991489381909,0.015744363299174,0.0393404256679578,0.0242694170418142,0.0381515289902054,0.0431610050301173,0.0307698115164118,0.0617984191532649,0.0228891054969445,0.0247288467661654,0.0263719333107322,0.0302585436377918,0.0269667463403718,0.0244235997225802,0.0159164176988025,0.0221064147264151,0.049148331586793,0.061466701787134,0.0444295587418689,0.032324421387532,0.0429326519251505,0.0179306838628777,0.0381448514271823,0.0451471669472798,0.0160190105938334,0.0130514471966052,0.0544225075940641,0.0315420122178306,0.0344962104487048,0.0138316851665087,0.0198258069234397,0.0264453473946591,0.0289497326520187,0.0481938143372724,0.0202766005554869,0.0352268884893885,0.0456093434686344,0.036662809829626,0.0252476625107173,0.0294123779882294,0.0178859592046596,0.0236709620685135,0.0238146358702936,0.0211681604678685,0.0333621012139897,0.0124679628263844,0.0502370735210958,0.0612431459532831,0.092173938506491,0.0478074898743695,0.0318358832148048,0.0218274115367651
"SPEECH_597",NA,NA,NA,NA,NA,NA,NA,NA,NA,NA,NA,NA,NA,NA,NA,NA,NA,NA,NA,NA,NA,NA,NA,NA,NA,NA,NA,NA,NA,NA,NA,NA,NA,NA,NA,NA,NA,NA,NA,NA,NA,NA,NA,NA,NA,NA,NA,NA,NA,NA,NA,NA,NA,NA,NA,NA,NA,NA,NA,NA,0.0242468346122214,0.0252658243313738,0.0122200046997516,0.0303540996584238,0.0176822937994702,0.0599412638570632,0.0394583808823766,0.0194257807771807,0.0229365789147128,0.0248353485993903,0.030303580813859,0.0155711414538175,0.0170172989613145,0.031930770639188,0.0191121815291953,0.0270150096470986,0.0426348713588852,0.0239053760160163,0.0228083241548584,0.0182438857236326,0.0973430114142751,0.02430130654557,0.049841298132998,0.0349246135012863,0.0396137742910877,0.068015637750097,0.0335986170996867,0.0901415159070353,0.0206751970165887,0.0166361779115452,0.0374917375510138,0.0358708965539651,0.0196632273779961,0.0451396658962259,0.0197448056343342,0.0483231463088695,0.038006750060722,0.016247867615893,0.0207760227182596,0.00915405463922143,0.0340712695168045,0.0904655243114522,0.0131253795769237,0.077477059254827,0.0364739183941305,0.0264204841491802,0.0409665619206308,0.0234036240179015,0.0177277993732837,0.0278388691527321,0.0256107756512582,0.02380632338418,0.0178382672186408,0.0371627713806141,0.0728452279627303,0.0143738145228404,0.0573569755752482,0.025744700709564,0.0145027752320026,0.0323697043385546
"SPEECH_618",NA,NA,NA,NA,NA,NA,NA,NA,NA,NA,NA,NA,NA,NA,NA,NA,NA,NA,NA,NA,NA,NA,NA,NA,NA,NA,NA,NA,NA,NA,NA,NA,NA,NA,NA,NA,NA,NA,NA,NA,NA,NA,NA,NA,NA,NA,NA,NA,NA,NA,NA,NA,NA,NA,NA,NA,NA,NA,NA,NA,0.0374917375510138,0.0358708965539651,0.0196632273779961,0.0451396658962259,0.0197448056343342,0.0483231463088695,0.038006750060722,0.016247867615893,0.0207760227182596,0.00915405463922143,0.0340712695168045,0.0904655243114522,0.0131253795769237,0.077477059254827,0.0364739183941305,0.0264204841491802,0.0409665619206308,0.0234036240179015,0.0177277993732837,0.0278388691527321,0.0256107756512582,0.02380632338418,0.0178382672186408,0.0371627713806141,0.0728452279627303,0.0143738145228404,0.0573569755752482,0.025744700709564,0.0145027752320026,0.0323697043385546,0.0408289454937708,0.0444368780711899,0.015266478194363,0.0186527757321814,0.0484316414072359,0.0427362202530236,0.0116625357641059,0.0147093012944169,0.034399173046617,0.040599355338796,0.0156713784607129,0.0206091695079875,0.0340149469176389,0.0130228533498543,0.018571441473683,0.037469057606178,0.0266197247283157,0.0117723149017859,0.0192943963000856,0.0441779729510604,0.0203935639842342,0.0403199888428331,0.0203750575882623,0.0301902386030491,0.0153324154663492,0.0766306287402806,0.0646794601843375,0.0893150075535001,0.0739059186305691,0.015911159613582
"SPEECH_619",NA,NA,NA,NA,NA,NA,NA,NA,NA,NA,NA,NA,NA,NA,NA,NA,NA,NA,NA,NA,NA,NA,NA,NA,NA,NA,NA,NA,NA,NA,NA,NA,NA,NA,NA,NA,NA,NA,NA,NA,NA,NA,NA,NA,NA,NA,NA,NA,NA,NA,NA,NA,NA,NA,NA,NA,NA,NA,NA,NA,0.0446069963906913,0.0245468248940922,0.0139228109150698,0.0261441957793355,0.0728768010044022,0.0211403392578552,0.022820194702951,0.0229229404084401,0.0209371286588807,0.0221347545680837,0.0144051724775466,0.0116783286194049,0.0220446773192536,0.0567345181688439,0.0619219863150779,0.0385028971120866,0.0137250594935822,0.0179969009987687,0.0589658568237247,0.0231523322799587,0.0506274237293306,0.0166944146873562,0.0372440516277035,0.0165231685253576,0.0319104598941653,0.0895607014252097,0.0784159252036846,0.0301350512723761,0.0241664559560057,0.0135416314907611,0.0336300905388781,0.0414034572355153,0.0165687256426567,0.0407538886776374,0.0456037311601759,0.0604347763814691,0.0258913297275829,0.0206461973665455,0.0467970921723308,0.0250449578232317,0.0197882202911933,0.0200034379962822,0.0306030494831685,0.0257143634350362,0.0212848249906454,0.0267314483577535,0.0368744924351493,0.0253291248957272,0.0388674946247406,0.0279624756102808,0.0333865003249766,0.0299375874837344,0.0572048076374343,0.0262219140021605,0.0301585315752383,0.0968037798179578,0.0224307603213212,0.0344595634628956,0.020599204191382,0.0188641723368991
"SPEECH_230",NA,NA,NA,NA,NA,NA,NA,NA,NA,NA,NA,NA,NA,NA,NA,NA,NA,NA,NA,NA,NA,NA,NA,NA,NA,NA,NA,NA,NA,NA,NA,NA,NA,NA,NA,NA,NA,NA,NA,NA,NA,NA,NA,NA,NA,NA,NA,NA,NA,NA,NA,NA,NA,NA,NA,NA,NA,NA,NA,NA,0.0420457719646252,0.0451540368246591,0.0133505981897223,0.0306474625418593,0.0338847241479852,0.0350803048511086,0.0245731057888253,0.0137193238618963,0.0259693585906844,0.0185859859784166,0.0655994510755273,0.0152098633026987,0.0162899557818538,0.0365629616704447,0.0355301123884043,0.105351557325854,0.0696857454250399,0.0196427668422703,0.0493843014927065,0.0227379524316597,0.0129725627941753,0.0381267583886245,0.01368140121122,0.0216479975115587,0.0187538177389182,0.0452400501660568,0.0372048493217687,0.0387455724724157,0.0341027637480431,0.0205188861709778,0.0348138159208808,0.0362941294094862,0.0132114198420366,0.0328299512402557,0.0349870562761253,0.0366896170171725,0.0216204796522763,0.016157451663033,0.0219547819034336,0.0166724049838339,0.0261417781465614,0.0290242584612724,0.0195622362035152,0.0325547068215645,0.046306509873593,0.0768140997665053,0.109226052866908,0.0228220108024255,0.0221373417633432,0.029584432793355,0.0127580352603551,0.0319615160918501,0.0103057208113021,0.0417323185783128,0.0293517302630882,0.048761620957174,0.0543285155166822,0.0236045363171638,0.0400563891317843,0.0277350816647097
"SPEECH_471",NA,NA,NA,NA,NA,NA,NA,NA,NA,NA,NA,NA,NA,NA,NA,NA,NA,NA,NA,NA,NA,NA,NA,NA,NA,NA,NA,NA,NA,NA,NA,NA,NA,NA,NA,NA,NA,NA,NA,NA,NA,NA,NA,NA,NA,NA,NA,NA,NA,NA,NA,NA,NA,NA,NA,NA,NA,NA,NA,NA,0.0420457719646252,0.0451540368246591,0.0133505981897223,0.0306474625418593,0.0338847241479852,0.0350803048511086,0.0245731057888253,0.0137193238618963,0.0259693585906844,0.0185859859784166,0.0655994510755273,0.0152098633026987,0.0162899557818538,0.0365629616704447,0.0355301123884043,0.105351557325854,0.0696857454250399,0.0196427668422703,0.0493843014927065,0.0227379524316597,0.0129725627941753,0.0381267583886245,0.01368140121122,0.0216479975115587,0.0187538177389182,0.0452400501660568,0.0372048493217687,0.0387455724724157,0.0341027637480431,0.0205188861709778,0.0348138159208808,0.0362941294094862,0.0132114198420366,0.0328299512402557,0.0349870562761253,0.0366896170171725,0.0216204796522763,0.016157451663033,0.0219547819034336,0.0166724049838339,0.0261417781465614,0.0290242584612724,0.0195622362035152,0.0325547068215645,0.046306509873593,0.0768140997665053,0.109226052866908,0.0228220108024255,0.0221373417633432,0.029584432793355,0.0127580352603551,0.0319615160918501,0.0103057208113021,0.0417323185783128,0.0293517302630882,0.048761620957174,0.0543285155166822,0.0236045363171638,0.0400563891317843,0.0277350816647097
"SPEECH_324",NA,NA,NA,NA,NA,NA,NA,NA,NA,NA,NA,NA,NA,NA,NA,NA,NA,NA,NA,NA,NA,NA,NA,NA,NA,NA,NA,NA,NA,NA,NA,NA,NA,NA,NA,NA,NA,NA,NA,NA,NA,NA,NA,NA,NA,NA,NA,NA,NA,NA,NA,NA,NA,NA,NA,NA,NA,NA,NA,NA,0.0381270996686722,0.0295485186699509,0.0120749838491551,0.0631272856742929,0.021074804777659,0.0339816835330785,0.0345391192720061,0.0182034102279637,0.0221584299554871,0.0158704211619936,0.0357879858230266,0.0343615583125511,0.0211063493262226,0.0877585940465433,0.025328802213248,0.121974866836477,0.020813227282336,0.0305929988810978,0.0205101376647437,0.0138576526329706,0.011929865950414,0.0174054638713317,0.00836924078652794,0.01238138202693,0.11222680397671,0.0193859970374618,0.0483151145560289,0.0147263062613969,0.0320629729070816,0.0223989228166421,0.0237424378016456,0.0465718199037497,0.0132035871648484,0.0467877944784477,0.0410343265959563,0.042899302363233,0.0363313965676427,0.0175020056414721,0.0355485595381612,0.0206816128930577,0.0214832989776053,0.0228945320510136,0.0151394907899202,0.0529889260648575,0.0243375671426164,0.0832139106336073,0.0175737444805094,0.0233108328737783,0.0153443341190797,0.0169064211707722,0.0511440393443521,0.03615088524577,0.0327943544707915,0.036493370189472,0.0615176617151288,0.0468365755280238,0.0333206921023627,0.0387355271869379,0.0210358098584132,0.0244751831067735
"SPEECH_381",NA,NA,NA,NA,NA,NA,NA,NA,NA,NA,NA,NA,NA,NA,NA,NA,NA,NA,NA,NA,NA,NA,NA,NA,NA,NA,NA,NA,NA,NA,NA,NA,NA,NA,NA,NA,NA,NA,NA,NA,NA,NA,NA,NA,NA,NA,NA,NA,NA,NA,NA,NA,NA,NA,NA,NA,NA,NA,NA,NA,0.0348138159208808,0.0362941294094862,0.0132114198420366,0.0328299512402557,0.0349870562761253,0.0366896170171725,0.0216204796522763,0.016157451663033,0.0219547819034336,0.0166724049838339,0.0261417781465614,0.0290242584612724,0.0195622362035152,0.0325547068215645,0.046306509873593,0.0768140997665053,0.109226052866908,0.0228220108024255,0.0221373417633432,0.029584432793355,0.0127580352603551,0.0319615160918501,0.0103057208113021,0.0417323185783128,0.0293517302630882,0.048761620957174,0.0543285155166822,0.0236045363171638,0.0400563891317843,0.0277350816647097,0.0390992788242895,0.0501425873536649,0.0209498296128653,0.0322202978481348,0.030015418566033,0.0392113401138209,0.0300144752437424,0.0202271565313634,0.0188534892805297,0.0308347838034676,0.0307366332925975,0.0340696668628201,0.014305114291596,0.0292952785063875,0.036675202056649,0.0487656119162992,0.0186143289349195,0.0208730663995074,0.0149507547349209,0.0223204799452612,0.0178887143076443,0.0226155842895364,0.0466080758085812,0.0122142823649929,0.0299594857986032,0.0750479794748065,0.0652487968167033,0.0579823340553164,0.0206336996001526,0.0696262533647936
"SPEECH_345",NA,NA,NA,NA,NA,NA,NA,NA,NA,NA,NA,NA,NA,NA,NA,NA,NA,NA,NA,NA,NA,NA,NA,NA,NA,NA,NA,NA,NA,NA,NA,NA,NA,NA,NA,NA,NA,NA,NA,NA,NA,NA,NA,NA,NA,NA,NA,NA,NA,NA,NA,NA,NA,NA,NA,NA,NA,NA,NA,NA,0.0425016184734407,0.0325470880615665,0.0123620287884323,0.0236940362141765,0.028135349277679,0.0320241138443473,0.0349908997198306,0.0134670566525059,0.0226778742866419,0.0134741098473069,0.0298276219655413,0.0441456737692919,0.02511384316903,0.0558737098471926,0.0132626558469382,0.0753129433713606,0.0778820748178096,0.0204906585955904,0.038811518282944,0.0226610067548572,0.0371008357478424,0.0369965570620238,0.0335162981408437,0.0201542973299343,0.0471412556874327,0.0361440108613303,0.0283254431780034,0.0551653266328525,0.0241757513573732,0.0220243424158802,0.0237672460333375,0.0543398538539146,0.0168270902642769,0.038329966467808,0.0690021924620693,0.0438235164591784,0.0197024832107444,0.026289130570177,0.039654991683224,0.0453332667763218,0.019758413547359,0.0467275916295508,0.0181113368396194,0.0648109232170096,0.0219237343941979,0.0180460847802357,0.0214054902550986,0.0167804816504315,0.0256967491175495,0.0300696730411751,0.0527752385399016,0.031149956937471,0.0213868468095604,0.0312420589432884,0.0637638902131406,0.0424704182944274,0.0318418220601861,0.0233298421187876,0.0214532140908177,0.0201864957391398
"SPEECH_393",NA,NA,NA,NA,NA,NA,NA,NA,NA,NA,NA,NA,NA,NA,NA,NA,NA,NA,NA,NA,NA,NA,NA,NA,NA,NA,NA,NA,NA,NA,NA,NA,NA,NA,NA,NA,NA,NA,NA,NA,NA,NA,NA,NA,NA,NA,NA,NA,NA,NA,NA,NA,NA,NA,NA,NA,NA,NA,NA,NA,0.0307773780719092,0.0426418477092479,0.0142872258159594,0.0154429947504423,0.0236712364044681,0.0213010892770595,0.0206100051282864,0.0192929464598726,0.0226806185784985,0.0667791638587535,0.0306878165904074,0.0199084295485661,0.0209585739380779,0.0510732070353827,0.0185422072555997,0.0711476239235988,0.0654713846636399,0.0251338397620978,0.0289950533803635,0.0181103379382451,0.0159345097792336,0.0280224174556969,0.0113023644605815,0.0156990899270682,0.0802772318993872,0.0761373587790814,0.0571556167815993,0.0291099103133484,0.041001624117212,0.0178468963963155,0.0476263242414512,0.031298418897714,0.0147332637133348,0.0291171900468028,0.0381704781269906,0.0458779495302969,0.0351191961179508,0.0201170636566486,0.0236918519003238,0.0183543532271428,0.0229603572202633,0.0650270849583227,0.0216268923406434,0.0534361584338972,0.0265437491007882,0.0479456692568662,0.0350976436899744,0.0199817835556472,0.0228901775573784,0.0196715914822503,0.0270396794548636,0.0168842819215029,0.0411255707174788,0.0492047653258385,0.0203318102874711,0.01736679264982,0.0437061306755721,0.0531851038584844,0.0774498276014286,0.0144188404528526
"SPEECH_547",NA,NA,NA,NA,NA,NA,NA,NA,NA,NA,NA,NA,NA,NA,NA,NA,NA,NA,NA,NA,NA,NA,NA,NA,NA,NA,NA,NA,NA,NA,NA,NA,NA,NA,NA,NA,NA,NA,NA,NA,NA,NA,NA,NA,NA,NA,NA,NA,NA,NA,NA,NA,NA,NA,NA,NA,NA,NA,NA,NA,0.0256483378234827,0.0368455256725627,0.0179720852166889,0.0404966694421156,0.0468694117022347,0.0289698788963629,0.0298216203911919,0.0143704910353752,0.0333472276477426,0.035258653531816,0.0623118938032633,0.0272790604842797,0.0209537282016329,0.0504331672717111,0.0731720940273766,0.0541150269110396,0.0243374544621986,0.0193632130483694,0.0201846995151995,0.0314081193236872,0.0396017510460504,0.0321693032493445,0.0283197923556679,0.0225294401951695,0.0347656354078087,0.0251071995312379,0.0517270515497507,0.0207801449237129,0.0329819580934319,0.0188593652394945,0.0368864017111155,0.0374234204991396,0.0247103341839693,0.014246712586619,0.0787548433582523,0.0323024867572319,0.0348492021369236,0.0218916508237982,0.041258541014333,0.0302212082062055,0.0178111365649378,0.0374874493184634,0.02137063752294,0.0261354846322172,0.0308261198878896,0.0439802302793229,0.0265552890435468,0.0254511961242347,0.0162303111106772,0.0371322581269592,0.0236939051805174,0.0325750155428913,0.0305490747338286,0.0352424494471927,0.0215824695290637,0.0624734563635428,0.0733460826751162,0.036251886817306,0.027811984222524,0.0209487615992407
"SPEECH_449",NA,NA,NA,NA,NA,NA,NA,NA,NA,NA,NA,NA,NA,NA,NA,NA,NA,NA,NA,NA,NA,NA,NA,NA,NA,NA,NA,NA,NA,NA,NA,NA,NA,NA,NA,NA,NA,NA,NA,NA,NA,NA,NA,NA,NA,NA,NA,NA,NA,NA,NA,NA,NA,NA,NA,NA,NA,NA,NA,NA,0.0258892206875075,0.046639996890265,0.0155113388598944,0.0269129094875223,0.0535827339101446,0.0386166980301692,0.0366505993071933,0.0241414239405721,0.0282582937362355,0.027589664699353,0.0270519956691182,0.0443193810890684,0.0248784742155502,0.0417594556716058,0.0385970850944572,0.0421556981671421,0.0313990496605036,0.0234712043446481,0.0229149677449616,0.0318000215474152,0.038174030007649,0.0287643316726988,0.0149546905452913,0.0511733588178307,0.0652443773350523,0.0265899369003677,0.0217007057499586,0.0472819743648375,0.0334428908620389,0.020533490990948,0.023043959066149,0.0375315172829635,0.0157946813663535,0.0206724037753887,0.0188151085737685,0.0475315776813491,0.0318055876385022,0.0256999348769127,0.0241865105805168,0.035597742181487,0.0342002042344517,0.0412940085368845,0.0110589322994315,0.105983841034222,0.0292548297745149,0.0490144389082465,0.0158078522630388,0.0238376044038171,0.0193723132486539,0.0174119569323565,0.0298169352867206,0.037904651948656,0.012126345060061,0.0246911148057094,0.073987953080841,0.0717036715291443,0.0496414823598451,0.0375781026690125,0.0164650933393243,0.018169645261678
"SPEECH_257",NA,NA,NA,NA,NA,NA,NA,NA,NA,NA,NA,NA,NA,NA,NA,NA,NA,NA,NA,NA,NA,NA,NA,NA,NA,NA,NA,NA,NA,NA,NA,NA,NA,NA,NA,NA,NA,NA,NA,NA,NA,NA,NA,NA,NA,NA,NA,NA,NA,NA,NA,NA,NA,NA,NA,NA,NA,NA,NA,NA,0.0168553670248608,0.0361253169217733,0.0147800377991685,0.0235037794593556,0.0435583701114657,0.0474793337646779,0.0430752682978797,0.0226258500192553,0.0162169224797324,0.0319525052059718,0.0290776058077663,0.0301324883834763,0.0169984663750286,0.0485527879419487,0.0223304318128474,0.0494605673190253,0.0624898321747103,0.019657450610893,0.0325870082330721,0.0273470611986154,0.0162459451498944,0.0458454715933713,0.0195360463038453,0.0219751394215137,0.0725142346024535,0.0482405202083422,0.0404200635565407,0.0361409525962914,0.0263539148389311,0.0379212607872922,0.0345550433811088,0.0396701582854008,0.013945963264245,0.0253471527203627,0.0418437150508361,0.033392927292785,0.0317033647472791,0.0130323697522099,0.0289676506689164,0.0220785531527383,0.046291680507521,0.0172354463791417,0.018650982914393,0.0437564721799586,0.0315165997775123,0.0556825260726845,0.0516886308329538,0.0234744255070632,0.0228069568707683,0.023607608823724,0.0148483216077023,0.0370371440652896,0.0298392557638005,0.0341043063206913,0.0764779532293518,0.0490156088286743,0.0375117635286547,0.033317178983202,0.0379798755184172,0.030620363972614
"SPEECH_454",NA,NA,NA,NA,NA,NA,NA,NA,NA,NA,NA,NA,NA,NA,NA,NA,NA,NA,NA,NA,NA,NA,NA,NA,NA,NA,NA,NA,NA,NA,NA,NA,NA,NA,NA,NA,NA,NA,NA,NA,NA,NA,NA,NA,NA,NA,NA,NA,NA,NA,NA,NA,NA,NA,NA,NA,NA,NA,NA,NA,0.023043959066149,0.0375315172829635,0.0157946813663535,0.0206724037753887,0.0188151085737685,0.0475315776813491,0.0318055876385022,0.0256999348769127,0.0241865105805168,0.035597742181487,0.0342002042344517,0.0412940085368845,0.0110589322994315,0.105983841034222,0.0292548297745149,0.0490144389082465,0.0158078522630388,0.0238376044038171,0.0193723132486539,0.0174119569323565,0.0298169352867206,0.037904651948656,0.012126345060061,0.0246911148057094,0.073987953080841,0.0717036715291443,0.0496414823598451,0.0375781026690125,0.0164650933393243,0.018169645261678,0.026503361520094,0.0338102696230118,0.0186016204512894,0.0152505722283291,0.0514995673500906,0.0286041045088935,0.0225407915367348,0.0158295697949916,0.0240764389851736,0.0210509946415669,0.0303470542783827,0.0626789221581638,0.0185534476202395,0.0768272711450613,0.021726150555924,0.0399462041887804,0.0220597676849762,0.0205187686144187,0.0101703048380883,0.0250021238883343,0.0150918643781955,0.0230165250436702,0.0141511831407387,0.0206632988757927,0.0690199721607196,0.098286031315331,0.0611262604124815,0.0147726400983877,0.0271838808216607,0.0710910381404778
"SPEECH_437",NA,NA,NA,NA,NA,NA,NA,NA,NA,NA,NA,NA,NA,NA,NA,NA,NA,NA,NA,NA,NA,NA,NA,NA,NA,NA,NA,NA,NA,NA,NA,NA,NA,NA,NA,NA,NA,NA,NA,NA,NA,NA,NA,NA,NA,NA,NA,NA,NA,NA,NA,NA,NA,NA,NA,NA,NA,NA,NA,NA,0.0545260805129732,0.0339202249649701,0.01210646284334,0.0361332366721854,0.020012662515895,0.0457873035374662,0.0381932526734442,0.0136721750976791,0.0222589668831496,0.0201921607741048,0.0727561479537905,0.0205202656963435,0.0135247210919259,0.0550251144763814,0.00952716572477817,0.0854912813927047,0.0753525742610719,0.0151994348621828,0.0190027156136022,0.0117825066520048,0.0279287570591078,0.0238960716080773,0.0346545874589091,0.0301194187595185,0.0783373148754099,0.0249745364000037,0.0110632391083002,0.0372116076170954,0.0282000930017748,0.0286299199118098,0.0264557504371984,0.0269008600208075,0.0191922306992891,0.019565211608088,0.0407702166484431,0.0476826125603443,0.0393519940144352,0.0191745632269379,0.0286646063467435,0.0674067419482842,0.0443273656949799,0.0185950926404927,0.0107226877681352,0.0503331061348769,0.0164186256736206,0.0618221003019304,0.0598004144271267,0.0124902266994407,0.0307958156067158,0.0197579417836407,0.0187619588608151,0.0243636518358311,0.0150745296162483,0.046082305356397,0.0412384141007294,0.0758719088661623,0.0210963470348521,0.0505101897685997,0.0272385848172471,0.0195339455015871
"SPEECH_463",NA,NA,NA,NA,NA,NA,NA,NA,NA,NA,NA,NA,NA,NA,NA,NA,NA,NA,NA,NA,NA,NA,NA,NA,NA,NA,NA,NA,NA,NA,NA,NA,NA,NA,NA,NA,NA,NA,NA,NA,NA,NA,NA,NA,NA,NA,NA,NA,NA,NA,NA,NA,NA,NA,NA,NA,NA,NA,NA,NA,0.0224213310111985,0.0292084705299212,0.00960639432577227,0.0164370939443537,0.0509080879649172,0.0363472976350614,0.0777540964162001,0.0132871972338654,0.0212429859671835,0.00969875751876378,0.0294807838462206,0.0532390754831423,0.0246628126983404,0.126300683205981,0.0145299632598022,0.0476799728129035,0.06013578913789,0.0170762210370865,0.0139980461309412,0.0163849629630048,0.0388815234529227,0.0155404404986121,0.00812511140674353,0.0370879175589327,0.0610366150097939,0.0266259220371816,0.017008461322946,0.0324208796457422,0.0572328222951345,0.0156402836494408,0.0237039223254966,0.034450544560827,0.0161924195222069,0.0745949892615776,0.0414352551965292,0.0608179795609017,0.0364253313109405,0.0198107704698137,0.0221002350589543,0.0624484763301108,0.0495781636723761,0.0260178684363276,0.0167107792031586,0.0361772552235806,0.0172687610660385,0.0539058013540679,0.0316376762368036,0.0151604351863477,0.0305485094024163,0.0180385380264983,0.0233772563795622,0.0324475872874999,0.0262087136429549,0.0271939510874049,0.0570121506229932,0.0408274134753124,0.0176058389278056,0.0383260619686926,0.0145387473270724,0.0354385678757286
"SPEECH_587",NA,NA,NA,NA,NA,NA,NA,NA,NA,NA,NA,NA,NA,NA,NA,NA,NA,NA,NA,NA,NA,NA,NA,NA,NA,NA,NA,NA,NA,NA,NA,NA,NA,NA,NA,NA,NA,NA,NA,NA,NA,NA,NA,NA,NA,NA,NA,NA,NA,NA,NA,NA,NA,NA,NA,NA,NA,NA,NA,NA,0.0264557504371984,0.0269008600208075,0.0191922306992891,0.019565211608088,0.0407702166484431,0.0476826125603443,0.0393519940144352,0.0191745632269379,0.0286646063467435,0.0674067419482842,0.0443273656949799,0.0185950926404927,0.0107226877681352,0.0503331061348769,0.0164186256736206,0.0618221003019304,0.0598004144271267,0.0124902266994407,0.0307958156067158,0.0197579417836407,0.0187619588608151,0.0243636518358311,0.0150745296162483,0.046082305356397,0.0412384141007294,0.0758719088661623,0.0210963470348521,0.0505101897685997,0.0272385848172471,0.0195339455015871,0.0236323395658879,0.0612718126372022,0.0146882888642469,0.0669284567381618,0.053810751680938,0.0498071462770399,0.0265548352257648,0.0195309642889976,0.0205029220317041,0.0150667929455,0.0310525838599116,0.00614071159754402,0.0132449452892885,0.0461897819432769,0.0436374854501089,0.0438793005648785,0.0152819448404365,0.0187263900280376,0.0461200263055058,0.0277797015454982,0.0137699320024762,0.0359458246226797,0.00950967300777166,0.0316887203271615,0.0824417738226161,0.0827007061515933,0.0231689276282737,0.0270894589561101,0.0255510064595462,0.0242867953418417
"SPEECH_337",NA,NA,NA,NA,NA,NA,NA,NA,NA,NA,NA,NA,NA,NA,NA,NA,NA,NA,NA,NA,NA,NA,NA,NA,NA,NA,NA,NA,NA,NA,NA,NA,NA,NA,NA,NA,NA,NA,NA,NA,NA,NA,NA,NA,NA,NA,NA,NA,NA,NA,NA,NA,NA,NA,NA,NA,NA,NA,NA,NA,0.0236323395658879,0.0612718126372022,0.0146882888642469,0.0669284567381618,0.053810751680938,0.0498071462770399,0.0265548352257648,0.0195309642889976,0.0205029220317041,0.0150667929455,0.0310525838599116,0.00614071159754402,0.0132449452892885,0.0461897819432769,0.0436374854501089,0.0438793005648785,0.0152819448404365,0.0187263900280376,0.0461200263055058,0.0277797015454982,0.0137699320024762,0.0359458246226797,0.00950967300777166,0.0316887203271615,0.0824417738226161,0.0827007061515933,0.0231689276282737,0.0270894589561101,0.0255510064595462,0.0242867953418417,0.0306894910091591,0.04668265532813,0.0124855882912929,0.0414453699714798,0.0471676844533396,0.0390855042629522,0.0257986843794289,0.015665043614678,0.0203293401502108,0.0138817450503613,0.0494281648245116,0.0456248576593572,0.0176398138438145,0.047771397485175,0.0308031950970573,0.0445929224422188,0.0210125576716761,0.0199646668885261,0.0183238917259921,0.0205825811157761,0.0234125798521129,0.0301232478388609,0.0225712711713229,0.0315714386903155,0.0825944879928295,0.0731461043976276,0.0374345821923848,0.0335842191085885,0.0323297713578155,0.0242571421330042
"SPEECH_451",NA,NA,NA,NA,NA,NA,NA,NA,NA,NA,NA,NA,NA,NA,NA,NA,NA,NA,NA,NA,NA,NA,NA,NA,NA,NA,NA,NA,NA,NA,NA,NA,NA,NA,NA,NA,NA,NA,NA,NA,NA,NA,NA,NA,NA,NA,NA,NA,NA,NA,NA,NA,NA,NA,NA,NA,NA,NA,NA,NA,0.0236323395658879,0.0612718126372022,0.0146882888642469,0.0669284567381618,0.053810751680938,0.0498071462770399,0.0265548352257648,0.0195309642889976,0.0205029220317041,0.0150667929455,0.0310525838599116,0.00614071159754402,0.0132449452892885,0.0461897819432769,0.0436374854501089,0.0438793005648785,0.0152819448404365,0.0187263900280376,0.0461200263055058,0.0277797015454982,0.0137699320024762,0.0359458246226797,0.00950967300777166,0.0316887203271615,0.0824417738226161,0.0827007061515933,0.0231689276282737,0.0270894589561101,0.0255510064595462,0.0242867953418417,0.0306894910091591,0.04668265532813,0.0124855882912929,0.0414453699714798,0.0471676844533396,0.0390855042629522,0.0257986843794289,0.015665043614678,0.0203293401502108,0.0138817450503613,0.0494281648245116,0.0456248576593572,0.0176398138438145,0.047771397485175,0.0308031950970573,0.0445929224422188,0.0210125576716761,0.0199646668885261,0.0183238917259921,0.0205825811157761,0.0234125798521129,0.0301232478388609,0.0225712711713229,0.0315714386903155,0.0825944879928295,0.0731461043976276,0.0374345821923848,0.0335842191085885,0.0323297713578155,0.0242571421330042
"SPEECH_351",NA,NA,NA,NA,NA,NA,NA,NA,NA,NA,NA,NA,NA,NA,NA,NA,NA,NA,NA,NA,NA,NA,NA,NA,NA,NA,NA,NA,NA,NA,NA,NA,NA,NA,NA,NA,NA,NA,NA,NA,NA,NA,NA,NA,NA,NA,NA,NA,NA,NA,NA,NA,NA,NA,NA,NA,NA,NA,NA,NA,0.0299231851229029,0.0414859099674751,0.0104804847681125,0.0643995506529717,0.0314561469658493,0.05317492556544,0.0421433129300229,0.0115477688073919,0.0168807524728718,0.0113463839412706,0.0429612093359835,0.0166383537669652,0.0135545971563151,0.0381400823297306,0.0178068695828766,0.0815186938224937,0.0795976032943425,0.0168295251510096,0.0398876472052492,0.0183306431789013,0.0197044570299816,0.0387062578252136,0.0202832033583871,0.0202334898117812,0.0486614217837912,0.0473091548758276,0.0298656470827581,0.0473937154779468,0.0318587289108962,0.0178802778252405,0.0233790222032568,0.0459593491562257,0.0156094835065548,0.0505063450944671,0.0302248607409745,0.0324166783554997,0.0521531723511595,0.0171399201481487,0.0432346627043006,0.0339787816193376,0.0353195274239045,0.0251311975081789,0.0172061519775563,0.0484237107569397,0.0311170117714175,0.057625842462838,0.0344588987537274,0.0137867109673927,0.0191701318834091,0.0151081571347196,0.0214349043911911,0.036889145088489,0.0302487385537228,0.0223455395957424,0.0687050795023119,0.0835977583996487,0.020772964282952,0.037132796933157,0.024112534081502,0.0128109226512747
"SPEECH_332",NA,NA,NA,NA,NA,NA,NA,NA,NA,NA,NA,NA,NA,NA,NA,NA,NA,NA,NA,NA,NA,NA,NA,NA,NA,NA,NA,NA,NA,NA,NA,NA,NA,NA,NA,NA,NA,NA,NA,NA,NA,NA,NA,NA,NA,NA,NA,NA,NA,NA,NA,NA,NA,NA,NA,NA,NA,NA,NA,NA,0.0437503348843191,0.0490757685624697,0.0155387886137608,0.0241469045878842,0.0453206601182691,0.0524693960092622,0.0188824145495261,0.0200429772848896,0.0272241159961875,0.0403398825507393,0.0387365567309433,0.0137664787022117,0.019909168709171,0.0232299160755119,0.0224645680053636,0.0607479092303049,0.0500997374798728,0.0181025478259484,0.0426403155746974,0.0200008927441909,0.0231852807700138,0.0452209664841178,0.020683480872369,0.0210056554597658,0.0407652891406128,0.0662344540347112,0.028300302025037,0.0641249172737074,0.0276548188077647,0.0163355008963771,0.0179905072971684,0.0325148357825358,0.0241791531716123,0.0279122931406132,0.091908148795455,0.0208327588407186,0.032915390401775,0.0144419995278814,0.0220397002026663,0.0430377090829542,0.030553449405565,0.0180526578264324,0.0195773836243044,0.0209738875532759,0.0217752653404099,0.0283692315845646,0.0633800816477817,0.021345697235936,0.0286660513221049,0.0218124743260897,0.0472060557481588,0.0254394436422086,0.0159157038712967,0.0376666592418582,0.0252876090224226,0.087154920596479,0.0214911483030461,0.0389225336565094,0.0475947944590592,0.0510424553491164
"SPEECH_459",NA,NA,NA,NA,NA,NA,NA,NA,NA,NA,NA,NA,NA,NA,NA,NA,NA,NA,NA,NA,NA,NA,NA,NA,NA,NA,NA,NA,NA,NA,NA,NA,NA,NA,NA,NA,NA,NA,NA,NA,NA,NA,NA,NA,NA,NA,NA,NA,NA,NA,NA,NA,NA,NA,NA,NA,NA,NA,NA,NA,0.0274218101083481,0.0247462413132512,0.0140559706786464,0.0256006068303984,0.048983534927021,0.054177890555588,0.0480857226059439,0.015866112519615,0.0309563853969945,0.0130981297446594,0.0303363323358704,0.0309636254039632,0.0140556351389316,0.0710983059304857,0.0258898020573563,0.0388438957112517,0.0588214425854557,0.011081495962107,0.0294103285260569,0.0275490346984101,0.0283531040910679,0.0247055183621396,0.0139182925007691,0.0304252827231768,0.0369078572555407,0.0609711349980648,0.028214404416465,0.0576438733896745,0.0542414307549424,0.0235767984778045,0.0211587296714392,0.0536911580943843,0.0185668184349772,0.0276343638476111,0.0703409591278115,0.0456729029371803,0.0406533335500887,0.0155528020209295,0.0400314366666155,0.0173495118224933,0.0170588177128533,0.0202699213130373,0.0203429855835035,0.0283662567406258,0.0251621864543014,0.032844381642326,0.0438602530228598,0.0185959657393184,0.0200170244494477,0.0355778451572173,0.0332270286011835,0.0340669850577248,0.0276266227720159,0.0567327054589152,0.0263195544958084,0.0571768492686801,0.0564414671050874,0.0324647931824028,0.0253336083085781,0.0378627317605828
"SPEECH_239",NA,NA,NA,NA,NA,NA,NA,NA,NA,NA,NA,NA,NA,NA,NA,NA,NA,NA,NA,NA,NA,NA,NA,NA,NA,NA,NA,NA,NA,NA,NA,NA,NA,NA,NA,NA,NA,NA,NA,NA,NA,NA,NA,NA,NA,NA,NA,NA,NA,NA,NA,NA,NA,NA,NA,NA,NA,NA,NA,NA,0.0305442509671392,0.0339548968171455,0.020992107848914,0.0286281982536394,0.0759881949517951,0.0392961929723318,0.0238289477786623,0.0222039841909352,0.0423274129907615,0.0364898432461288,0.0281113421786575,0.0632917043144638,0.0205871536362411,0.0334070239397335,0.0194892488500227,0.0217987581794004,0.0140406563018042,0.0164352847886521,0.0240498350975284,0.0323600420927073,0.0414323516048827,0.0243921843434387,0.0142435868033413,0.024524352251,0.0106663404228912,0.0644640607442907,0.0707533643300228,0.0264738532519808,0.0550323983881648,0.0401924284633233,0.0297867621151212,0.0207696479066534,0.0193284680334447,0.0258569292963367,0.0452910094411785,0.0195525148406852,0.0194282120509569,0.0180386161085016,0.0307210408922082,0.028484689511253,0.0347370216241479,0.0171731825432547,0.0468886489208533,0.0208457758900378,0.0331597317999369,0.0301416632967945,0.0863140362263462,0.0171419441601739,0.0469444091060293,0.0324326226274841,0.0470716205542682,0.022463503838117,0.0225713590317392,0.0249386442044244,0.0183583323466647,0.0667734975369022,0.0466663277282476,0.0435959896355315,0.0303384976986807,0.0541853010340264
"SPEECH_372",NA,NA,NA,NA,NA,NA,NA,NA,NA,NA,NA,NA,NA,NA,NA,NA,NA,NA,NA,NA,NA,NA,NA,NA,NA,NA,NA,NA,NA,NA,NA,NA,NA,NA,NA,NA,NA,NA,NA,NA,NA,NA,NA,NA,NA,NA,NA,NA,NA,NA,NA,NA,NA,NA,NA,NA,NA,NA,NA,NA,0.0305442509671392,0.0339548968171455,0.020992107848914,0.0286281982536394,0.0759881949517951,0.0392961929723318,0.0238289477786623,0.0222039841909352,0.0423274129907615,0.0364898432461288,0.0281113421786575,0.0632917043144638,0.0205871536362411,0.0334070239397335,0.0194892488500227,0.0217987581794004,0.0140406563018042,0.0164352847886521,0.0240498350975284,0.0323600420927073,0.0414323516048827,0.0243921843434387,0.0142435868033413,0.024524352251,0.0106663404228912,0.0644640607442907,0.0707533643300228,0.0264738532519808,0.0550323983881648,0.0401924284633233,0.0297867621151212,0.0207696479066534,0.0193284680334447,0.0258569292963367,0.0452910094411785,0.0195525148406852,0.0194282120509569,0.0180386161085016,0.0307210408922082,0.028484689511253,0.0347370216241479,0.0171731825432547,0.0468886489208533,0.0208457758900378,0.0331597317999369,0.0301416632967945,0.0863140362263462,0.0171419441601739,0.0469444091060293,0.0324326226274841,0.0470716205542682,0.022463503838117,0.0225713590317392,0.0249386442044244,0.0183583323466647,0.0667734975369022,0.0466663277282476,0.0435959896355315,0.0303384976986807,0.0541853010340264
"SPEECH_231",NA,NA,NA,NA,NA,NA,NA,NA,NA,NA,NA,NA,NA,NA,NA,NA,NA,NA,NA,NA,NA,NA,NA,NA,NA,NA,NA,NA,NA,NA,NA,NA,NA,NA,NA,NA,NA,NA,NA,NA,NA,NA,NA,NA,NA,NA,NA,NA,NA,NA,NA,NA,NA,NA,NA,NA,NA,NA,NA,NA,0.0280048094547013,0.0585195293709033,0.00991247705065973,0.0383451113286162,0.0362352496342444,0.029369082585852,0.0234570070984805,0.0152249006616284,0.02132435979325,0.121350079153888,0.0460092143596858,0.059667286799502,0.0123845933944114,0.0693446021977906,0.0145203398775394,0.0556847434611169,0.0165035251859528,0.014495746496803,0.0196723194857483,0.0111686739604692,0.0717535754292622,0.0147727808293406,0.011799827012667,0.0264945968865229,0.0581742614865628,0.0238086957649483,0.0390173267980543,0.0159719593178364,0.0136000165125382,0.0234133086110243,0.020527391184109,0.0375805014445399,0.0114623814411278,0.0581791933542617,0.0324881138469918,0.0360017454928265,0.0463080776126916,0.0214334540397485,0.0750361863000247,0.0394336034434376,0.0492697150902757,0.0439107556995944,0.0168198738233284,0.028566181057888,0.0174388610144266,0.0442813680952989,0.0337917700119192,0.0169619258915923,0.013375295777144,0.0206423311950689,0.0135213262828887,0.0230976900337827,0.0202853023947068,0.0181321090710407,0.0536977160284342,0.0532257331409797,0.0618322712556032,0.03373434220966,0.0279540353600117,0.0310107484065967
"SPEECH_237",NA,NA,NA,NA,NA,NA,NA,NA,NA,NA,NA,NA,NA,NA,NA,NA,NA,NA,NA,NA,NA,NA,NA,NA,NA,NA,NA,NA,NA,NA,NA,NA,NA,NA,NA,NA,NA,NA,NA,NA,NA,NA,NA,NA,NA,NA,NA,NA,NA,NA,NA,NA,NA,NA,NA,NA,NA,NA,NA,NA,0.020527391184109,0.0375805014445399,0.0114623814411278,0.0581791933542617,0.0324881138469918,0.0360017454928265,0.0463080776126916,0.0214334540397485,0.0750361863000247,0.0394336034434376,0.0492697150902757,0.0439107556995944,0.0168198738233284,0.028566181057888,0.0174388610144266,0.0442813680952989,0.0337917700119192,0.0169619258915923,0.013375295777144,0.0206423311950689,0.0135213262828887,0.0230976900337827,0.0202853023947068,0.0181321090710407,0.0536977160284342,0.0532257331409797,0.0618322712556032,0.03373434220966,0.0279540353600117,0.0310107484065967,0.0319174362128288,0.0205839533760415,0.0196546967123083,0.0336613488305364,0.0576423503849508,0.0308889273413429,0.0326959877457763,0.0193368973621639,0.0316594133597361,0.024500751290605,0.0309806472391833,0.0268002495969687,0.0229240190604227,0.0322921950182083,0.0427458772370131,0.0260595257813249,0.0204932590476534,0.0237928738368222,0.0208831242066001,0.0439069200356233,0.0382600355306987,0.024841617106645,0.0265986705299952,0.0281339545818101,0.0260137176774289,0.0729922751152703,0.0647454396985066,0.0457456058175971,0.0332911395601833,0.0459570907057547
"SPEECH_236",NA,NA,NA,NA,NA,NA,NA,NA,NA,NA,NA,NA,NA,NA,NA,NA,NA,NA,NA,NA,NA,NA,NA,NA,NA,NA,NA,NA,NA,NA,NA,NA,NA,NA,NA,NA,NA,NA,NA,NA,NA,NA,NA,NA,NA,NA,NA,NA,NA,NA,NA,NA,NA,NA,NA,NA,NA,NA,NA,NA,0.024466608458095,0.0334025462480186,0.0219211186506447,0.0149383742820886,0.0333827053810024,0.05890761735827,0.0166540577646128,0.0217030995940304,0.0264396763632159,0.0485873082622735,0.0244320523532008,0.0228429723781907,0.01899245207178,0.0188353705199151,0.0324880692031177,0.0737960489952871,0.0672683268842149,0.0142744444422053,0.0325793862381898,0.0140384268202584,0.0312278529588351,0.042879286895026,0.0137329997451401,0.0254832910699709,0.0752869887103615,0.0690185907195404,0.0348211038177005,0.042960413907704,0.0330552664111099,0.0115835434959997,0.0147796521660158,0.0201723438898764,0.0104073686054206,0.0147238313634418,0.0636502620755867,0.0785405827938296,0.0419698645510334,0.0111907735122021,0.0238822054568808,0.021406191211386,0.0413024799875449,0.0170299992215577,0.0174220260259221,0.0266715427429713,0.0678171017294394,0.114902289269172,0.0430805395902799,0.010156191211386,0.0287457347846958,0.0114404264566602,0.0205534562839758,0.0487018987506,0.0524654079686547,0.0312742776703816,0.0362909006577838,0.0379993869766597,0.0344358076987947,0.0302165853626893,0.0122111816754674,0.0165596903096903
"SPEECH_428",NA,NA,NA,NA,NA,NA,NA,NA,NA,NA,NA,NA,NA,NA,NA,NA,NA,NA,NA,NA,NA,NA,NA,NA,NA,NA,NA,NA,NA,NA,NA,NA,NA,NA,NA,NA,NA,NA,NA,NA,NA,NA,NA,NA,NA,NA,NA,NA,NA,NA,NA,NA,NA,NA,NA,NA,NA,NA,NA,NA,0.0299330288193341,0.0357868845207326,0.0177264525251383,0.0291120617574167,0.0586444016835579,0.0386693098602866,0.0381534639418872,0.0291980982705408,0.0442394342522991,0.0249951165056443,0.0306715387066755,0.0170261499053061,0.0190621372543228,0.0601055647999911,0.0352489606728585,0.0356622198091805,0.0164019637623318,0.0261344586302306,0.0280325733439557,0.0302955284976891,0.0204399872613458,0.0126807907249215,0.0274475764959351,0.0190739680343431,0.0417620208754405,0.0553849017070428,0.0884349364626908,0.0400982391622958,0.0245803236016844,0.0249979081549204,0.0217764663201832,0.0288188079913639,0.0229645565836539,0.0547511153528157,0.0960363822458741,0.0329765913401123,0.0312658307828623,0.0261496685143681,0.0359530454724,0.0183801430985424,0.0266271513821667,0.0185206610485773,0.0247376200738739,0.0455150835104615,0.0249355667543508,0.0372345767604645,0.021981275121442,0.0289766995010232,0.0319717132497592,0.027825952639376,0.0210063710331657,0.0177674169478584,0.0136841869481502,0.0315827309351603,0.0367125046316831,0.0709804652866748,0.0487728509689857,0.0238122051755146,0.0154149360814765,0.0628674242476597
"SPEECH_228",NA,NA,NA,NA,NA,NA,NA,NA,NA,NA,NA,NA,NA,NA,NA,NA,NA,NA,NA,NA,NA,NA,NA,NA,NA,NA,NA,NA,NA,NA,NA,NA,NA,NA,NA,NA,NA,NA,NA,NA,NA,NA,NA,NA,NA,NA,NA,NA,NA,NA,NA,NA,NA,NA,NA,NA,NA,NA,NA,NA,0.0561455794612387,0.0267516917097093,0.0189755535029527,0.0341148909215022,0.0254145471242452,0.0249697000131249,0.0419630786447966,0.0156134693441869,0.0390669648866621,0.0172265063019603,0.0415722593098776,0.0383302681868946,0.0154064291117583,0.0244545249429451,0.0179684555164831,0.0539115260063952,0.0340189353269528,0.0199134301245932,0.0280853378404493,0.022336838689262,0.0253268895100042,0.0368938271817656,0.0463860797450361,0.0265801536572552,0.0252189227312366,0.0415679303701286,0.0781931333202129,0.0566981612668695,0.0394628639807029,0.0274320512707983,0.0253328321321173,0.025240089266075,0.0184629720703367,0.0457865033671326,0.0317545900538585,0.0733591730085392,0.0348417441774889,0.0257747460705646,0.0388017681409258,0.0533406695117771,0.0237820265576041,0.0452589247445145,0.0159796348813085,0.0437665655392269,0.0281166429120146,0.0292670503523945,0.0264500061108408,0.0193399966137211,0.0201476290082861,0.0291002683269241,0.0345034739698387,0.0245491081164158,0.0254387885413617,0.020655360166924,0.0541997155139507,0.0642756384232985,0.0521988635803564,0.0315092283143797,0.0207859788487965,0.0179800116790273
"SPEECH_401",NA,NA,NA,NA,NA,NA,NA,NA,NA,NA,NA,NA,NA,NA,NA,NA,NA,NA,NA,NA,NA,NA,NA,NA,NA,NA,NA,NA,NA,NA,NA,NA,NA,NA,NA,NA,NA,NA,NA,NA,NA,NA,NA,NA,NA,NA,NA,NA,NA,NA,NA,NA,NA,NA,NA,NA,NA,NA,NA,NA,0.0227241179090025,0.0707600970931401,0.0123116574969519,0.0773763850399884,0.0445090232414984,0.0353874410844762,0.0227975469210784,0.0161239088671081,0.0450573635038358,0.0169121670252941,0.0368589440470134,0.0122977475697701,0.0141655314984472,0.0142297228915444,0.0179475638558765,0.0375973790323305,0.0178146552708236,0.0117810318780856,0.0211763266086055,0.0314245872510992,0.0125689201234049,0.0233378079591391,0.0292253370431017,0.0311854758328003,0.0202590423716231,0.0785227604027148,0.0568585715101382,0.100531066376167,0.024204534315825,0.0440532859791158,0.0186526011119366,0.01955486219175,0.0141413229164479,0.0182041909298549,0.159803221406059,0.0394017767755067,0.0248135042924974,0.0180483824354288,0.0583987212506184,0.0422129012372483,0.0135389132778937,0.0210595329101176,0.024132464608936,0.018650792073983,0.0188011734545483,0.0225642036284852,0.0151108059360408,0.0127870335786456,0.0244025151053509,0.0500486588237838,0.0348459044961087,0.0361179512342303,0.0399613151563425,0.0218732074352844,0.0150408636384363,0.110007344346906,0.0530896597043682,0.0205297723252037,0.0164632862358895,0.0177431174820979
"SPEECH_280",NA,NA,NA,NA,NA,NA,NA,NA,NA,NA,NA,NA,NA,NA,NA,NA,NA,NA,NA,NA,NA,NA,NA,NA,NA,NA,NA,NA,NA,NA,NA,NA,NA,NA,NA,NA,NA,NA,NA,NA,NA,NA,NA,NA,NA,NA,NA,NA,NA,NA,NA,NA,NA,NA,NA,NA,NA,NA,NA,NA,0.0476163006477676,0.0300458798145963,0.0270063023320468,0.0698258380446151,0.0449368050019957,0.0389318040517702,0.0394974532772583,0.0198930182859044,0.0329453056099377,0.0333412738498568,0.0294641415548518,0.0253468257023602,0.0240458475662476,0.0372904712526566,0.0180247115914671,0.0399370927182227,0.0174188735881172,0.0326192592837569,0.0223142157354198,0.0317710280577831,0.0230985083148386,0.0372855722564548,0.0196818064509717,0.0585959355179384,0.0318712503857368,0.0191786290067657,0.0184062974785099,0.0910549114375852,0.0190794635061971,0.0194751776783697,0.0389348269641453,0.0301002841543286,0.0159149506400681,0.0672479668070596,0.070902446045452,0.0271936681302779,0.0253972147683741,0.0173176916038097,0.0372482187205718,0.0354781615832164,0.02375458987587,0.0253877047106346,0.0314084283166859,0.023012503499848,0.0167863864937744,0.0270693390856619,0.0195098983267832,0.0204266097634365,0.0187706098759618,0.033780850746552,0.0312131933600899,0.0365358966855926,0.0299297621029875,0.0374997533476537,0.0260505832048687,0.0697596180398435,0.0270685595267924,0.0581588565315088,0.0625601706684937,0.0155812564196577
"SPEECH_623",NA,NA,NA,NA,NA,NA,NA,NA,NA,NA,NA,NA,NA,NA,NA,NA,NA,NA,NA,NA,NA,NA,NA,NA,NA,NA,NA,NA,NA,NA,NA,NA,NA,NA,NA,NA,NA,NA,NA,NA,NA,NA,NA,NA,NA,NA,NA,NA,NA,NA,NA,NA,NA,NA,NA,NA,NA,NA,NA,NA,0.0279163303679885,0.0274923521529982,0.0190096156764594,0.0341948875242228,0.0557651892987252,0.0254601284735517,0.0356246521515126,0.0231639998787937,0.0391520760676146,0.0251561938155764,0.0184608754210124,0.024604055141554,0.0178797431667078,0.027496717361081,0.0511390873632438,0.0208764181794473,0.0207200407977878,0.0274143696196592,0.030740987059959,0.0276407446035611,0.0856294830654756,0.0173706859896642,0.0311240911317898,0.0414819308269845,0.0521209815575583,0.0716298722374273,0.0506798204002413,0.0174116944678397,0.0239229730326427,0.02872000316892,0.0585283023560987,0.0253149589596298,0.0158165928654459,0.0362240671111014,0.0755053511173728,0.0302097067210201,0.0832771118656901,0.0157756908392506,0.032112017831237,0.0153258289821195,0.0529625520164407,0.0245338827045865,0.0288300120843146,0.0386558356350298,0.0252234123205873,0.0250363625425197,0.0172192876342626,0.0188524233977603,0.0314146563265361,0.0228336152012097,0.0339136267389734,0.0158925208884584,0.023638628795701,0.0393626462619657,0.0561346337024087,0.0209751407705872,0.028102268003179,0.0258587246979306,0.0450304889141793,0.0374396527144036
"SPEECH_642",NA,NA,NA,NA,NA,NA,NA,NA,NA,NA,NA,NA,NA,NA,NA,NA,NA,NA,NA,NA,NA,NA,NA,NA,NA,NA,NA,NA,NA,NA,NA,NA,NA,NA,NA,NA,NA,NA,NA,NA,NA,NA,NA,NA,NA,NA,NA,NA,NA,NA,NA,NA,NA,NA,NA,NA,NA,NA,NA,NA,0.0267472965093339,0.041347132958565,0.023806732052237,0.0352845199916219,0.058153337521696,0.0649924040731635,0.0175300141258533,0.0143086264769382,0.0227566006300911,0.0197836953848607,0.0185801137016096,0.0263626264709753,0.0121952690394478,0.0521925469094845,0.0404503097931922,0.0170704780420306,0.0352933346955828,0.0297327144526328,0.0243638108948554,0.0630720814186723,0.0411584113313907,0.0221779474254141,0.0273149178190262,0.0324142983429644,0.0865292206277507,0.0287561332782272,0.0334683630489267,0.0343610743406235,0.0271784154253205,0.0226175732175121,0.042611966323464,0.028274071987184,0.015484341301515,0.0305000805013759,0.0609915174796858,0.0299930151346668,0.0211929206354941,0.0105085707873758,0.0415072895592098,0.0282992654071124,0.0223856213133675,0.0328659558903655,0.0219730411763529,0.0336036208456316,0.0217451797630584,0.0396433369476858,0.0136217053182791,0.0157392087153455,0.0175726629692432,0.0279690890701872,0.0186891790718607,0.0263979987466939,0.0210685321087169,0.0490364658409544,0.0429376545738029,0.0730382380237997,0.0427232392864056,0.0517541308485742,0.0896865438993778,0.0281855564732138
"SPEECH_638",NA,NA,NA,NA,NA,NA,NA,NA,NA,NA,NA,NA,NA,NA,NA,NA,NA,NA,NA,NA,NA,NA,NA,NA,NA,NA,NA,NA,NA,NA,NA,NA,NA,NA,NA,NA,NA,NA,NA,NA,NA,NA,NA,NA,NA,NA,NA,NA,NA,NA,NA,NA,NA,NA,NA,NA,NA,NA,NA,NA,0.0159817351598174,0.00570776255707763,0.0091324200913242,0.00570776255707763,0.0194063926940639,0.0331050228310502,0.0707762557077626,0.00570776255707763,0.0194063926940639,0.0228310502283105,0.135844748858447,0.0159817351598174,0.0125570776255708,0.128995433789954,0.00570776255707763,0.166666666666667,0.115296803652968,0.0194063926940639,0.0091324200913242,0.00570776255707763,0.0091324200913242,0.0091324200913242,0.00570776255707763,0.00570776255707763,0.0296803652968037,0.00570776255707763,0.0125570776255708,0.0296803652968037,0.0536529680365297,0.0159817351598174,0.036487619201359,0.0292217173825942,0.01622730256674,0.0302801129288172,0.0381317607377399,0.0314787941286985,0.0311891331243231,0.0147024131339532,0.0186811558393,0.0150583798631787,0.0551280600979322,0.0413825913589603,0.0228865653268631,0.0521768689356275,0.0239713552019687,0.0755704798522578,0.0618713041270786,0.0185527229103364,0.0297458804271979,0.0151141590800603,0.0218257939978368,0.0215410821236309,0.0251848203655213,0.0199965145534207,0.0726950690043104,0.0147545113108299,0.024805550412203,0.0781822905410938,0.0418877467062021,0.0212682447599644
"SPEECH_376",NA,NA,NA,NA,NA,NA,NA,NA,NA,NA,NA,NA,NA,NA,NA,NA,NA,NA,NA,NA,NA,NA,NA,NA,NA,NA,NA,NA,NA,NA,NA,NA,NA,NA,NA,NA,NA,NA,NA,NA,NA,NA,NA,NA,NA,NA,NA,NA,NA,NA,NA,NA,NA,NA,NA,NA,NA,NA,NA,NA,0.0354865306598955,0.0181719347400986,0.0181719347400986,0.016968012141377,0.071293377696057,0.0175699734407378,0.0502115985173511,0.0221602019671366,0.0850925196275866,0.0137393106266235,0.0423926684761988,0.0299813209584683,0.03801914601757,0.0305832822578292,0.0214312815573651,0.0299813209584683,0.0420424364474798,0.016081487318682,0.0500868283571199,0.0265928260806117,0.0277310801739486,0.0140238741499577,0.0263695531623034,0.0186141026763564,0.0188986661996906,0.0309597816887021,0.0250715057058635,0.0920884044012492,0.0408056795960657,0.0293793596591075,0.0405338161246852,0.0316887976023575,0.0156793401662943,0.0472240554758441,0.0324580518589968,0.0245763997972634,0.0341716552670802,0.0155644136005991,0.0265187870272711,0.0507515239219055,0.0397465839972607,0.0371369295680867,0.020693283806279,0.0439843718178289,0.0307776794754854,0.0535743099120372,0.0181886861523045,0.0194300422129271,0.0221262047765356,0.0293329831197356,0.0324246189921993,0.0268364760641838,0.0208659794479148,0.0411872751560155,0.0138108567098745,0.0475841796857492,0.0486289464503208,0.0285202822029727,0.0562106343090462,0.0497728353009453
"SPEECH_444",NA,NA,NA,NA,NA,NA,NA,NA,NA,NA,NA,NA,NA,NA,NA,NA,NA,NA,NA,NA,NA,NA,NA,NA,NA,NA,NA,NA,NA,NA,NA,NA,NA,NA,NA,NA,NA,NA,NA,NA,NA,NA,NA,NA,NA,NA,NA,NA,NA,NA,NA,NA,NA,NA,NA,NA,NA,NA,NA,NA,0.0167015972931657,0.0119374268995349,0.0160644375301354,0.0324332163725891,0.0467057686204078,0.0467456864865555,0.0723064367509291,0.0140997244450349,0.0194538653401407,0.208224706266546,0.0308109171872846,0.0129197834420851,0.0147341013283413,0.0461557159850806,0.014341715287266,0.0213769549231337,0.0212681832263969,0.0202414203020153,0.0257403906365174,0.0137517447857911,0.0159140423312912,0.0129197834420851,0.0172443785330852,0.024262442115603,0.0985543189196123,0.0282978571028167,0.0149316857887409,0.0280886623485151,0.0406112620249829,0.0131617742843161,0.026833510192701,0.0223714223892165,0.0127909568279162,0.0446450555643535,0.0176060515497828,0.0228947826749732,0.0348202412260521,0.0121098214795036,0.0438982233837,0.0152886904796147,0.0282716750085354,0.0241665947319842,0.0147719803709975,0.0497757671632763,0.0177335423084669,0.0303882822367242,0.0785404257159636,0.0268697290069949,0.0124901114177794,0.0179904266938454,0.027886611552543,0.0217833264629185,0.0149820315158943,0.0305424717065033,0.0697602787816011,0.0816574980651618,0.0335166500005113,0.0703541464405956,0.0376234844524734,0.0576362105994166
"SPEECH_481",NA,NA,NA,NA,NA,NA,NA,NA,NA,NA,NA,NA,NA,NA,NA,NA,NA,NA,NA,NA,NA,NA,NA,NA,NA,NA,NA,NA,NA,NA,NA,NA,NA,NA,NA,NA,NA,NA,NA,NA,NA,NA,NA,NA,NA,NA,NA,NA,NA,NA,NA,NA,NA,NA,NA,NA,NA,NA,NA,NA,0.040057918776272,0.0380975543909938,0.0196938827370086,0.0173760421606995,0.0370860942191226,0.0355371440200577,0.0583106942640951,0.0210981777850199,0.0544346588990317,0.0308064480099546,0.0378804477651088,0.0365767544372362,0.0185633510829049,0.0605681097318617,0.0196907451960127,0.0286061314472065,0.0390888681949476,0.0163219771167962,0.0203999781992763,0.0276779399073774,0.0211523185036753,0.028028618204802,0.0274843071734684,0.0221011502530288,0.0423192803892043,0.0669155554224909,0.0372766717383344,0.0473147870750849,0.0313636735031923,0.0181707193957349,0.0562309549003966,0.0236185527856724,0.0147938708816065,0.0567357114865333,0.0199437582232294,0.0824140744968619,0.051753786524031,0.0224092039961045,0.0204601697513222,0.0103418236893141,0.0310699918830591,0.0650591496003012,0.0140784920949145,0.0295251184147272,0.0142429606331648,0.052876854879712,0.0761089714614797,0.0186125632782537,0.0247194655772915,0.0138883428710361,0.00987096804410528,0.0198551273595538,0.0279374407173028,0.0306803260257973,0.0463367850101704,0.0118722381179666,0.0328026641269,0.0641621582132625,0.0355689304732375,0.0220295444826923
"SPEECH_407",NA,NA,NA,NA,NA,NA,NA,NA,NA,NA,NA,NA,NA,NA,NA,NA,NA,NA,NA,NA,NA,NA,NA,NA,NA,NA,NA,NA,NA,NA,NA,NA,NA,NA,NA,NA,NA,NA,NA,NA,NA,NA,NA,NA,NA,NA,NA,NA,NA,NA,NA,NA,NA,NA,NA,NA,NA,NA,NA,NA,0.0263579418989039,0.030292408146321,0.0183746740974687,0.0407943951579724,0.0309937034944265,0.0567832541527183,0.0231025198854692,0.0230299363043668,0.0391196710442171,0.0332605151539296,0.0365326617296362,0.0134782080374126,0.0155188094712142,0.0456208382347377,0.0279808625282459,0.0515844037319215,0.0534078439335231,0.0246591889368358,0.0372399435828361,0.016623899531578,0.0181151989981807,0.0202821157839029,0.0216733349164788,0.027074839027324,0.0486563160471892,0.0669509297361257,0.0418420543869337,0.0563708884043699,0.0308206061903352,0.0234580374554251,0.0269208448848041,0.0294140141827729,0.0166039590811698,0.044978509065093,0.0536740444625909,0.0254791350933255,0.0321210882410453,0.0164172207764002,0.0308333192659878,0.0137973867051025,0.0429951095349596,0.121473225202349,0.023712370680516,0.03090133619401,0.028414391313039,0.0355477145074228,0.0178585595350359,0.0235854675015143,0.0231522754991878,0.0411085815464091,0.0378174714930136,0.0209646004616764,0.0124971817995708,0.0467392207290553,0.0197311747903037,0.053023580115232,0.070597737271098,0.0172347560472755,0.0196171720330275,0.0227885519870114
"SPEECH_646",NA,NA,NA,NA,NA,NA,NA,NA,NA,NA,NA,NA,NA,NA,NA,NA,NA,NA,NA,NA,NA,NA,NA,NA,NA,NA,NA,NA,NA,NA,NA,NA,NA,NA,NA,NA,NA,NA,NA,NA,NA,NA,NA,NA,NA,NA,NA,NA,NA,NA,NA,NA,NA,NA,NA,NA,NA,NA,NA,NA,0.0180738768126923,0.0367687950016334,0.0173337578448463,0.0227627718625144,0.0762062621972722,0.038880414349836,0.0311044370471255,0.013191946490255,0.0309866633043617,0.0359300748664295,0.0563210570736339,0.0145459701124851,0.0197836548990484,0.0159616982036829,0.0223823507842251,0.0235529599989783,0.0958744497507413,0.0175678482105156,0.0733605611075393,0.0413486507670519,0.0281610025141297,0.0192298214185415,0.0159490359022662,0.0182692387944448,0.021749780844265,0.0703337140940264,0.028928988307347,0.0476308034793525,0.0279928793419625,0.0198165346187963,0.0296435495828048,0.0313619383010592,0.0121749348327355,0.0232204585042427,0.0914558511654001,0.0347142749827356,0.0231496910366641,0.0137974786984514,0.0546493402281418,0.0163159463633397,0.0267589896190378,0.0594608438652124,0.0300006782880894,0.0317377525942773,0.0275277467482566,0.0251008584129962,0.0153015504805695,0.0175918690226768,0.0330764002464673,0.0409038599699845,0.0504519262278054,0.0230063286772482,0.0240972246666869,0.0357774890915852,0.0209547020716674,0.0549541409823035,0.0433161359530066,0.0320947672175623,0.0405851861487702,0.0368180860202215
"SPEECH_243",NA,NA,NA,NA,NA,NA,NA,NA,NA,NA,NA,NA,NA,NA,NA,NA,NA,NA,NA,NA,NA,NA,NA,NA,NA,NA,NA,NA,NA,NA,NA,NA,NA,NA,NA,NA,NA,NA,NA,NA,NA,NA,NA,NA,NA,NA,NA,NA,NA,NA,NA,NA,NA,NA,NA,NA,NA,NA,NA,NA,0.0241137172325837,0.0211398757622939,0.0230944259551428,0.0322283564119129,0.0921438192011229,0.0158264244149041,0.0211398757622939,0.0172076398845174,0.0598526658041781,0.0209473459201684,0.0229637884978088,0.0402423463137377,0.0417972109365387,0.0185888553541306,0.0530905085360715,0.0248795817979449,0.0197586602926806,0.0181849149809418,0.0158264244149041,0.0388887802459454,0.0209284652312306,0.0183774448230674,0.0183774448230674,0.0475943802160091,0.0213512862933571,0.0311979576435802,0.0288118176757214,0.0403928599748468,0.0718998749724279,0.0791532506268698,0.023346136857959,0.0287633735430461,0.0167176215591505,0.0559421642970955,0.0494554637556359,0.0735668948488571,0.0463401986882856,0.0235748750639718,0.0156865627444307,0.0321526719122527,0.0554745324031137,0.0255167514884266,0.012526710359712,0.0710565278437369,0.0516717195027503,0.0474133403550185,0.0351098263312565,0.0213717935726527,0.0121888009701732,0.0213762266940403,0.0291300736173521,0.0432849273996909,0.0272405101251606,0.0143559792291934,0.0581332089972353,0.0187466119621362,0.0267081794587104,0.0166875653233382,0.0308079675585337,0.0156527835370836
"SPEECH_375",NA,NA,NA,NA,NA,NA,NA,NA,NA,NA,NA,NA,NA,NA,NA,NA,NA,NA,NA,NA,NA,NA,NA,NA,NA,NA,NA,NA,NA,NA,NA,NA,NA,NA,NA,NA,NA,NA,NA,NA,NA,NA,NA,NA,NA,NA,NA,NA,NA,NA,NA,NA,NA,NA,NA,NA,NA,NA,NA,NA,0.0583048025432334,0.0260114669013503,0.015988816102948,0.0195407585965602,0.0418808273099786,0.0305531789428821,0.0383101184798954,0.0169418098788004,0.0363950682726544,0.0171645817861713,0.0664228860111476,0.0239017457597008,0.0100510994507764,0.0245326142928365,0.0184539028522762,0.073243347793807,0.0853638018169412,0.0138181806753174,0.0226014352503161,0.0268540244400765,0.0231503838848125,0.0497809988230427,0.0592009486439502,0.0131520341836176,0.0237981200381093,0.0351750025468912,0.0174117633000788,0.0719078368677286,0.0285649038543589,0.0115235406997404,0.0209151136805298,0.0299206407982258,0.00815040711871932,0.0596423169263162,0.0406287558565881,0.0349162901227268,0.016796601176023,0.00892381724048455,0.0671616462309371,0.0403707163630222,0.0216206743170604,0.0162929515424206,0.0227012766865365,0.0343797647916526,0.0316832847247127,0.0230760298200792,0.108585335590584,0.0143565762171299,0.0191982586409409,0.0371913014638144,0.0291988499454743,0.0254094645626779,0.0181236399066191,0.0383089000432043,0.0175673545475897,0.0835859911391339,0.0157178752371346,0.0509839841873822,0.0240792947183405,0.0405128864039391
"SPEECH_254",NA,NA,NA,NA,NA,NA,NA,NA,NA,NA,NA,NA,NA,NA,NA,NA,NA,NA,NA,NA,NA,NA,NA,NA,NA,NA,NA,NA,NA,NA,NA,NA,NA,NA,NA,NA,NA,NA,NA,NA,NA,NA,NA,NA,NA,NA,NA,NA,NA,NA,NA,NA,NA,NA,NA,NA,NA,NA,NA,NA,0.0472010472919509,0.0269358221595061,0.0152684877498987,0.0170611988900675,0.0466915665285318,0.0476723247731854,0.0412770582385002,0.0225844079987268,0.0995410028726962,0.0192934525043082,0.0637153302305205,0.0158928138628054,0.0131969477131215,0.0509858385890403,0.0171406854145898,0.0199399155663095,0.021654626925624,0.0129277982667434,0.0197290885400639,0.019634000957943,0.0236754575200648,0.0192318613514668,0.0503043773324101,0.0424654685557525,0.0221040609226241,0.0751930848267662,0.0166167306167895,0.0672568739197043,0.0313785106547474,0.0134301592255412,0.015480275619247,0.0446516946075275,0.0121264475798481,0.0119508534445865,0.0231163235728727,0.0213473098088621,0.0207568742403804,0.00798420164219293,0.0343491938349898,0.0444109643084434,0.0206964696563101,0.0108853549246384,0.0179936257868432,0.0117202912763798,0.0193158333971656,0.0587657413039714,0.120151595980395,0.015252529977527,0.110671508345676,0.00812750397378241,0.0352882383773031,0.0297282177511255,0.0114465507662267,0.0130653989097464,0.0746944174850627,0.0893424688699533,0.0209931609944723,0.0522667051069068,0.0316859660816626,0.0117342823759009
"SPEECH_399",NA,NA,NA,NA,NA,NA,NA,NA,NA,NA,NA,NA,NA,NA,NA,NA,NA,NA,NA,NA,NA,NA,NA,NA,NA,NA,NA,NA,NA,NA,NA,NA,NA,NA,NA,NA,NA,NA,NA,NA,NA,NA,NA,NA,NA,NA,NA,NA,NA,NA,NA,NA,NA,NA,NA,NA,NA,NA,NA,NA,0.0333437490431318,0.0357204943167957,0.00834740914736017,0.0182195963615315,0.0256702713563894,0.0372849505251824,0.0385900639569932,0.0150305716086987,0.0146005223413602,0.0155337865165839,0.0538663953456221,0.0201674895111055,0.0118079893569346,0.0336607257610107,0.0248241786292408,0.0848588042272316,0.158083073850958,0.018740370284155,0.0630231443903149,0.0197515592213275,0.0183840150163602,0.0371556848866315,0.0110149804087631,0.0156363478412302,0.0360440421483214,0.0242731497048494,0.0118800823720908,0.0331386876908421,0.0544530569458909,0.0268948072330929,0.0250099283970293,0.0300831328612584,0.0156557788818084,0.0396550351751599,0.0482316690671819,0.0368172627634739,0.0358032645300729,0.0175662786212931,0.0675719403980894,0.0270201830303045,0.0365022255243586,0.0265431806340912,0.0281345416670493,0.0454593442964787,0.0243297564062514,0.0437454515802097,0.0311129473045126,0.0195566448097253,0.0185024785269139,0.0305639636223645,0.0439762826628011,0.0223352203521959,0.0422408266885675,0.0370055170110742,0.0587959593492791,0.0434386628892264,0.0246788212816013,0.0368465255227462,0.0266901754629678,0.0161270006819135
"SPEECH_242",NA,NA,NA,NA,NA,NA,NA,NA,NA,NA,NA,NA,NA,NA,NA,NA,NA,NA,NA,NA,NA,NA,NA,NA,NA,NA,NA,NA,NA,NA,NA,NA,NA,NA,NA,NA,NA,NA,NA,NA,NA,NA,NA,NA,NA,NA,NA,NA,NA,NA,NA,NA,NA,NA,NA,NA,NA,NA,NA,NA,0.02062212356685,0.0309806861227751,0.0185250539670778,0.0390211969988122,0.0378013116169366,0.0355931490009332,0.040137006295101,0.0198430500120441,0.0719207995533886,0.0180133060857277,0.0316556256299637,0.113592706024185,0.0184903990354397,0.0600624993820219,0.0175972846701797,0.056449381464293,0.0164400671046704,0.022364973911265,0.0187732906398018,0.0211831135318297,0.0216325310305314,0.0254073620710466,0.0271647524175487,0.0180463779531024,0.0612063827253742,0.0560862810413223,0.0262588094881142,0.0215895709320214,0.0175008203401166,0.0160400873875262,0.0260640993432858,0.0395324213892353,0.0163764055483411,0.0257372588946897,0.0750397074323304,0.0507947005877243,0.0289204850614343,0.0181644856809281,0.0298294605265547,0.0202614713383266,0.0252405669601257,0.060782181049261,0.0204947380412599,0.0260258334275212,0.0442660420775016,0.0243838386090837,0.0655177021763013,0.0179925544861097,0.0329504720384421,0.0345087803267572,0.0163210395293153,0.021139898166754,0.0146457286228997,0.0502522735628587,0.0570801681172054,0.0225880681426744,0.0407321207193154,0.0316640745990736,0.0274724775772148,0.0352209459674752
"SPEECH_382",NA,NA,NA,NA,NA,NA,NA,NA,NA,NA,NA,NA,NA,NA,NA,NA,NA,NA,NA,NA,NA,NA,NA,NA,NA,NA,NA,NA,NA,NA,NA,NA,NA,NA,NA,NA,NA,NA,NA,NA,NA,NA,NA,NA,NA,NA,NA,NA,NA,NA,NA,NA,NA,NA,NA,NA,NA,NA,NA,NA,0.02062212356685,0.0309806861227751,0.0185250539670778,0.0390211969988122,0.0378013116169366,0.0355931490009332,0.040137006295101,0.0198430500120441,0.0719207995533886,0.0180133060857277,0.0316556256299637,0.113592706024185,0.0184903990354397,0.0600624993820219,0.0175972846701797,0.056449381464293,0.0164400671046704,0.022364973911265,0.0187732906398018,0.0211831135318297,0.0216325310305314,0.0254073620710466,0.0271647524175487,0.0180463779531024,0.0612063827253742,0.0560862810413223,0.0262588094881142,0.0215895709320214,0.0175008203401166,0.0160400873875262,0.0260640993432858,0.0395324213892353,0.0163764055483411,0.0257372588946897,0.0750397074323304,0.0507947005877243,0.0289204850614343,0.0181644856809281,0.0298294605265547,0.0202614713383266,0.0252405669601257,0.060782181049261,0.0204947380412599,0.0260258334275212,0.0442660420775016,0.0243838386090837,0.0655177021763013,0.0179925544861097,0.0329504720384421,0.0345087803267572,0.0163210395293153,0.021139898166754,0.0146457286228997,0.0502522735628587,0.0570801681172054,0.0225880681426744,0.0407321207193154,0.0316640745990736,0.0274724775772148,0.0352209459674752
"SPEECH_630",NA,NA,NA,NA,NA,NA,NA,NA,NA,NA,NA,NA,NA,NA,NA,NA,NA,NA,NA,NA,NA,NA,NA,NA,NA,NA,NA,NA,NA,NA,NA,NA,NA,NA,NA,NA,NA,NA,NA,NA,NA,NA,NA,NA,NA,NA,NA,NA,NA,NA,NA,NA,NA,NA,NA,NA,NA,NA,NA,NA,0.02062212356685,0.0309806861227751,0.0185250539670778,0.0390211969988122,0.0378013116169366,0.0355931490009332,0.040137006295101,0.0198430500120441,0.0719207995533886,0.0180133060857277,0.0316556256299637,0.113592706024185,0.0184903990354397,0.0600624993820219,0.0175972846701797,0.056449381464293,0.0164400671046704,0.022364973911265,0.0187732906398018,0.0211831135318297,0.0216325310305314,0.0254073620710466,0.0271647524175487,0.0180463779531024,0.0612063827253742,0.0560862810413223,0.0262588094881142,0.0215895709320214,0.0175008203401166,0.0160400873875262,0.0260640993432858,0.0395324213892353,0.0163764055483411,0.0257372588946897,0.0750397074323304,0.0507947005877243,0.0289204850614343,0.0181644856809281,0.0298294605265547,0.0202614713383266,0.0252405669601257,0.060782181049261,0.0204947380412599,0.0260258334275212,0.0442660420775016,0.0243838386090837,0.0655177021763013,0.0179925544861097,0.0329504720384421,0.0345087803267572,0.0163210395293153,0.021139898166754,0.0146457286228997,0.0502522735628587,0.0570801681172054,0.0225880681426744,0.0407321207193154,0.0316640745990736,0.0274724775772148,0.0352209459674752
"SPEECH_247",NA,NA,NA,NA,NA,NA,NA,NA,NA,NA,NA,NA,NA,NA,NA,NA,NA,NA,NA,NA,NA,NA,NA,NA,NA,NA,NA,NA,NA,NA,NA,NA,NA,NA,NA,NA,NA,NA,NA,NA,NA,NA,NA,NA,NA,NA,NA,NA,NA,NA,NA,NA,NA,NA,NA,NA,NA,NA,NA,NA,0.0214476395150666,0.0402791141616343,0.0241514003971729,0.0590400150534494,0.0495991255041997,0.0278347284840136,0.0279553556749014,0.0153349682016283,0.0706073523878545,0.011129989140896,0.0218404124054991,0.0259550362575235,0.0150101394228169,0.020363474227972,0.05720079042516,0.0250637100379898,0.077800922622492,0.0235280708043674,0.0236020381438049,0.0345235485295503,0.0379113654837368,0.0319606106402594,0.0154427309203931,0.0226379102778461,0.0346311583385419,0.0617033895852281,0.0247749655030117,0.0501325182602993,0.0279645210084321,0.0205729985842592,0.0398972282462733,0.0318504117678839,0.0167680534780992,0.0317320106725223,0.0481272100599433,0.0408835529382007,0.026567521266937,0.0217776141641728,0.032425103257664,0.0406200157439316,0.0332228107898398,0.0550596497791066,0.0169279261161511,0.0731401514306308,0.0482923143265778,0.0389586180017961,0.0184803483813995,0.0256272125871394,0.0154201270920488,0.0283049404736763,0.0196429331329225,0.0372758784586678,0.0337350925466464,0.0210193570652185,0.0418697798540155,0.0209050530471325,0.068514845682822,0.0315280839637666,0.0222148891672965,0.0192112665075172
"SPEECH_639",NA,NA,NA,NA,NA,NA,NA,NA,NA,NA,NA,NA,NA,NA,NA,NA,NA,NA,NA,NA,NA,NA,NA,NA,NA,NA,NA,NA,NA,NA,NA,NA,NA,NA,NA,NA,NA,NA,NA,NA,NA,NA,NA,NA,NA,NA,NA,NA,NA,NA,NA,NA,NA,NA,NA,NA,NA,NA,NA,NA,0.0125768243831658,0.0245136367256577,0.00860669714731848,0.0204921848847332,0.0297288460563789,0.0383279715670022,0.05696711968624,0.0148440704995632,0.0131026965039989,0.14160616289633,0.0537306285875732,0.0452755151447369,0.0102515431735032,0.124933786306691,0.00714932422949931,0.0434803832988951,0.0253572888210446,0.0170291570403666,0.0221195891874871,0.00791150998154308,0.0168453973460913,0.0123405107519552,0.0094614663772345,0.0307088800432454,0.152905363322252,0.00485047365478667,0.016227325335898,0.0179131483204292,0.0145286960409198,0.0062138026854585,0.0268881419105859,0.0350670539815694,0.0176894292133964,0.0282597668173768,0.0235164788456921,0.052901086965281,0.027855322580699,0.0189622729073784,0.0152954848501031,0.0204360251342645,0.0350611707538579,0.0219476274768465,0.0202355273193508,0.0306977157295334,0.017536307432569,0.0456502476525587,0.0373449388788364,0.0264239001980583,0.0193530261667451,0.0143349693691388,0.0426889882817892,0.0244506269513306,0.0179207599797562,0.0684939773851088,0.123078180411087,0.0300333728666522,0.0214072913189394,0.0772470462896042,0.0366844737503275,0.0225387885815629
"SPEECH_253",NA,NA,NA,NA,NA,NA,NA,NA,NA,NA,NA,NA,NA,NA,NA,NA,NA,NA,NA,NA,NA,NA,NA,NA,NA,NA,NA,NA,NA,NA,NA,NA,NA,NA,NA,NA,NA,NA,NA,NA,NA,NA,NA,NA,NA,NA,NA,NA,NA,NA,NA,NA,NA,NA,NA,NA,NA,NA,NA,NA,0.0126714914659049,0.0339185222686953,0.0224985965648188,0.0439583776793138,0.0374566879628139,0.0436707625789813,0.0519247989868952,0.0110009177200133,0.0118244524738032,0.00899110518661553,0.0533980287764325,0.0188082194097692,0.0164973754157953,0.199498475337994,0.0127801543198423,0.109587535314052,0.025993333457033,0.0205943127697475,0.0302667361064203,0.019859396501213,0.0150635481084886,0.013701731984604,0.0129178856526834,0.0324647251541821,0.0502972591566472,0.0119952156261116,0.0202584708727609,0.0151368344379203,0.0189322144195303,0.024032834290917,0.0286712946569385,0.0664387460737931,0.0134260572024731,0.0402117784975726,0.0557116222204144,0.0217657398729078,0.0231112031945327,0.0139425844361119,0.0311428298690967,0.0392555835157228,0.0479091606336775,0.049065444989656,0.0242852455573678,0.0297880907536721,0.0285575891608315,0.0364124200377801,0.0180398597256,0.0190546276138757,0.0305232770383294,0.0413977695165697,0.0239990659356094,0.0381929141197468,0.0198420027500352,0.0380237196218921,0.0223749751136539,0.0794535441781127,0.0201870602064882,0.0294890034466312,0.0330516356677348,0.0366751543931722
"SPEECH_408",NA,NA,NA,NA,NA,NA,NA,NA,NA,NA,NA,NA,NA,NA,NA,NA,NA,NA,NA,NA,NA,NA,NA,NA,NA,NA,NA,NA,NA,NA,NA,NA,NA,NA,NA,NA,NA,NA,NA,NA,NA,NA,NA,NA,NA,NA,NA,NA,NA,NA,NA,NA,NA,NA,NA,NA,NA,NA,NA,NA,0.0366631604660339,0.0153330235294896,0.00992820714069151,0.00542709929862257,0.0230935873475212,0.0385199764189596,0.0949753685972988,0.0101839188838174,0.00542709929862257,0.195966244112697,0.04912823919453,0.027311093611313,0.0132016080342297,0.0223125072005678,0.0304458841211301,0.0499107722491147,0.0871017925310312,0.0067739446729279,0.0281067327914387,0.00708399815715393,0.0331570097613175,0.00999649379936719,0.0140390819670822,0.00600680944355011,0.0739345999342697,0.00599286452597453,0.0123153343790773,0.0197539518401063,0.0552702639111849,0.0126393327808789,0.0241589641426006,0.0404626250764953,0.015782153375176,0.0311013716454537,0.0432249005095114,0.070063619232203,0.0207033386067326,0.0204971001523799,0.0388852797110769,0.0213991731756038,0.0336437996499404,0.0344813967203034,0.0196597780354829,0.0682919986706891,0.032595795689194,0.0278949654575007,0.0585981276714546,0.0271406006120884,0.0209259972727018,0.0194080865336841,0.0183779118531993,0.023403141899113,0.0129707479391691,0.0402747395350467,0.0499224153688341,0.0543384426479137,0.0413266097113397,0.0399186733614969,0.0335375089082253,0.0170107368353894
"SPEECH_450",NA,NA,NA,NA,NA,NA,NA,NA,NA,NA,NA,NA,NA,NA,NA,NA,NA,NA,NA,NA,NA,NA,NA,NA,NA,NA,NA,NA,NA,NA,NA,NA,NA,NA,NA,NA,NA,NA,NA,NA,NA,NA,NA,NA,NA,NA,NA,NA,NA,NA,NA,NA,NA,NA,NA,NA,NA,NA,NA,NA,0.0292091260195339,0.0554143908211264,0.0129745026079833,0.028185141215954,0.0319925009069873,0.0107887965588436,0.042540013611128,0.0109242207434277,0.0361907807064703,0.0402038919763193,0.0634785946668242,0.0577158518249669,0.0203970363528799,0.0319744771371459,0.0185404309951958,0.0560403043684406,0.057041477206466,0.0204490248767205,0.0331751869389326,0.0209050950130312,0.0127603335970099,0.0611797840158201,0.0231223080214208,0.0139442763097668,0.0326182170081194,0.0448973816154853,0.0277251408501736,0.0581544095450662,0.0234410870276527,0.0240162174611078,0.0333319927158395,0.0331404378527232,0.0181202915999772,0.041482427400796,0.0406029517653501,0.068841809300516,0.0542737598095105,0.0148427422569303,0.0451967870831035,0.0447102704126299,0.0265142303617966,0.0149306495684917,0.0208101767004168,0.031723350078674,0.0215443657492861,0.0440630130025362,0.0122707635774577,0.0183388961407669,0.0178640265625692,0.0202711378451166,0.0204139307039167,0.0683714330060576,0.0190042690298794,0.0234704656174721,0.0467047745205104,0.0607574076212639,0.0175866708397111,0.0416607123489568,0.0578511291338836,0.0213051273938605
"SPEECH_328",NA,NA,NA,NA,NA,NA,NA,NA,NA,NA,NA,NA,NA,NA,NA,NA,NA,NA,NA,NA,NA,NA,NA,NA,NA,NA,NA,NA,NA,NA,NA,NA,NA,NA,NA,NA,NA,NA,NA,NA,NA,NA,NA,NA,NA,NA,NA,NA,NA,NA,NA,NA,NA,NA,NA,NA,NA,NA,NA,NA,0.0280652362662615,0.0451767244362735,0.014455817010205,0.0375464367763364,0.0289864283876439,0.0203799093388643,0.0721796755140807,0.00492191100066867,0.0125337434172075,0.00884201289358045,0.0920563773774661,0.015463443314884,0.00843256468714302,0.0621330875458105,0.00910404643415415,0.127477708046651,0.0617097441816767,0.0194365327529861,0.0243265757643217,0.0143780341119733,0.00759080829172602,0.00872041648226545,0.00881505913612159,0.0148733037458393,0.104022912977257,0.00866018602806302,0.0116709380602049,0.0283647394599077,0.0385532256193785,0.061122400941048,0.0297769533773115,0.06628867829318,0.0157016348225899,0.0409403045223067,0.0400139231532567,0.0201325169677328,0.022743884095229,0.0161511694751606,0.0611046950607562,0.0335210120230728,0.0246644996660481,0.0302971763032771,0.0206148066578024,0.0125853883239905,0.0491933003698273,0.0311688497548919,0.0754632526888424,0.0264121600588163,0.0197628874465456,0.0232275311771114,0.0157553573741165,0.022318645080316,0.0176523978979933,0.0799341192397319,0.0180477173160831,0.0936433039761324,0.035418545229904,0.0252504136525865,0.0178752548209865,0.0143396211744007
"SPEECH_445",NA,NA,NA,NA,NA,NA,NA,NA,NA,NA,NA,NA,NA,NA,NA,NA,NA,NA,NA,NA,NA,NA,NA,NA,NA,NA,NA,NA,NA,NA,NA,NA,NA,NA,NA,NA,NA,NA,NA,NA,NA,NA,NA,NA,NA,NA,NA,NA,NA,NA,NA,NA,NA,NA,NA,NA,NA,NA,NA,NA,0.0284751974891632,0.0390947182028807,0.0165298336216209,0.0409330466430187,0.0274672473474941,0.0564803853199968,0.0460029625220368,0.0182396071667588,0.0256817889000156,0.0135596250770018,0.0388002639452584,0.0245471299567016,0.0160249937473652,0.0709171276890298,0.0199570337370447,0.0876426814162608,0.0279568436751542,0.0245020955511622,0.0201247528813102,0.0272402092153055,0.0480343330152649,0.013128814899,0.0222429695894509,0.0244952641946947,0.0893946008369771,0.0149661002178865,0.0248029698954317,0.048192686726456,0.0247095679190577,0.0198551486012005,0.022601801025636,0.0563744644539447,0.0200834765887476,0.0238161075094718,0.042325993060001,0.036112691586785,0.0294101347729929,0.0173658116053517,0.0455172632490983,0.0226347337936361,0.0178488404678155,0.035284050282184,0.0362934939976773,0.0347426322743421,0.0265019523011893,0.0383979822575597,0.0483066115290704,0.0297679965865845,0.0208731677443263,0.0333400840157162,0.0318187751933491,0.0238079870246587,0.0317993827255694,0.0138289667535511,0.0498019084393315,0.0456213540745788,0.0604084003000048,0.0499141856461975,0.0285738138901942,0.0268259368504342
"SPEECH_262",NA,NA,NA,NA,NA,NA,NA,NA,NA,NA,NA,NA,NA,NA,NA,NA,NA,NA,NA,NA,NA,NA,NA,NA,NA,NA,NA,NA,NA,NA,NA,NA,NA,NA,NA,NA,NA,NA,NA,NA,NA,NA,NA,NA,NA,NA,NA,NA,NA,NA,NA,NA,NA,NA,NA,NA,NA,NA,NA,NA,0.0256115658141854,0.0502833195149501,0.022236207752236,0.0369031750449003,0.0696392745325166,0.0284152624137413,0.0429045655427853,0.0104611799657263,0.03940347769884,0.0417158918587271,0.0179750466258495,0.0257244042458423,0.0308116502110251,0.031657134587108,0.0161773600379977,0.028794523900607,0.0230540250155006,0.0231355792193908,0.0279690261711458,0.038447011372222,0.0295163615181014,0.0260352093503187,0.0339841171289804,0.0227251602252476,0.0461435056537845,0.092127382823472,0.0232774363322435,0.0525401759452494,0.026966760761347,0.0153642087359583,0.0200237839559387,0.0594446839589592,0.0189092478576728,0.0128176660413613,0.0306356370942004,0.0407375539161488,0.0208311235328036,0.0181989952948238,0.0694780996503622,0.0160159168893295,0.0175452797934949,0.0356139667871977,0.0187155476215966,0.0474707291113347,0.0169342555804836,0.0345469741039636,0.0365339421872324,0.0189724120029572,0.0227274152804121,0.0336045097701755,0.0345108884070185,0.0289236846482698,0.0472587084154456,0.0173077235184914,0.0640004763727357,0.0715807965786092,0.0684871129942893,0.0275044084266526,0.0249081691037341,0.0257602911043055
"SPEECH_347",NA,NA,NA,NA,NA,NA,NA,NA,NA,NA,NA,NA,NA,NA,NA,NA,NA,NA,NA,NA,NA,NA,NA,NA,NA,NA,NA,NA,NA,NA,NA,NA,NA,NA,NA,NA,NA,NA,NA,NA,NA,NA,NA,NA,NA,NA,NA,NA,NA,NA,NA,NA,NA,NA,NA,NA,NA,NA,NA,NA,0.0256115658141854,0.0502833195149501,0.022236207752236,0.0369031750449003,0.0696392745325166,0.0284152624137413,0.0429045655427853,0.0104611799657263,0.03940347769884,0.0417158918587271,0.0179750466258495,0.0257244042458423,0.0308116502110251,0.031657134587108,0.0161773600379977,0.028794523900607,0.0230540250155006,0.0231355792193908,0.0279690261711458,0.038447011372222,0.0295163615181014,0.0260352093503187,0.0339841171289804,0.0227251602252476,0.0461435056537845,0.092127382823472,0.0232774363322435,0.0525401759452494,0.026966760761347,0.0153642087359583,0.0200237839559387,0.0594446839589592,0.0189092478576728,0.0128176660413613,0.0306356370942004,0.0407375539161488,0.0208311235328036,0.0181989952948238,0.0694780996503622,0.0160159168893295,0.0175452797934949,0.0356139667871977,0.0187155476215966,0.0474707291113347,0.0169342555804836,0.0345469741039636,0.0365339421872324,0.0189724120029572,0.0227274152804121,0.0336045097701755,0.0345108884070185,0.0289236846482698,0.0472587084154456,0.0173077235184914,0.0640004763727357,0.0715807965786092,0.0684871129942893,0.0275044084266526,0.0249081691037341,0.0257602911043055
"SPEECH_433",NA,NA,NA,NA,NA,NA,NA,NA,NA,NA,NA,NA,NA,NA,NA,NA,NA,NA,NA,NA,NA,NA,NA,NA,NA,NA,NA,NA,NA,NA,NA,NA,NA,NA,NA,NA,NA,NA,NA,NA,NA,NA,NA,NA,NA,NA,NA,NA,NA,NA,NA,NA,NA,NA,NA,NA,NA,NA,NA,NA,0.0200237839559387,0.0594446839589592,0.0189092478576728,0.0128176660413613,0.0306356370942004,0.0407375539161488,0.0208311235328036,0.0181989952948238,0.0694780996503622,0.0160159168893295,0.0175452797934949,0.0356139667871977,0.0187155476215966,0.0474707291113347,0.0169342555804836,0.0345469741039636,0.0365339421872324,0.0189724120029572,0.0227274152804121,0.0336045097701755,0.0345108884070185,0.0289236846482698,0.0472587084154456,0.0173077235184914,0.0640004763727357,0.0715807965786092,0.0684871129942893,0.0275044084266526,0.0249081691037341,0.0257602911043055,0.0754951830150605,0.0531702008672955,0.0147321694412271,0.0174901741134821,0.0531135713999424,0.0251751801685186,0.0263049490464902,0.0265296318472421,0.0385736429745218,0.0528614139481373,0.0161589786517534,0.016659582008219,0.024538805503478,0.0288693750633928,0.0136538254292716,0.0220432647279917,0.0172167097737817,0.0167201377403201,0.0297180716968662,0.0358700009652068,0.017636144508219,0.0335182941443033,0.0150806346397979,0.0134821426015267,0.0319693573952015,0.100673292800785,0.0332630662307695,0.042019661895437,0.0207785258982149,0.0866840115035467
"SPEECH_234",NA,NA,NA,NA,NA,NA,NA,NA,NA,NA,NA,NA,NA,NA,NA,NA,NA,NA,NA,NA,NA,NA,NA,NA,NA,NA,NA,NA,NA,NA,NA,NA,NA,NA,NA,NA,NA,NA,NA,NA,NA,NA,NA,NA,NA,NA,NA,NA,NA,NA,NA,NA,NA,NA,NA,NA,NA,NA,NA,NA,0.0478762744526291,0.0486692530832025,0.0117284888740425,0.0246270134270474,0.0375171633975071,0.0397328907483804,0.0448962396796764,0.0146882402781996,0.0564753201830227,0.0261339960363364,0.0249253140055929,0.0618279209094307,0.0472375383865117,0.0286903911546471,0.0393306318580384,0.0579748876954488,0.0410296335319248,0.0178170187620218,0.0299401039414695,0.0202268762563657,0.019528290665614,0.0208046712612257,0.0139820627221102,0.0322105331558742,0.0225241684367346,0.0604740319964032,0.0184110128241896,0.0478819607486441,0.0255538125957876,0.0172842589319213,0.0236229628631978,0.0454063298577421,0.0210300015860039,0.0175371581907486,0.0529644751208631,0.055451307720898,0.0320241791989993,0.0254448935050735,0.0483703542159251,0.0381035308424261,0.0149832852743038,0.0390385939866232,0.0254532177071174,0.0279779352123793,0.0386793059732517,0.03524225944997,0.0483869724777224,0.0216793027047809,0.0175854353055454,0.018895134954791,0.0196216741835506,0.0178338458470024,0.0212092407692642,0.015443564482773,0.016492021815326,0.0847097299039392,0.0650634734676891,0.0536985576555832,0.0355011575174832,0.0225500982090265
"SPEECH_244",NA,NA,NA,NA,NA,NA,NA,NA,NA,NA,NA,NA,NA,NA,NA,NA,NA,NA,NA,NA,NA,NA,NA,NA,NA,NA,NA,NA,NA,NA,NA,NA,NA,NA,NA,NA,NA,NA,NA,NA,NA,NA,NA,NA,NA,NA,NA,NA,NA,NA,NA,NA,NA,NA,NA,NA,NA,NA,NA,NA,0.025132044505628,0.0545703736415934,0.0185463876414538,0.0217231883884482,0.0291206795963308,0.031656993145962,0.0316028154253898,0.0172879561688077,0.144623677170427,0.0150890710063804,0.024539670988067,0.0196443029820442,0.0273444840507149,0.0353597901367707,0.0177140091340368,0.0333640392776676,0.036834132255542,0.0209048918595528,0.0216897996905138,0.0276889343734183,0.018151470320442,0.0197602696133553,0.0280123469443039,0.0254341140220584,0.0225606835884507,0.0689635709367654,0.0339376198759423,0.0477715514800766,0.0542464311880068,0.0267247005918493,0.0351951329231654,0.0514338295947337,0.0212985082607655,0.01276695901874,0.0458786129002688,0.0330301880615623,0.018503804419865,0.0233235133814871,0.0609341189477646,0.0193366134585605,0.0178318971901658,0.100134241550268,0.0299406132178307,0.0254122447449126,0.0348630993264809,0.0317417609942058,0.039755476951078,0.0277976101304911,0.0242976549302773,0.0236021341283425,0.024192261337037,0.0221900267368802,0.017456253435775,0.0230953742247377,0.0181168414933365,0.0635899512275669,0.0670325346975023,0.0373439381889995,0.0189122697778055,0.0309925347493934
"SPEECH_235",NA,NA,NA,NA,NA,NA,NA,NA,NA,NA,NA,NA,NA,NA,NA,NA,NA,NA,NA,NA,NA,NA,NA,NA,NA,NA,NA,NA,NA,NA,NA,NA,NA,NA,NA,NA,NA,NA,NA,NA,NA,NA,NA,NA,NA,NA,NA,NA,NA,NA,NA,NA,NA,NA,NA,NA,NA,NA,NA,NA,0.0339124138482826,0.032148245937209,0.0192142682540636,0.0328688867514585,0.0307608349793768,0.0598959943161656,0.0270565114434234,0.0163503011535019,0.0402726639833309,0.0339226075983754,0.0352608488526067,0.0409483018021244,0.0250182430530453,0.0512258799049096,0.0122056604116488,0.0692090147194325,0.0291115909667919,0.0209226491787327,0.027996041375823,0.0170029884592326,0.0191069095619648,0.0200631611585793,0.0187202463011039,0.025524369365081,0.045321796422442,0.0465342059720592,0.0290455948612803,0.0779880941580542,0.0249729301701372,0.037418745039763,0.0244640428072336,0.0326500514860394,0.0122018892470618,0.0416849485342532,0.0458487289579702,0.0400743048116357,0.017538828234834,0.0174750545169332,0.0282422525087766,0.0146482078637909,0.0568660606390311,0.0577855385331713,0.0264197471862626,0.0737266489306244,0.0149514914553181,0.042726464519165,0.0282632728928495,0.0241649442051179,0.0122850047788337,0.0316165623328115,0.0282610607392306,0.016569998804725,0.00888475647584445,0.0197246232909857,0.0612755466261953,0.0572669529022299,0.0331473784641291,0.0307089555710166,0.040824835996494,0.0597018466874356
"SPEECH_599",NA,NA,NA,NA,NA,NA,NA,NA,NA,NA,NA,NA,NA,NA,NA,NA,NA,NA,NA,NA,NA,NA,NA,NA,NA,NA,NA,NA,NA,NA,NA,NA,NA,NA,NA,NA,NA,NA,NA,NA,NA,NA,NA,NA,NA,NA,NA,NA,NA,NA,NA,NA,NA,NA,NA,NA,NA,NA,NA,NA,0.0282169472057602,0.0563825242427609,0.0154926684515044,0.0238979847957873,0.0390387894125743,0.0641781562171916,0.0249233378811203,0.0236858165442404,0.0140594530618234,0.0217384977835866,0.0214130803229991,0.0491016766776674,0.0301254751906955,0.0314402381672491,0.0151167444330871,0.0537870781006928,0.0214813772228058,0.0308677253731941,0.014697058602957,0.0340500481853724,0.0241275175206255,0.0195514839315324,0.0201154705398717,0.013215380572033,0.0705832007525132,0.0508778688379475,0.0773162599177377,0.031835550819167,0.04135441319086,0.0373281760446423,0.0226439691724683,0.0390507653505382,0.021105524461694,0.023741156807884,0.0549362798114203,0.0299384619438499,0.0278600595811965,0.019167309933293,0.0620848823090801,0.0136026191835205,0.0210425140404826,0.0150586621836078,0.0310816277405457,0.0151851899510893,0.0427735258365,0.054502996333753,0.067124643326394,0.0188206733516334,0.0465831141546975,0.0202247074981828,0.0308975514127601,0.0228766344037544,0.0224968434294912,0.0213685853224255,0.0288312289658482,0.0762630105819223,0.0331892959624122,0.0417139920432963,0.0394784843954578,0.0363556905108009
"SPEECH_352",NA,NA,NA,NA,NA,NA,NA,NA,NA,NA,NA,NA,NA,NA,NA,NA,NA,NA,NA,NA,NA,NA,NA,NA,NA,NA,NA,NA,NA,NA,NA,NA,NA,NA,NA,NA,NA,NA,NA,NA,NA,NA,NA,NA,NA,NA,NA,NA,NA,NA,NA,NA,NA,NA,NA,NA,NA,NA,NA,NA,0.0265231100722068,0.0592392879078617,0.00738311955647444,0.00778940312707527,0.0313297249351131,0.0836813520029845,0.0528895103101762,0.0115312072087332,0.0281857824667288,0.00761455150239783,0.0663905481424539,0.026308628151672,0.00746467831866143,0.0254112244023444,0.00989892333957993,0.099266908280481,0.0910854364890324,0.016561379706603,0.0228873145082006,0.0153877253444719,0.00738311955647444,0.0212562489606849,0.00684492759104107,0.0140779482519545,0.0236841975489845,0.027444756902372,0.00627251044747658,0.117730894255962,0.0358618694301818,0.0426137112816157,0.0450385671884223,0.0604930127196563,0.0143191108336443,0.0282224012750592,0.0371715624909123,0.0417782803323125,0.0260747928278969,0.0163424765577979,0.0628089692942999,0.0256975252796338,0.0213662865495087,0.0726702602933799,0.0232959588247182,0.0351043744106321,0.0173683010645066,0.0449410198986376,0.0144631205750944,0.0221924105639447,0.0192167292058489,0.0281309753986174,0.0295443318564172,0.0354596495245799,0.0237579047513411,0.0279915068076008,0.0332654616191206,0.0777286800381893,0.0200577898757567,0.0460833011592012,0.0262242664709183,0.0231909723123511
"SPEECH_283",NA,NA,NA,NA,NA,NA,NA,NA,NA,NA,NA,NA,NA,NA,NA,NA,NA,NA,NA,NA,NA,NA,NA,NA,NA,NA,NA,NA,NA,NA,NA,NA,NA,NA,NA,NA,NA,NA,NA,NA,NA,NA,NA,NA,NA,NA,NA,NA,NA,NA,NA,NA,NA,NA,NA,NA,NA,NA,NA,NA,0.0278582171431929,0.033552041617605,0.0189930043740788,0.0129891135592731,0.0543993483865892,0.0511635384134906,0.0315295957723633,0.0207627994960107,0.0201484068631261,0.0944344299331113,0.0569666761313258,0.0459639721652254,0.0164491912386589,0.0263788473690971,0.0127686137673387,0.0356497970423218,0.0323690959501091,0.0290249036646808,0.0260225176062205,0.0230184621585856,0.0361414939470088,0.0193182708492313,0.0207706575131248,0.0326751701360472,0.0856207773165846,0.0295814493107376,0.0181895719633317,0.0489040532281599,0.0257723872252781,0.0125835958580913,0.0348880051014865,0.0379575271930783,0.0184954468977972,0.0225419744371811,0.0553778783136571,0.0404244217247352,0.0339477466418874,0.0146301405373978,0.0297376149570621,0.0275244765949152,0.0268451655903669,0.0244864610166197,0.0282346409106642,0.0400659354665366,0.0194710103139307,0.0422914049582087,0.0600195810923661,0.0205697734220604,0.0209953638744878,0.032112887803645,0.0188367524769706,0.0195910837008806,0.0137750571184807,0.0249892219205572,0.0213718283559805,0.0664184646933641,0.0388442863622632,0.0908298280116571,0.0399299461611259,0.0347960743506361
"SPEECH_637",NA,NA,NA,NA,NA,NA,NA,NA,NA,NA,NA,NA,NA,NA,NA,NA,NA,NA,NA,NA,NA,NA,NA,NA,NA,NA,NA,NA,NA,NA,NA,NA,NA,NA,NA,NA,NA,NA,NA,NA,NA,NA,NA,NA,NA,NA,NA,NA,NA,NA,NA,NA,NA,NA,NA,NA,NA,NA,NA,NA,0.0338106498923476,0.0559987893144742,0.0109014999686136,0.0243635654517588,0.0300880026675502,0.0682381581229151,0.0207561923435816,0.0165224249078664,0.015701505870212,0.0140004720957146,0.0484061126806794,0.0273170414270824,0.0160650552504137,0.0577702352654568,0.0145373225381512,0.0715347554923409,0.124645909113405,0.0255247469810648,0.0424529423111348,0.0179746072976519,0.0188212643940112,0.0264391228190135,0.0129337201024006,0.0145905265609223,0.0416135996734528,0.0359942187858802,0.0353220355540285,0.0356689558378689,0.0199370830954176,0.0220694841845892,0.0340632583458438,0.0324202224030865,0.0182754379633374,0.0299466451212972,0.0503100891519916,0.036888487060876,0.03099225130461,0.019418097826248,0.0684670584659871,0.0496541346152192,0.0370866301686504,0.0237702552743545,0.0249789945528261,0.0458532709281695,0.0229712972007847,0.0197151753031278,0.0334963485226252,0.0179258407044187,0.0214616259984897,0.0253186224861534,0.0268577133985538,0.034122000074125,0.0245311015543325,0.0264951473910254,0.0401611238154731,0.0592519598923185,0.0355889840945624,0.0576964814736378,0.024381764827362,0.0278999800805127
"SPEECH_374",NA,NA,NA,NA,NA,NA,NA,NA,NA,NA,NA,NA,NA,NA,NA,NA,NA,NA,NA,NA,NA,NA,NA,NA,NA,NA,NA,NA,NA,NA,NA,NA,NA,NA,NA,NA,NA,NA,NA,NA,NA,NA,NA,NA,NA,NA,NA,NA,NA,NA,NA,NA,NA,NA,NA,NA,NA,NA,NA,NA,0.0340632583458438,0.0324202224030865,0.0182754379633374,0.0299466451212972,0.0503100891519916,0.036888487060876,0.03099225130461,0.019418097826248,0.0684670584659871,0.0496541346152192,0.0370866301686504,0.0237702552743545,0.0249789945528261,0.0458532709281695,0.0229712972007847,0.0197151753031278,0.0334963485226252,0.0179258407044187,0.0214616259984897,0.0253186224861534,0.0268577133985538,0.034122000074125,0.0245311015543325,0.0264951473910254,0.0401611238154731,0.0592519598923185,0.0355889840945624,0.0576964814736378,0.024381764827362,0.0278999800805127,0.01992079469351,0.0268160787426204,0.0263528301977052,0.0196191904743258,0.0395234689116214,0.0307154255679384,0.0324933922110567,0.0142702962511466,0.0614973000206364,0.0229387895168026,0.0337489780986028,0.0257308908626027,0.0298472204410658,0.0368276340776155,0.0277212883533627,0.0303387728607947,0.0373460968559951,0.0304351271032936,0.0387591832395012,0.0291635042915219,0.0361484706824848,0.0234032479991809,0.0475594394557152,0.0366866320444247,0.0357195587714415,0.0461592907507706,0.054748112756001,0.0451037121302716,0.0329920846396419,0.0274131879983482
"SPEECH_284",NA,NA,NA,NA,NA,NA,NA,NA,NA,NA,NA,NA,NA,NA,NA,NA,NA,NA,NA,NA,NA,NA,NA,NA,NA,NA,NA,NA,NA,NA,NA,NA,NA,NA,NA,NA,NA,NA,NA,NA,NA,NA,NA,NA,NA,NA,NA,NA,NA,NA,NA,NA,NA,NA,NA,NA,NA,NA,NA,NA,0.01992079469351,0.0268160787426204,0.0263528301977052,0.0196191904743258,0.0395234689116214,0.0307154255679384,0.0324933922110567,0.0142702962511466,0.0614973000206364,0.0229387895168026,0.0337489780986028,0.0257308908626027,0.0298472204410658,0.0368276340776155,0.0277212883533627,0.0303387728607947,0.0373460968559951,0.0304351271032936,0.0387591832395012,0.0291635042915219,0.0361484706824848,0.0234032479991809,0.0475594394557152,0.0366866320444247,0.0357195587714415,0.0461592907507706,0.054748112756001,0.0451037121302716,0.0329920846396419,0.0274131879983482,0.0265646809659632,0.0612632550942585,0.0159824730546672,0.0122050309625993,0.0497160596914374,0.0318195509619811,0.0254446514475452,0.0210726717297161,0.0370409146931146,0.0205049459317309,0.025466152009357,0.0707071762736857,0.0226555862625014,0.0200908308920489,0.0220087037047639,0.0455592679167119,0.0224186884769903,0.0172552207840963,0.0161833201707909,0.0303953202338217,0.0211136378856182,0.0222074189623499,0.0144848280455918,0.0195084310082483,0.0631430600711427,0.0820985666771773,0.0323252110324528,0.0319469955949419,0.051326151997088,0.0674911974676078
"SPEECH_579",NA,NA,NA,NA,NA,NA,NA,NA,NA,NA,NA,NA,NA,NA,NA,NA,NA,NA,NA,NA,NA,NA,NA,NA,NA,NA,NA,NA,NA,NA,NA,NA,NA,NA,NA,NA,NA,NA,NA,NA,NA,NA,NA,NA,NA,NA,NA,NA,NA,NA,NA,NA,NA,NA,NA,NA,NA,NA,NA,NA,0.0317985961254978,0.0595730446446781,0.0170931189257735,0.0300749550095038,0.0442325900519176,0.0223266184520183,0.0451166093661811,0.0150481496030922,0.068153884398305,0.0206020123502857,0.0375204519120854,0.0353617504015606,0.0277150665007378,0.0330403661483914,0.0239749176671717,0.0350758298771596,0.0476251976520079,0.0231480570490084,0.0203753488547532,0.0328786242932437,0.0245001622247566,0.033065399126586,0.0293151684559463,0.0298382963055746,0.0458531390115852,0.0442256749944506,0.0332227263812819,0.0382569698544943,0.0306609290107029,0.0203263453512488,0.0295595583152821,0.0716251163551127,0.0161956484956516,0.0324288540910667,0.0235905122171292,0.0467532227451692,0.0267808664885643,0.0145560351058736,0.0781467383729628,0.0163141826630478,0.0225705702578452,0.0225676519145401,0.0231823709531899,0.0385737592431987,0.0260386660444942,0.0411097500004553,0.02180359781283,0.0208725092512008,0.0239417600654481,0.0270861849406699,0.0300654288687298,0.0331419178007309,0.0375365686656106,0.0423964171826696,0.0161089238542183,0.0468012528281531,0.0278580021465308,0.0984701732189424,0.0256508770604668,0.0182728830402156
"SPEECH_348",NA,NA,NA,NA,NA,NA,NA,NA,NA,NA,NA,NA,NA,NA,NA,NA,NA,NA,NA,NA,NA,NA,NA,NA,NA,NA,NA,NA,NA,NA,NA,NA,NA,NA,NA,NA,NA,NA,NA,NA,NA,NA,NA,NA,NA,NA,NA,NA,NA,NA,NA,NA,NA,NA,NA,NA,NA,NA,NA,NA,0.0270975670875494,0.0455803497788945,0.0175817680539678,0.0326758670010262,0.0558978047212664,0.0289302190884885,0.0289429163003707,0.0158550991014586,0.0253578699625511,0.013936980538157,0.046208830527393,0.0330433277658535,0.0158741329562645,0.023056720489251,0.0529055735048815,0.067341991631329,0.0558928277124487,0.019113975632336,0.0419314545207542,0.0218306271831543,0.0321992048022375,0.0279554125382481,0.0170895148975882,0.0373308667510392,0.0189421247377104,0.0622662324738109,0.0430868869163481,0.0458729130866034,0.0287425597119297,0.0174583805270887,0.0217453023455564,0.0500410272451121,0.0114347147076996,0.0273556705759616,0.0312107525911242,0.0477137992349009,0.036751453966567,0.0125064310594875,0.0440754973006723,0.0186371807558367,0.0231238506204579,0.066258123451316,0.0119896181331725,0.0532886387909745,0.0167288211733172,0.0491642025121469,0.0275352732782954,0.0161773092571618,0.0132314359056801,0.0128779845379583,0.0305304462118238,0.0172045472571147,0.0172216672692402,0.0491621421666612,0.077744982765694,0.0604233574867109,0.0436054869829134,0.0475633978881421,0.0429898780739929,0.021707006454308
"SPEECH_457",NA,NA,NA,NA,NA,NA,NA,NA,NA,NA,NA,NA,NA,NA,NA,NA,NA,NA,NA,NA,NA,NA,NA,NA,NA,NA,NA,NA,NA,NA,NA,NA,NA,NA,NA,NA,NA,NA,NA,NA,NA,NA,NA,NA,NA,NA,NA,NA,NA,NA,NA,NA,NA,NA,NA,NA,NA,NA,NA,NA,0.0252923484909158,0.0870685757577057,0.0217828105245569,0.0367821337974638,0.0630597164970995,0.0416480717500511,0.0203922655634538,0.0092334188564427,0.0327583111997702,0.0176500624032707,0.0309252688766228,0.0224163380926508,0.0238754705611527,0.0170751923912585,0.00890240388532399,0.108089959277836,0.042746015836369,0.0164350939295316,0.0684315579884762,0.0243517634914024,0.0183070559670971,0.0190251623647198,0.0123385478709724,0.0165228019116452,0.0127730162530156,0.0197850520946627,0.0156887419734165,0.106409323496854,0.0385959196356916,0.0216375992605702,0.0283217565933132,0.0581998697014649,0.0165620785741418,0.0197884095825483,0.035747937856034,0.0367128146692885,0.0335515755801953,0.0157818390007349,0.0174338007903538,0.0226145090607773,0.0306219974532224,0.0993581295893739,0.0171864398380086,0.0683804961625268,0.0267600941179159,0.0673360007876119,0.0198992307164035,0.0230209285862491,0.0199299235896975,0.0376945495387106,0.0221907235115874,0.0277101193606761,0.0162977903960674,0.0249556931966817,0.0507725391896953,0.0522914897488357,0.0338628515232054,0.0338143556331602,0.0191208759016742,0.0240811797498446
"SPEECH_585",NA,NA,NA,NA,NA,NA,NA,NA,NA,NA,NA,NA,NA,NA,NA,NA,NA,NA,NA,NA,NA,NA,NA,NA,NA,NA,NA,NA,NA,NA,NA,NA,NA,NA,NA,NA,NA,NA,NA,NA,NA,NA,NA,NA,NA,NA,NA,NA,NA,NA,NA,NA,NA,NA,NA,NA,NA,NA,NA,NA,0.0524498254203466,0.049105260504358,0.0153802278839885,0.0203872146820091,0.0867025862492232,0.0241445197934598,0.0365437070238506,0.0157385514177539,0.0531377935167363,0.0411759131768925,0.0285945603751489,0.036880396616086,0.0184379075019931,0.0433728383910092,0.0205446390121293,0.0405626776829408,0.0172818539374523,0.0224340495616907,0.0458606558330251,0.023057403355298,0.0156021188440715,0.017651424541243,0.0197491427539744,0.0154777540227349,0.0183155793980344,0.0570815864722997,0.0526046865530419,0.0245326469419425,0.0301346093737353,0.0570578691635307,0.0280824570939041,0.0640534634812362,0.0169745115590122,0.0229593213707825,0.0211529855487975,0.0507731623193027,0.0438214811080477,0.0154904876869045,0.0458046220854652,0.0256232988593497,0.0380947095133112,0.0210597078571829,0.021637883014965,0.0513275727257975,0.0160022377484339,0.0773040257590111,0.0688477059190854,0.0243234216441499,0.0270608351088011,0.0207354560575895,0.0322256627579161,0.0204342383320711,0.0207656157017432,0.0144287113449809,0.0606707037533303,0.0441700028723714,0.0196995969281096,0.0436961407554471,0.0203674529701802,0.0224125281227206
"SPEECH_282",NA,NA,NA,NA,NA,NA,NA,NA,NA,NA,NA,NA,NA,NA,NA,NA,NA,NA,NA,NA,NA,NA,NA,NA,NA,NA,NA,NA,NA,NA,NA,NA,NA,NA,NA,NA,NA,NA,NA,NA,NA,NA,NA,NA,NA,NA,NA,NA,NA,NA,NA,NA,NA,NA,NA,NA,NA,NA,NA,NA,0.02886000263118,0.0547393758098813,0.0220881136227585,0.0205994489944513,0.0641734605853082,0.0439282004523165,0.0366197912227961,0.0158269710621951,0.026680059053429,0.0186862020942669,0.0298464351558765,0.0265394871430861,0.0465647096655825,0.0419352400439554,0.0154834826260976,0.0458211152135427,0.0452598989393477,0.0191674074532662,0.0180183960604441,0.0372589267052358,0.0205353333212794,0.0306869028057625,0.040225865107206,0.0200662038648028,0.0524192761143588,0.0337637953961126,0.0389419060844944,0.0465144305407733,0.0262819793057732,0.0324675829244195,0.0306441221930267,0.0525111917532899,0.0126842674020547,0.0378097462668105,0.0552967964910842,0.0496766178574702,0.0271610928013667,0.0196258482743926,0.0357952848762299,0.033891917595906,0.0179061178921666,0.0332031855086976,0.0207992012150028,0.0357652960495283,0.0149869870975712,0.0311516197728979,0.0276572652806424,0.0216504336696141,0.0208353614968383,0.0286880153684496,0.0340545317668533,0.0484556845532785,0.0265566479504168,0.0411409351994456,0.0487215022943168,0.0593626755024679,0.0298919748818278,0.045764569130894,0.0326311912338735,0.0256799186235855
"SPEECH_341",NA,NA,NA,NA,NA,NA,NA,NA,NA,NA,NA,NA,NA,NA,NA,NA,NA,NA,NA,NA,NA,NA,NA,NA,NA,NA,NA,NA,NA,NA,NA,NA,NA,NA,NA,NA,NA,NA,NA,NA,NA,NA,NA,NA,NA,NA,NA,NA,NA,NA,NA,NA,NA,NA,NA,NA,NA,NA,NA,NA,0.02886000263118,0.0547393758098813,0.0220881136227585,0.0205994489944513,0.0641734605853082,0.0439282004523165,0.0366197912227961,0.0158269710621951,0.026680059053429,0.0186862020942669,0.0298464351558765,0.0265394871430861,0.0465647096655825,0.0419352400439554,0.0154834826260976,0.0458211152135427,0.0452598989393477,0.0191674074532662,0.0180183960604441,0.0372589267052358,0.0205353333212794,0.0306869028057625,0.040225865107206,0.0200662038648028,0.0524192761143588,0.0337637953961126,0.0389419060844944,0.0465144305407733,0.0262819793057732,0.0324675829244195,0.0306441221930267,0.0525111917532899,0.0126842674020547,0.0378097462668105,0.0552967964910842,0.0496766178574702,0.0271610928013667,0.0196258482743926,0.0357952848762299,0.033891917595906,0.0179061178921666,0.0332031855086976,0.0207992012150028,0.0357652960495283,0.0149869870975712,0.0311516197728979,0.0276572652806424,0.0216504336696141,0.0208353614968383,0.0286880153684496,0.0340545317668533,0.0484556845532785,0.0265566479504168,0.0411409351994456,0.0487215022943168,0.0593626755024679,0.0298919748818278,0.045764569130894,0.0326311912338735,0.0256799186235855
"SPEECH_397",NA,NA,NA,NA,NA,NA,NA,NA,NA,NA,NA,NA,NA,NA,NA,NA,NA,NA,NA,NA,NA,NA,NA,NA,NA,NA,NA,NA,NA,NA,NA,NA,NA,NA,NA,NA,NA,NA,NA,NA,NA,NA,NA,NA,NA,NA,NA,NA,NA,NA,NA,NA,NA,NA,NA,NA,NA,NA,NA,NA,0.0288046365544298,0.0340445175906231,0.0205341024449033,0.0189285563212974,0.0550840511973532,0.0357108808392895,0.0197881464516622,0.021413811488372,0.032583838766593,0.0232130051861622,0.0171617320016373,0.0320698410080727,0.0494376188925539,0.019591081469651,0.0340879046518778,0.029599270721349,0.0175447802175393,0.0216918387835897,0.0163468841175322,0.019657664835464,0.0357535005095929,0.0662017008390656,0.0503831805181176,0.0290191638202511,0.0370857046111577,0.112405198837579,0.0321526218788988,0.0382480780154294,0.0181864567995745,0.0332702306303812,0.0286738104388164,0.0327514843103217,0.0136506044099691,0.0235031181792963,0.0445463657712896,0.0371729483648332,0.0228307009741339,0.0170306951566382,0.0409659788794027,0.0185940563967042,0.0568008190800932,0.030578708824641,0.0250582216250027,0.0276205477529773,0.0264107552353084,0.0561109620932238,0.0348505394344566,0.0136187997794946,0.023906748865645,0.0187766380146691,0.0234706682026914,0.0259464604767693,0.0385040641425073,0.0293517832520475,0.0592880319090783,0.0611181397708653,0.0557940850926356,0.0359978995505254,0.0165659712206633,0.0605103927952997
"SPEECH_279",NA,NA,NA,NA,NA,NA,NA,NA,NA,NA,NA,NA,NA,NA,NA,NA,NA,NA,NA,NA,NA,NA,NA,NA,NA,NA,NA,NA,NA,NA,NA,NA,NA,NA,NA,NA,NA,NA,NA,NA,NA,NA,NA,NA,NA,NA,NA,NA,NA,NA,NA,NA,NA,NA,NA,NA,NA,NA,NA,NA,0.0305272397465492,0.0479449988813562,0.0167974331542595,0.0261689798051639,0.0544759236258187,0.0297162963974051,0.0258401533807197,0.0182404867034985,0.0760901416523657,0.0134791753374508,0.0247011672803205,0.0330902112738609,0.0357241771409095,0.0459786464268887,0.0331577053763938,0.0425984600858349,0.0360497445286881,0.0208424621688228,0.0214990202544559,0.0452728847280015,0.0298477834292331,0.0217997229265155,0.0303592076887733,0.0317908109959589,0.0291377390759218,0.0325306392936643,0.0375406381654039,0.0594459724275505,0.0222792979649611,0.0270728800832536,0.0340674056449785,0.0395959557414201,0.0147616766164626,0.0487659852666354,0.0473550783491758,0.0484910445108597,0.0487427993822607,0.0199380315884033,0.0261846077646875,0.0242030544353068,0.0236054788945521,0.0274335733751073,0.0161183017176619,0.0397552592487425,0.0199934353803274,0.0467601916430504,0.0519567857067849,0.0196766672564966,0.0262856272892662,0.0233576816374655,0.0303985581751667,0.0252069723279865,0.0339792689227211,0.0346826162614731,0.0455157982553501,0.035310652687832,0.0551922739994505,0.0396892739169046,0.0220630979435493,0.0309128460599207
"SPEECH_346",NA,NA,NA,NA,NA,NA,NA,NA,NA,NA,NA,NA,NA,NA,NA,NA,NA,NA,NA,NA,NA,NA,NA,NA,NA,NA,NA,NA,NA,NA,NA,NA,NA,NA,NA,NA,NA,NA,NA,NA,NA,NA,NA,NA,NA,NA,NA,NA,NA,NA,NA,NA,NA,NA,NA,NA,NA,NA,NA,NA,0.0305272397465492,0.0479449988813562,0.0167974331542595,0.0261689798051639,0.0544759236258187,0.0297162963974051,0.0258401533807197,0.0182404867034985,0.0760901416523657,0.0134791753374508,0.0247011672803205,0.0330902112738609,0.0357241771409095,0.0459786464268887,0.0331577053763938,0.0425984600858349,0.0360497445286881,0.0208424621688228,0.0214990202544559,0.0452728847280015,0.0298477834292331,0.0217997229265155,0.0303592076887733,0.0317908109959589,0.0291377390759218,0.0325306392936643,0.0375406381654039,0.0594459724275505,0.0222792979649611,0.0270728800832536,0.0340674056449785,0.0395959557414201,0.0147616766164626,0.0487659852666354,0.0473550783491758,0.0484910445108597,0.0487427993822607,0.0199380315884033,0.0261846077646875,0.0242030544353068,0.0236054788945521,0.0274335733751073,0.0161183017176619,0.0397552592487425,0.0199934353803274,0.0467601916430504,0.0519567857067849,0.0196766672564966,0.0262856272892662,0.0233576816374655,0.0303985581751667,0.0252069723279865,0.0339792689227211,0.0346826162614731,0.0455157982553501,0.035310652687832,0.0551922739994505,0.0396892739169046,0.0220630979435493,0.0309128460599207
"SPEECH_281",NA,NA,NA,NA,NA,NA,NA,NA,NA,NA,NA,NA,NA,NA,NA,NA,NA,NA,NA,NA,NA,NA,NA,NA,NA,NA,NA,NA,NA,NA,NA,NA,NA,NA,NA,NA,NA,NA,NA,NA,NA,NA,NA,NA,NA,NA,NA,NA,NA,NA,NA,NA,NA,NA,NA,NA,NA,NA,NA,NA,0.0280777586448965,0.0513708935136314,0.0205078376185318,0.045656268734292,0.0422762423443075,0.0240515221772104,0.0181000563373772,0.0165096992932698,0.0535455680460944,0.0200032029969768,0.0254700844912959,0.034814856939244,0.0259030579102865,0.0619278858499969,0.031816577533949,0.0672473767448934,0.0268136525708509,0.0217221293066386,0.0188431133183627,0.0324278545625569,0.0166010937469318,0.0289368151985702,0.0185991542354899,0.0238348632149,0.0479212073939243,0.057372827701118,0.0208637906233246,0.0440516430810646,0.0478682475942641,0.0268647182757498,0.0265824410320263,0.0383599001536639,0.0155757357902816,0.0158524642972958,0.0590125008386231,0.0429901814475194,0.0333225775050236,0.0206330153802484,0.0361107279437686,0.0367755723508596,0.0264932173282061,0.0288055570927841,0.0141523248269503,0.0539775749402236,0.0288071652453461,0.0361758290415893,0.0131798521945903,0.0216115288163219,0.0305619727728072,0.0224634341911552,0.0416455764719548,0.0298963673440983,0.0349324422835165,0.0273008968386265,0.0900674311833405,0.0511838227077901,0.0511231398128201,0.0257463183570078,0.0183264625538079,0.0283339692577532
"SPEECH_470",NA,NA,NA,NA,NA,NA,NA,NA,NA,NA,NA,NA,NA,NA,NA,NA,NA,NA,NA,NA,NA,NA,NA,NA,NA,NA,NA,NA,NA,NA,NA,NA,NA,NA,NA,NA,NA,NA,NA,NA,NA,NA,NA,NA,NA,NA,NA,NA,NA,NA,NA,NA,NA,NA,NA,NA,NA,NA,NA,NA,0.030224724210349,0.0377727396081724,0.0164105365365563,0.0181278859582251,0.0471417808975815,0.0339610631727396,0.0429035602159583,0.0201206869746254,0.0683822475374255,0.0336455334821779,0.0393622328248117,0.0564314257192554,0.0263609217656122,0.0429752764736389,0.0148759299745237,0.0407671846677995,0.0558457208079524,0.0221701890494012,0.0359398624090773,0.0262491033145245,0.0405851970220911,0.0194797067268227,0.0177568695989191,0.0226429780610772,0.028363371324928,0.0419675402214823,0.0225260834699216,0.0343108489994433,0.0346871669068544,0.0280116320680522,0.0252607176929498,0.0597328150085296,0.0154980428709067,0.0419819745285928,0.0361706405754506,0.0245033826814671,0.0257294127685627,0.0125063010756013,0.0555016389492911,0.0378446751692177,0.029516516445992,0.0515634351481695,0.0299852903271962,0.0462920828022505,0.0138628741995879,0.0363356916410004,0.018698190145759,0.0285592851235903,0.0212304748095633,0.0328000751351395,0.03283176789768,0.0186292038173394,0.0181586009711001,0.0132422360441941,0.0598245791981204,0.0654949370172883,0.0371333887267802,0.0396697824530134,0.0329008100785074,0.038541176697159
"SPEECH_465",NA,NA,NA,NA,NA,NA,NA,NA,NA,NA,NA,NA,NA,NA,NA,NA,NA,NA,NA,NA,NA,NA,NA,NA,NA,NA,NA,NA,NA,NA,NA,NA,NA,NA,NA,NA,NA,NA,NA,NA,NA,NA,NA,NA,NA,NA,NA,NA,NA,NA,NA,NA,NA,NA,NA,NA,NA,NA,NA,NA,0.0217684457362721,0.0535674661475118,0.0210363792603584,0.0229916181065397,0.0409632490865423,0.0544670554153755,0.0211199830363533,0.0143947103249318,0.0359698350764817,0.0653109362829811,0.0884643017709773,0.034742188046781,0.0261347128556993,0.0670177242527921,0.0193604447162647,0.0265135413027066,0.0140086944655349,0.0196420180172258,0.0144673800452346,0.0281778372481888,0.0180693933954206,0.0255340759810138,0.0190954394589005,0.0261346295690069,0.0629000599985864,0.0449658820223384,0.0313171205912277,0.0202007683364746,0.0231502795307459,0.0385138299215324,0.0417404365361079,0.0506926962609,0.018850265116542,0.0210594914078452,0.0710646602264266,0.0243542831332998,0.0313888893078485,0.0106094721719694,0.0708874913283021,0.0382679921107465,0.0379377931691454,0.0255651569808434,0.0305249074151613,0.0201427448769358,0.0304215803749216,0.0345102207625831,0.0221883952845467,0.0161857387381389,0.0203889954136439,0.0219977511688496,0.0389321348829366,0.0222553860826086,0.0215076870651593,0.0208912613288844,0.0193962567587437,0.0579284984149024,0.0488789099915178,0.0588123318084221,0.040069228853122,0.0325493430289453
"SPEECH_584",NA,NA,NA,NA,NA,NA,NA,NA,NA,NA,NA,NA,NA,NA,NA,NA,NA,NA,NA,NA,NA,NA,NA,NA,NA,NA,NA,NA,NA,NA,NA,NA,NA,NA,NA,NA,NA,NA,NA,NA,NA,NA,NA,NA,NA,NA,NA,NA,NA,NA,NA,NA,NA,NA,NA,NA,NA,NA,NA,NA,0.0217684457362721,0.0535674661475118,0.0210363792603584,0.0229916181065397,0.0409632490865423,0.0544670554153755,0.0211199830363533,0.0143947103249318,0.0359698350764817,0.0653109362829811,0.0884643017709773,0.034742188046781,0.0261347128556993,0.0670177242527921,0.0193604447162647,0.0265135413027066,0.0140086944655349,0.0196420180172258,0.0144673800452346,0.0281778372481888,0.0180693933954206,0.0255340759810138,0.0190954394589005,0.0261346295690069,0.0629000599985864,0.0449658820223384,0.0313171205912277,0.0202007683364746,0.0231502795307459,0.0385138299215324,0.0417404365361079,0.0506926962609,0.018850265116542,0.0210594914078452,0.0710646602264266,0.0243542831332998,0.0313888893078485,0.0106094721719694,0.0708874913283021,0.0382679921107465,0.0379377931691454,0.0255651569808434,0.0305249074151613,0.0201427448769358,0.0304215803749216,0.0345102207625831,0.0221883952845467,0.0161857387381389,0.0203889954136439,0.0219977511688496,0.0389321348829366,0.0222553860826086,0.0215076870651593,0.0208912613288844,0.0193962567587437,0.0579284984149024,0.0488789099915178,0.0588123318084221,0.040069228853122,0.0325493430289453
"SPEECH_636",NA,NA,NA,NA,NA,NA,NA,NA,NA,NA,NA,NA,NA,NA,NA,NA,NA,NA,NA,NA,NA,NA,NA,NA,NA,NA,NA,NA,NA,NA,NA,NA,NA,NA,NA,NA,NA,NA,NA,NA,NA,NA,NA,NA,NA,NA,NA,NA,NA,NA,NA,NA,NA,NA,NA,NA,NA,NA,NA,NA,0.0273777832161204,0.0452681779164522,0.0137706484093375,0.0140445914872708,0.035516857620199,0.031977925203546,0.038991753295386,0.0235620430534777,0.0691411879051062,0.0191437521642041,0.0245700815807736,0.0593725112969237,0.0227273598976472,0.0320643090052159,0.0349154080274854,0.049914002422228,0.0510741249554349,0.0349247010915515,0.0248295687179579,0.0390213947153286,0.0171931945012243,0.017724473314857,0.0149078769560844,0.0145386254686547,0.0132058507912134,0.0425038226419795,0.063729103989482,0.0475102708124564,0.0345059564843576,0.041972643058044,0.0159312453307256,0.0390414691347852,0.0109981643350655,0.0260520748697471,0.0778692640520558,0.0450919634255265,0.0321097976689969,0.0208541969840124,0.0542576096569884,0.0180826507405569,0.0214385018362539,0.0459496396696686,0.0266691204236797,0.0499929579845409,0.0279517132780628,0.0322374767455347,0.0278975973316875,0.0198729024988846,0.0173315677837365,0.0237666769028918,0.0170898108545671,0.0190011602454749,0.043256635820806,0.0252844506090454,0.0386704060955425,0.0634021644301659,0.0470925576936631,0.0417460513242633,0.0427230385821004,0.02833713369097
"SPEECH_417",NA,NA,NA,NA,NA,NA,NA,NA,NA,NA,NA,NA,NA,NA,NA,NA,NA,NA,NA,NA,NA,NA,NA,NA,NA,NA,NA,NA,NA,NA,NA,NA,NA,NA,NA,NA,NA,NA,NA,NA,NA,NA,NA,NA,NA,NA,NA,NA,NA,NA,NA,NA,NA,NA,NA,NA,NA,NA,NA,NA,0.0322587438940848,0.0384332471777456,0.0187331366996671,0.042539772397048,0.0558092260959915,0.0252033305648508,0.0428053495214147,0.0221262830141027,0.0605497144839236,0.0316339922512886,0.0320280926335243,0.0260823987910305,0.0244033284281022,0.0294695184287052,0.0303012430913647,0.033809205155738,0.0220177892806586,0.0184259197213743,0.0279938448208732,0.0230086577423778,0.0254607371399475,0.0291550539538505,0.0279930441259964,0.0318521768864786,0.0532807267079492,0.0648550849321173,0.0499404398008776,0.0356138637152625,0.0184614416288712,0.0257546369147831,0.0411648629273897,0.0452516739333706,0.0160953256399681,0.0113142563004578,0.0572846204398043,0.015096087448162,0.0366724033964798,0.0128913479995921,0.0358318489617071,0.0383787919047651,0.0283549264371349,0.0220935012413125,0.0251900102991266,0.0492533695109064,0.0233155252951257,0.0698571646720378,0.034589203168362,0.0132534993666532,0.0227571038967703,0.0208475791359402,0.0155910822131391,0.0370473040923972,0.0117634940401866,0.047918906925942,0.0442188796055502,0.0574879682561288,0.0236424320329706,0.0475445331005051,0.0321546521591098,0.0631376455990045
"SPEECH_220",NA,NA,NA,NA,NA,NA,NA,NA,NA,NA,NA,NA,NA,NA,NA,NA,NA,NA,NA,NA,NA,NA,NA,NA,NA,NA,NA,NA,NA,NA,NA,NA,NA,NA,NA,NA,NA,NA,NA,NA,NA,NA,NA,NA,NA,NA,NA,NA,NA,NA,NA,NA,NA,NA,NA,NA,NA,NA,NA,NA,0.0377798654486533,0.059950667761535,0.0175443457405805,0.0158603742214588,0.0312861831299949,0.0278961310193311,0.0207467880949069,0.0142043516294421,0.0210752998583022,0.0154813856250242,0.0542620265299674,0.0558788555052917,0.0137425667623942,0.0725709188200457,0.0304117838032888,0.0487202013055839,0.059513762060426,0.0169599928700242,0.0829249418170252,0.0211927577797903,0.0102522653969155,0.0216057102728444,0.0141842760213113,0.010895185505885,0.0379806003454218,0.0445811195111589,0.0623664883414763,0.041712244969305,0.0211870240883286,0.0172318857642867,0.015775238599588,0.0311365439608934,0.0290654349932327,0.0179765621802219,0.0624228744290899,0.0430833328042339,0.0284324221028055,0.0177260464124648,0.0912183975523829,0.0386365352240031,0.020681759852307,0.0194611695268983,0.0258369210450786,0.015775238599588,0.0240851474621345,0.0297786681202589,0.038421615591706,0.0191502450095339,0.033959709478738,0.0193571462209329,0.0509016769858534,0.0184777374404746,0.0142426715497796,0.0273321873979161,0.039873038184644,0.082150322333906,0.0281856923208433,0.0219191908134192,0.0539201919646135,0.0410162818424582
"SPEECH_583",NA,NA,NA,NA,NA,NA,NA,NA,NA,NA,NA,NA,NA,NA,NA,NA,NA,NA,NA,NA,NA,NA,NA,NA,NA,NA,NA,NA,NA,NA,NA,NA,NA,NA,NA,NA,NA,NA,NA,NA,NA,NA,NA,NA,NA,NA,NA,NA,NA,NA,NA,NA,NA,NA,NA,NA,NA,NA,NA,NA,0.0377798654486533,0.059950667761535,0.0175443457405805,0.0158603742214588,0.0312861831299949,0.0278961310193311,0.0207467880949069,0.0142043516294421,0.0210752998583022,0.0154813856250242,0.0542620265299674,0.0558788555052917,0.0137425667623942,0.0725709188200457,0.0304117838032888,0.0487202013055839,0.059513762060426,0.0169599928700242,0.0829249418170252,0.0211927577797903,0.0102522653969155,0.0216057102728444,0.0141842760213113,0.010895185505885,0.0379806003454218,0.0445811195111589,0.0623664883414763,0.041712244969305,0.0211870240883286,0.0172318857642867,0.015775238599588,0.0311365439608934,0.0290654349932327,0.0179765621802219,0.0624228744290899,0.0430833328042339,0.0284324221028055,0.0177260464124648,0.0912183975523829,0.0386365352240031,0.020681759852307,0.0194611695268983,0.0258369210450786,0.015775238599588,0.0240851474621345,0.0297786681202589,0.038421615591706,0.0191502450095339,0.033959709478738,0.0193571462209329,0.0509016769858534,0.0184777374404746,0.0142426715497796,0.0273321873979161,0.039873038184644,0.082150322333906,0.0281856923208433,0.0219191908134192,0.0539201919646135,0.0410162818424582
"SPEECH_395",NA,NA,NA,NA,NA,NA,NA,NA,NA,NA,NA,NA,NA,NA,NA,NA,NA,NA,NA,NA,NA,NA,NA,NA,NA,NA,NA,NA,NA,NA,NA,NA,NA,NA,NA,NA,NA,NA,NA,NA,NA,NA,NA,NA,NA,NA,NA,NA,NA,NA,NA,NA,NA,NA,NA,NA,NA,NA,NA,NA,0.0318665287031337,0.0526563924971636,0.025872707421041,0.0183068738639986,0.0404908693974504,0.0380683305261402,0.0425163632523116,0.0291021204592734,0.0455693827313302,0.0307312845760805,0.020165991843721,0.080692204400014,0.0164803898457337,0.0228237194767346,0.0291459107189583,0.0263001746778756,0.0223453546148081,0.0194394276506619,0.0190136594166745,0.0359268354793351,0.0502163329023942,0.0146914433650064,0.0153478360590703,0.0130709015903551,0.0315550535505344,0.120903281047505,0.03365211424631,0.0336865759731527,0.0183197291850731,0.0210422105281588,0.044771290441315,0.0494036770642987,0.0295015110674257,0.0220384889114409,0.0725345008504788,0.019127539829532,0.0243100319676761,0.015209843752353,0.0348731789515124,0.0745655234561322,0.0117456759032059,0.0308645908998643,0.017551925532206,0.0258212099251113,0.0260671314948691,0.0211456278421414,0.012688680357459,0.0250643990510997,0.0527571575391025,0.0255564413379043,0.018142996084272,0.0367216125488689,0.0185218607988426,0.0601584888586733,0.0224638253780209,0.079842504279655,0.0715875483816905,0.0165233691518335,0.0191824182010321,0.0212569501419829
"SPEECH_635",NA,NA,NA,NA,NA,NA,NA,NA,NA,NA,NA,NA,NA,NA,NA,NA,NA,NA,NA,NA,NA,NA,NA,NA,NA,NA,NA,NA,NA,NA,NA,NA,NA,NA,NA,NA,NA,NA,NA,NA,NA,NA,NA,NA,NA,NA,NA,NA,NA,NA,NA,NA,NA,NA,NA,NA,NA,NA,NA,NA,0.0318665287031337,0.0526563924971636,0.025872707421041,0.0183068738639986,0.0404908693974504,0.0380683305261402,0.0425163632523116,0.0291021204592734,0.0455693827313302,0.0307312845760805,0.020165991843721,0.080692204400014,0.0164803898457337,0.0228237194767346,0.0291459107189583,0.0263001746778756,0.0223453546148081,0.0194394276506619,0.0190136594166745,0.0359268354793351,0.0502163329023942,0.0146914433650064,0.0153478360590703,0.0130709015903551,0.0315550535505344,0.120903281047505,0.03365211424631,0.0336865759731527,0.0183197291850731,0.0210422105281588,0.044771290441315,0.0494036770642987,0.0295015110674257,0.0220384889114409,0.0725345008504788,0.019127539829532,0.0243100319676761,0.015209843752353,0.0348731789515124,0.0745655234561322,0.0117456759032059,0.0308645908998643,0.017551925532206,0.0258212099251113,0.0260671314948691,0.0211456278421414,0.012688680357459,0.0250643990510997,0.0527571575391025,0.0255564413379043,0.018142996084272,0.0367216125488689,0.0185218607988426,0.0601584888586733,0.0224638253780209,0.079842504279655,0.0715875483816905,0.0165233691518335,0.0191824182010321,0.0212569501419829
"SPEECH_645",NA,NA,NA,NA,NA,NA,NA,NA,NA,NA,NA,NA,NA,NA,NA,NA,NA,NA,NA,NA,NA,NA,NA,NA,NA,NA,NA,NA,NA,NA,NA,NA,NA,NA,NA,NA,NA,NA,NA,NA,NA,NA,NA,NA,NA,NA,NA,NA,NA,NA,NA,NA,NA,NA,NA,NA,NA,NA,NA,NA,0.0464983241065804,0.0338559126590003,0.0155086971009708,0.0337121879824116,0.0326907466731893,0.0391614945097009,0.0508201222324486,0.0158240971646173,0.0363734254650182,0.0285151809289773,0.0331407854672378,0.0561565956418349,0.0144978813873571,0.0474688348220478,0.0227097516072201,0.040700729118804,0.0467933165486988,0.0193347945199191,0.0388702087268351,0.0293297761301884,0.0225407813385442,0.0191607256814369,0.0218995207423239,0.0276390991607079,0.0709520609640066,0.038836193858628,0.0355648235891107,0.0322854128512,0.024109845333626,0.025048673687358,0.0314021658015878,0.0328956463481484,0.0170826902453131,0.0223626164521853,0.0333842493170798,0.0273140032112275,0.0349263983645337,0.0197506720209411,0.0909669900072277,0.0221456916711405,0.0250548879054939,0.0309918542464213,0.0234593860976818,0.0371797296214633,0.0261838927525816,0.0219986511628475,0.0404979785389653,0.0161385685856509,0.0391040009827868,0.0446641661107464,0.0484147459245591,0.0218683890339201,0.026313916013088,0.0220351083756968,0.0279959025719637,0.0608376058318605,0.0275455219431343,0.0806519297239801,0.0265670805615439,0.0202655605762297
"SPEECH_336",NA,NA,NA,NA,NA,NA,NA,NA,NA,NA,NA,NA,NA,NA,NA,NA,NA,NA,NA,NA,NA,NA,NA,NA,NA,NA,NA,NA,NA,NA,NA,NA,NA,NA,NA,NA,NA,NA,NA,NA,NA,NA,NA,NA,NA,NA,NA,NA,NA,NA,NA,NA,NA,NA,NA,NA,NA,NA,NA,NA,0.051115979284199,0.043778214995421,0.0146681990275738,0.0444384185299351,0.041789368878881,0.0390445757913469,0.0392250404824771,0.0147552351119943,0.021101082596962,0.0137962065456959,0.0455479597260797,0.0470443266931976,0.0143922971602601,0.0394816414431048,0.0141118675748888,0.0654183086860137,0.0880753755312555,0.0140495963477918,0.0476054347608454,0.0211442428421001,0.0189744810883342,0.0310909901115463,0.017698523505092,0.0158450339829037,0.0415495010064989,0.0361441856850211,0.0277917897431036,0.0379238529369272,0.0322987610451251,0.0200995088854245,0.0370283369273997,0.0391043785497684,0.0155936410162494,0.0256909333355674,0.045854642542143,0.0419237781342643,0.0251552231845157,0.0120084716393754,0.0417817151416847,0.0207380408214629,0.0396293197305522,0.0327372549214855,0.0162098732113881,0.0446395531488059,0.0180848795373634,0.0658826818844958,0.0495869194420734,0.0169721141136817,0.0426584776866794,0.0232715739455846,0.0374543846762137,0.017700595057245,0.0258313021525221,0.0397928710523659,0.0778142744130189,0.0426339912836416,0.0157808277859437,0.0384947694523745,0.0308303339818708,0.0191148412302631
"SPEECH_255",NA,NA,NA,NA,NA,NA,NA,NA,NA,NA,NA,NA,NA,NA,NA,NA,NA,NA,NA,NA,NA,NA,NA,NA,NA,NA,NA,NA,NA,NA,NA,NA,NA,NA,NA,NA,NA,NA,NA,NA,NA,NA,NA,NA,NA,NA,NA,NA,NA,NA,NA,NA,NA,NA,NA,NA,NA,NA,NA,NA,0.0376185058001983,0.0357563685760099,0.0160707834473044,0.0388235591806271,0.043109749235221,0.0289702663606926,0.0427280563493627,0.0209537384904111,0.0440795919658194,0.0311292521554623,0.0414656636582225,0.0364516719533517,0.0182362590927256,0.0273296890103543,0.0240867453796039,0.0275509184713718,0.03267395010947,0.0176364215557055,0.0164204448146305,0.0213422647546328,0.0355356794306461,0.0204804763087877,0.0324161686127941,0.0420451899674002,0.0457874397345139,0.0549894690484137,0.0302178051403135,0.0679930493521313,0.0287068143451731,0.0393940076986491,0.0340894584481443,0.0439285199695528,0.022785270938652,0.0279946562236236,0.0642096013220841,0.0277037437569799,0.034183840012448,0.0275361604715512,0.0340415106083182,0.0220634740001078,0.0217769886048315,0.0283852761565962,0.0190371009536699,0.0300664075802621,0.0413566933292894,0.0231888588856419,0.0357963982047926,0.0215641852823094,0.0229760234978533,0.025003430540602,0.0488932954131007,0.0243700186360421,0.0319258262284388,0.0297895178124733,0.0282347278594838,0.0594513070764445,0.0389772193718568,0.0541200831934331,0.0373109229773168,0.0392394826441001
"SPEECH_342",NA,NA,NA,NA,NA,NA,NA,NA,NA,NA,NA,NA,NA,NA,NA,NA,NA,NA,NA,NA,NA,NA,NA,NA,NA,NA,NA,NA,NA,NA,NA,NA,NA,NA,NA,NA,NA,NA,NA,NA,NA,NA,NA,NA,NA,NA,NA,NA,NA,NA,NA,NA,NA,NA,NA,NA,NA,NA,NA,NA,0.0276187443850787,0.0349197358837721,0.0237788070253176,0.0272348962166831,0.0451530033556012,0.0411640615134645,0.0260350662860283,0.0260210746754678,0.0574158254142319,0.03925337828582,0.0306518337725834,0.0315187173021339,0.0301510863584084,0.0317977537874901,0.0338175225062378,0.0211145982782582,0.0360272079272434,0.0188895762459394,0.0195066648166183,0.0299672150957824,0.0423087745208609,0.0253580853097517,0.0255821017979546,0.0500940956229852,0.0414070892917097,0.0470122964491062,0.0354727387939102,0.0456604984969194,0.0317811858072649,0.0232863647773767,0.024837990074442,0.0332031936648132,0.0179818928551812,0.0362922239143048,0.0551774975853429,0.0369834694936749,0.0248370952378924,0.0180520315869204,0.0698218952929801,0.02461432307337,0.0278823540330065,0.0222580080522494,0.0241352502227885,0.0488243248179635,0.0281825745227624,0.0315980525159426,0.0357437464350375,0.0278487847642275,0.0240600888557452,0.047890137367251,0.0295300025010203,0.0231685784016422,0.022522496101503,0.031555814774687,0.0516888127829617,0.0281353975561085,0.0469326695800015,0.0496151870965593,0.0201656050796751,0.0364605017599455
"SPEECH_466",NA,NA,NA,NA,NA,NA,NA,NA,NA,NA,NA,NA,NA,NA,NA,NA,NA,NA,NA,NA,NA,NA,NA,NA,NA,NA,NA,NA,NA,NA,NA,NA,NA,NA,NA,NA,NA,NA,NA,NA,NA,NA,NA,NA,NA,NA,NA,NA,NA,NA,NA,NA,NA,NA,NA,NA,NA,NA,NA,NA,0.0276187443850787,0.0349197358837721,0.0237788070253176,0.0272348962166831,0.0451530033556012,0.0411640615134645,0.0260350662860283,0.0260210746754678,0.0574158254142319,0.03925337828582,0.0306518337725834,0.0315187173021339,0.0301510863584084,0.0317977537874901,0.0338175225062378,0.0211145982782582,0.0360272079272434,0.0188895762459394,0.0195066648166183,0.0299672150957824,0.0423087745208609,0.0253580853097517,0.0255821017979546,0.0500940956229852,0.0414070892917097,0.0470122964491062,0.0354727387939102,0.0456604984969194,0.0317811858072649,0.0232863647773767,0.024837990074442,0.0332031936648132,0.0179818928551812,0.0362922239143048,0.0551774975853429,0.0369834694936749,0.0248370952378924,0.0180520315869204,0.0698218952929801,0.02461432307337,0.0278823540330065,0.0222580080522494,0.0241352502227885,0.0488243248179635,0.0281825745227624,0.0315980525159426,0.0357437464350375,0.0278487847642275,0.0240600888557452,0.047890137367251,0.0295300025010203,0.0231685784016422,0.022522496101503,0.031555814774687,0.0516888127829617,0.0281353975561085,0.0469326695800015,0.0496151870965593,0.0201656050796751,0.0364605017599455
"SPEECH_412",NA,NA,NA,NA,NA,NA,NA,NA,NA,NA,NA,NA,NA,NA,NA,NA,NA,NA,NA,NA,NA,NA,NA,NA,NA,NA,NA,NA,NA,NA,NA,NA,NA,NA,NA,NA,NA,NA,NA,NA,NA,NA,NA,NA,NA,NA,NA,NA,NA,NA,NA,NA,NA,NA,NA,NA,NA,NA,NA,NA,0.0218806421663929,0.0490267331007216,0.0208556271375651,0.0252158770738705,0.0424886700137378,0.0374124037123134,0.028509089117785,0.0209955332838953,0.06677016816918,0.0160295957976159,0.0236638957080997,0.0351682916086523,0.027940170933393,0.0427290766985365,0.0237571746665721,0.0349101068319316,0.0414832368132426,0.0203079953759545,0.0264369992010704,0.0332446839667413,0.0313776616998001,0.0338961720553432,0.0182705911312155,0.0193490666360883,0.0666398388515722,0.0563846829052233,0.0362345258594814,0.0466207188442259,0.0299677607335633,0.0224330099062152,0.0316843969674301,0.0309039883520538,0.0166283867512091,0.0199554820939908,0.0523088288839462,0.041922178610228,0.0404718743160131,0.0229074158687822,0.0335018615576035,0.016986219239564,0.0351394102445494,0.0271327869641327,0.0173102901305276,0.0417075542357713,0.0151575943171334,0.0522206613315606,0.0619053228850061,0.0203852103440325,0.0340033391580027,0.0205801095037215,0.0332292974714532,0.017751598713122,0.0210595221478065,0.0158648837563761,0.0720438017877281,0.0513482698195779,0.0669705993628191,0.0355550198441443,0.0184817822135912,0.034882313128123
"SPEECH_425",NA,NA,NA,NA,NA,NA,NA,NA,NA,NA,NA,NA,NA,NA,NA,NA,NA,NA,NA,NA,NA,NA,NA,NA,NA,NA,NA,NA,NA,NA,NA,NA,NA,NA,NA,NA,NA,NA,NA,NA,NA,NA,NA,NA,NA,NA,NA,NA,NA,NA,NA,NA,NA,NA,NA,NA,NA,NA,NA,NA,0.0218806421663929,0.0490267331007216,0.0208556271375651,0.0252158770738705,0.0424886700137378,0.0374124037123134,0.028509089117785,0.0209955332838953,0.06677016816918,0.0160295957976159,0.0236638957080997,0.0351682916086523,0.027940170933393,0.0427290766985365,0.0237571746665721,0.0349101068319316,0.0414832368132426,0.0203079953759545,0.0264369992010704,0.0332446839667413,0.0313776616998001,0.0338961720553432,0.0182705911312155,0.0193490666360883,0.0666398388515722,0.0563846829052233,0.0362345258594814,0.0466207188442259,0.0299677607335633,0.0224330099062152,0.0316843969674301,0.0309039883520538,0.0166283867512091,0.0199554820939908,0.0523088288839462,0.041922178610228,0.0404718743160131,0.0229074158687822,0.0335018615576035,0.016986219239564,0.0351394102445494,0.0271327869641327,0.0173102901305276,0.0417075542357713,0.0151575943171334,0.0522206613315606,0.0619053228850061,0.0203852103440325,0.0340033391580027,0.0205801095037215,0.0332292974714532,0.017751598713122,0.0210595221478065,0.0158648837563761,0.0720438017877281,0.0513482698195779,0.0669705993628191,0.0355550198441443,0.0184817822135912,0.034882313128123
"SPEECH_602",NA,NA,NA,NA,NA,NA,NA,NA,NA,NA,NA,NA,NA,NA,NA,NA,NA,NA,NA,NA,NA,NA,NA,NA,NA,NA,NA,NA,NA,NA,NA,NA,NA,NA,NA,NA,NA,NA,NA,NA,NA,NA,NA,NA,NA,NA,NA,NA,NA,NA,NA,NA,NA,NA,NA,NA,NA,NA,NA,NA,0.0322735314756636,0.0198831938560296,0.0134851809667404,0.076381799625921,0.0308760927809936,0.0306557518834133,0.02753058951637,0.00971184901721752,0.0189329825724715,0.010119477528024,0.0357161666027965,0.0653303249964102,0.0139096677171391,0.0644200696085742,0.0237322798201959,0.0850495346032703,0.0803484035243042,0.0164826372643584,0.0322583158459968,0.010120489315023,0.0171380581158461,0.0130204673224827,0.0100433427000903,0.0177230832586885,0.0662514021481662,0.0135616250269283,0.0190147244939089,0.07111712122043,0.0516392086945213,0.0232726284980242,0.029181316290487,0.0361655132302906,0.0147085513398284,0.0677544773035503,0.0358280633549697,0.0270883818533505,0.0343064149025629,0.0214965383935821,0.0703368884682785,0.0207520651601576,0.0281615258520853,0.0251123276411196,0.0326499414360201,0.0382938770602206,0.0183722583087668,0.0462124135127725,0.0323723329054586,0.0182341344350421,0.0166961115329837,0.02438045561057,0.036133958336388,0.0222849312035894,0.0273429980629441,0.0381322869261563,0.0535984612274306,0.0368624175954084,0.0289276148189527,0.0599653608695106,0.0389241889218334,0.0197241934456898
"SPEECH_259",NA,NA,NA,NA,NA,NA,NA,NA,NA,NA,NA,NA,NA,NA,NA,NA,NA,NA,NA,NA,NA,NA,NA,NA,NA,NA,NA,NA,NA,NA,NA,NA,NA,NA,NA,NA,NA,NA,NA,NA,NA,NA,NA,NA,NA,NA,NA,NA,NA,NA,NA,NA,NA,NA,NA,NA,NA,NA,NA,NA,0.0264741022343658,0.0272758867518669,0.024052917648808,0.0498485619375107,0.0309992240928014,0.0290546767731624,0.0237231187018118,0.0233874540152392,0.0674668420152811,0.0527951639283052,0.038270415752811,0.0218228261022143,0.0216403931216033,0.0262736893260633,0.024383342991358,0.0522516935501599,0.0381204162963754,0.0196877749298114,0.0143830602936961,0.023235226634332,0.029785367955405,0.030086614283744,0.0541356667574532,0.0406290990062774,0.0458459014574999,0.0588166410083512,0.0360648316417668,0.0226359251741656,0.024458859860637,0.0223943057571225,0.0246688020645095,0.0317083032528691,0.0216227857529992,0.0236265908745035,0.0653726850768432,0.0355998551373013,0.0388552658839995,0.0177373654836144,0.0836847415516541,0.0205683230104342,0.0441287478472593,0.0360553644451882,0.01928771989852,0.0257688791581033,0.0392334702062509,0.0464410531598265,0.0269075119715309,0.0284065537581375,0.0171413578300326,0.0201825804515757,0.0294117122721079,0.0131738161036593,0.0130670573023379,0.0277037174835235,0.033202469662455,0.0603748983869811,0.0568236380826502,0.0415796761159493,0.0191629408413868,0.0385021169337963
"SPEECH_330",NA,NA,NA,NA,NA,NA,NA,NA,NA,NA,NA,NA,NA,NA,NA,NA,NA,NA,NA,NA,NA,NA,NA,NA,NA,NA,NA,NA,NA,NA,NA,NA,NA,NA,NA,NA,NA,NA,NA,NA,NA,NA,NA,NA,NA,NA,NA,NA,NA,NA,NA,NA,NA,NA,NA,NA,NA,NA,NA,NA,0.0263767480300414,0.0200078288084124,0.011147017302399,0.037236243993023,0.0455180842121173,0.0471447272920352,0.0577956126976822,0.0173484436045196,0.0473263671623445,0.043564475479275,0.043741234529467,0.0502495861619684,0.0293259478611271,0.0343146041622303,0.0186649351483072,0.0593610422975595,0.0465849879312112,0.020217969049678,0.0201825547796585,0.0265869307098248,0.0232684437405675,0.0193617617074738,0.0128883430753581,0.0203555896398612,0.0369740289161496,0.0683513272301053,0.0178781850711088,0.0400951820710148,0.0413186473727021,0.0168131499627771,0.031801818948002,0.034010432172372,0.0129934710415008,0.0284071424467114,0.0486421104644767,0.0449857692664325,0.0410210775447337,0.025507861777759,0.0258662868715667,0.0216627231677497,0.0260253648824271,0.048843281591923,0.0291149498459142,0.0389596728734207,0.0231341953863392,0.0345560739342848,0.0241281142142802,0.0283049911510596,0.0257751312977411,0.0233224226765229,0.028743410443005,0.0234233222797903,0.0290488997045292,0.0484068921423168,0.0663456812411382,0.0524490105760483,0.0455058110681751,0.0203334197954967,0.0223943176948182,0.0462863434994649
"SPEECH_261",NA,NA,NA,NA,NA,NA,NA,NA,NA,NA,NA,NA,NA,NA,NA,NA,NA,NA,NA,NA,NA,NA,NA,NA,NA,NA,NA,NA,NA,NA,NA,NA,NA,NA,NA,NA,NA,NA,NA,NA,NA,NA,NA,NA,NA,NA,NA,NA,NA,NA,NA,NA,NA,NA,NA,NA,NA,NA,NA,NA,0.0331216538576524,0.0514000309578162,0.0175766278063498,0.0290896757643906,0.0720606787148049,0.0316333803768951,0.0223960015350355,0.0172150209384095,0.0516267204877906,0.0163158154009827,0.0245552103329029,0.0409019627037653,0.037133749450642,0.0346094673942213,0.0200268543646256,0.0402665855617185,0.0169206628433858,0.0160909011853781,0.0174796530316949,0.0405666052726868,0.052101787315069,0.0220447543340501,0.0199320087084839,0.026368232125367,0.0341788176956416,0.0448056766538609,0.0474640346866418,0.0535530085218977,0.0339383382173681,0.0346260837604716,0.0219388137819596,0.0368582522212934,0.0125381961618593,0.0462132168676755,0.0766043780108327,0.0267700350372002,0.0234015576244986,0.0154269114712235,0.0296691645749648,0.022899750555155,0.0577416477567568,0.0276317105552496,0.0325180790422733,0.0293611533880702,0.0169164396048874,0.0731603570031704,0.0337984068390152,0.0167191684243389,0.022249815426868,0.0399640799229275,0.0159446978188608,0.0253110969983631,0.0165241322048341,0.0393714560881721,0.0215045737208347,0.0731637512227292,0.0317465706426627,0.0308794515599417,0.0312917966351006,0.051881338838281
"SPEECH_426",NA,NA,NA,NA,NA,NA,NA,NA,NA,NA,NA,NA,NA,NA,NA,NA,NA,NA,NA,NA,NA,NA,NA,NA,NA,NA,NA,NA,NA,NA,NA,NA,NA,NA,NA,NA,NA,NA,NA,NA,NA,NA,NA,NA,NA,NA,NA,NA,NA,NA,NA,NA,NA,NA,NA,NA,NA,NA,NA,NA,0.0331216538576524,0.0514000309578162,0.0175766278063498,0.0290896757643906,0.0720606787148049,0.0316333803768951,0.0223960015350355,0.0172150209384095,0.0516267204877906,0.0163158154009827,0.0245552103329029,0.0409019627037653,0.037133749450642,0.0346094673942213,0.0200268543646256,0.0402665855617185,0.0169206628433858,0.0160909011853781,0.0174796530316949,0.0405666052726868,0.052101787315069,0.0220447543340501,0.0199320087084839,0.026368232125367,0.0341788176956416,0.0448056766538609,0.0474640346866418,0.0535530085218977,0.0339383382173681,0.0346260837604716,0.0219388137819596,0.0368582522212934,0.0125381961618593,0.0462132168676755,0.0766043780108327,0.0267700350372002,0.0234015576244986,0.0154269114712235,0.0296691645749648,0.022899750555155,0.0577416477567568,0.0276317105552496,0.0325180790422733,0.0293611533880702,0.0169164396048874,0.0731603570031704,0.0337984068390152,0.0167191684243389,0.022249815426868,0.0399640799229275,0.0159446978188608,0.0253110969983631,0.0165241322048341,0.0393714560881721,0.0215045737208347,0.0731637512227292,0.0317465706426627,0.0308794515599417,0.0312917966351006,0.051881338838281
"SPEECH_266",NA,NA,NA,NA,NA,NA,NA,NA,NA,NA,NA,NA,NA,NA,NA,NA,NA,NA,NA,NA,NA,NA,NA,NA,NA,NA,NA,NA,NA,NA,NA,NA,NA,NA,NA,NA,NA,NA,NA,NA,NA,NA,NA,NA,NA,NA,NA,NA,NA,NA,NA,NA,NA,NA,NA,NA,NA,NA,NA,NA,0.0269918279342094,0.0731284619110414,0.0135161235131336,0.0162390044968841,0.0486283431674896,0.0175203520211032,0.0219008730990412,0.0120569055882199,0.0667766965877827,0.0240114181894005,0.0593242864546264,0.0952539950600129,0.0334822919135887,0.0310751383954132,0.01893397669454,0.0514395709743419,0.016026929029022,0.0095433616780772,0.017145838394544,0.0475623859125164,0.0102273193800329,0.0124778448497145,0.0532846004738644,0.0422837322905508,0.0279737255092038,0.0215450033887092,0.0440157970420284,0.0204146929479835,0.0435135107130207,0.0237059923899035,0.0313875472998179,0.0589370168146812,0.0158178310371072,0.0216704778938774,0.0436374369470562,0.018606640219184,0.021196616176353,0.0200043679863668,0.0279070739853651,0.0282371492641302,0.0286487146775082,0.0552391727729006,0.0390723509289486,0.0436551768125372,0.0169637342312697,0.0588105040298435,0.0342669727843673,0.0187971454473734,0.023052099863253,0.0388777185425689,0.0189214709200389,0.0162380480753275,0.0151568712584607,0.0288132490920358,0.0359775042609887,0.0818674686252341,0.0379312953140197,0.0639970036737943,0.0322219454335559,0.024089395632035
"SPEECH_487",NA,NA,NA,NA,NA,NA,NA,NA,NA,NA,NA,NA,NA,NA,NA,NA,NA,NA,NA,NA,NA,NA,NA,NA,NA,NA,NA,NA,NA,NA,NA,NA,NA,NA,NA,NA,NA,NA,NA,NA,NA,NA,NA,NA,NA,NA,NA,NA,NA,NA,NA,NA,NA,NA,NA,NA,NA,NA,NA,NA,0.0247740067761417,0.0652656449477089,0.0185682949413406,0.0246660303803238,0.0327496073224182,0.0243111350644637,0.0481737855782363,0.0110048960161783,0.0584165719540164,0.0271214927494934,0.0485413166820129,0.0511969401372949,0.0180436987130895,0.0488767953245822,0.0167021271565138,0.0584194333063587,0.0650631143912196,0.0201851881030661,0.0225857414203803,0.0172633708253185,0.0306236886321909,0.0209237350345785,0.0119875893421133,0.0233772003491868,0.044022577404359,0.0369731336903879,0.0238002271305536,0.0412945851301499,0.048636533659727,0.0164315378365952,0.0309049336706195,0.079250997600154,0.0196014715738162,0.0259134545995689,0.0422300169935466,0.0392757413758097,0.0390578184148316,0.0210488141517507,0.0614630182440357,0.0221340071901208,0.0214079864506901,0.027614036130838,0.0180610985413354,0.0578304323165455,0.0198470124707249,0.0434074391907285,0.0466658281377831,0.0191758435394062,0.014895942911662,0.0171742248765932,0.0314907126850088,0.0322820206715795,0.0158755343874422,0.0294978201355042,0.035889759054924,0.0387752258424658,0.0392749985807904,0.0618605283334215,0.0258885053084799,0.0222047766198231
"SPEECH_588",NA,NA,NA,NA,NA,NA,NA,NA,NA,NA,NA,NA,NA,NA,NA,NA,NA,NA,NA,NA,NA,NA,NA,NA,NA,NA,NA,NA,NA,NA,NA,NA,NA,NA,NA,NA,NA,NA,NA,NA,NA,NA,NA,NA,NA,NA,NA,NA,NA,NA,NA,NA,NA,NA,NA,NA,NA,NA,NA,NA,0.0370215225369815,0.0505809985803712,0.0174382418289086,0.030145485569351,0.0263749675395609,0.0374238305889638,0.0453181136304381,0.0200266542627599,0.0459037466605427,0.0231486299686165,0.0240533943416349,0.0703516176260544,0.0239691852703462,0.0621075435844451,0.0273826859246945,0.0476666587686475,0.0611135271445862,0.0224932790804135,0.0203477635096239,0.0172092908350467,0.0149158892315759,0.0197362792415011,0.0293686596000221,0.0232221616358481,0.0444984154667895,0.0389351885733251,0.0338680445629777,0.0456090449934249,0.0187896199218808,0.0209795595206676,0.0381111128440553,0.0674726183785162,0.0187386114819139,0.0287830941802355,0.0649501606355451,0.0306816240751522,0.0450711834338036,0.0195758382340727,0.0271384746208478,0.0150821873125628,0.0200144841194078,0.135004755989826,0.0210253905842427,0.0406784442064515,0.0271992210122722,0.0272036742953706,0.0336312006622702,0.0192157260078206,0.0202247605520042,0.0225746162516742,0.0124478309820482,0.0175321300137533,0.0179783218937772,0.0170865064069008,0.0198079834754912,0.0420184198072192,0.0278247065904677,0.0378337403580088,0.048250982624534,0.0368421989697544
"SPEECH_617",NA,NA,NA,NA,NA,NA,NA,NA,NA,NA,NA,NA,NA,NA,NA,NA,NA,NA,NA,NA,NA,NA,NA,NA,NA,NA,NA,NA,NA,NA,NA,NA,NA,NA,NA,NA,NA,NA,NA,NA,NA,NA,NA,NA,NA,NA,NA,NA,NA,NA,NA,NA,NA,NA,NA,NA,NA,NA,NA,NA,0.0448589752811996,0.0709926717800266,0.0126850843679232,0.0286094302775088,0.0249382025058571,0.0311977081206219,0.0450124870823206,0.0188645534810685,0.0172627524319627,0.0267776745035321,0.0348028317828293,0.0383149779449744,0.0164999698513212,0.0346436485023207,0.0243273356890862,0.0828964170987131,0.0584356247541382,0.0203398216415842,0.0342987216620304,0.0178553604372403,0.018578880573675,0.0449198720169193,0.0135346265425297,0.0302905728059837,0.0396922619747857,0.042588910873819,0.0294155366497194,0.0340336213863926,0.0385329295106083,0.0247985384693083,0.0402351789821734,0.0465537553549275,0.0146528986694685,0.023887429117912,0.0526534657464084,0.0331301077087065,0.0226659598614436,0.0174866920285803,0.0703740122941156,0.0368339903826492,0.0398746578472346,0.0234116890638048,0.0262101709153523,0.040873723792678,0.017182601037869,0.0476999346052433,0.0293439075049938,0.017067579834303,0.0232356517980915,0.0210919707818835,0.0217825680495753,0.0191380004575122,0.0374962473823785,0.0314248603366722,0.0461329106649098,0.0523417493148823,0.0203595343011199,0.0678769775363997,0.0321809520475564,0.0268008225811547
"SPEECH_232",NA,NA,NA,NA,NA,NA,NA,NA,NA,NA,NA,NA,NA,NA,NA,NA,NA,NA,NA,NA,NA,NA,NA,NA,NA,NA,NA,NA,NA,NA,NA,NA,NA,NA,NA,NA,NA,NA,NA,NA,NA,NA,NA,NA,NA,NA,NA,NA,NA,NA,NA,NA,NA,NA,NA,NA,NA,NA,NA,NA,0.0332666249186028,0.0707801914878468,0.015265123530462,0.0269483460979147,0.0134409170068959,0.0876045319650302,0.0614183795808277,0.0102905379421098,0.014602111841098,0.0117505162254896,0.0587679492954192,0.0259938400076417,0.0128003503886086,0.083514735419853,0.0106938754233989,0.0528591214721357,0.0677017721429267,0.0182013739565102,0.0179412703502136,0.0116539960796012,0.0184843766112951,0.0143667309860017,0.0132028186040201,0.0444783773286399,0.054388392919228,0.0145897375366792,0.0138312354145681,0.05518766091707,0.0283044339068156,0.0376706706430958,0.0313267265061122,0.0527893872031266,0.0141613063411786,0.0452487376302972,0.0332942215157551,0.0264926514281408,0.0480353364734428,0.0126978295589987,0.083516780082117,0.0265542204811647,0.029995528113896,0.0378564396559758,0.0320152644031378,0.0416957864892255,0.0148984790281727,0.0364700550078754,0.0243328068790634,0.0153897678285737,0.0127299766811359,0.0247952838793937,0.0163502830845047,0.0172510545265815,0.0198273702365675,0.0300593468716082,0.0535507712506753,0.044223667952177,0.0249511219655161,0.0680579053041112,0.0373744632300477,0.0440574303914274
"SPEECH_339",NA,NA,NA,NA,NA,NA,NA,NA,NA,NA,NA,NA,NA,NA,NA,NA,NA,NA,NA,NA,NA,NA,NA,NA,NA,NA,NA,NA,NA,NA,NA,NA,NA,NA,NA,NA,NA,NA,NA,NA,NA,NA,NA,NA,NA,NA,NA,NA,NA,NA,NA,NA,NA,NA,NA,NA,NA,NA,NA,NA,0.0402891840314868,0.0402326881396556,0.0149100060018875,0.0387188928535003,0.0184054095299626,0.0607045298057329,0.0328487487633179,0.0171802321091365,0.0415770610157501,0.0108092410604824,0.0227152243206812,0.0420098023262147,0.00909008837074196,0.0632950266107076,0.0161462878147229,0.0667612501217235,0.0392282652173127,0.0238430236931921,0.0238116384033362,0.0107480568884977,0.01239897437379,0.00830392410948879,0.0337598635771191,0.025205383937746,0.148484378718798,0.012326366441505,0.0203738342932651,0.0687529181348132,0.0231918191366386,0.0138778801987932,0.0464484621804372,0.0657713122437464,0.0128165173016964,0.0188129597966037,0.0340928458760152,0.0322369152666584,0.054141093692461,0.0150568715708373,0.108377584776479,0.0262735819440627,0.0205337052381563,0.0710117617196945,0.0278665862451138,0.0286956048114179,0.0155749543841044,0.0355316990337964,0.0404789824721948,0.0157799897065156,0.0203250912156743,0.0203560296359852,0.0117477918696864,0.016408458239758,0.021287496516246,0.0150934677454871,0.0388845534178338,0.023011048145334,0.0202760761352137,0.0548784976272654,0.0541621359882205,0.0340679252033046
"SPEECH_485",NA,NA,NA,NA,NA,NA,NA,NA,NA,NA,NA,NA,NA,NA,NA,NA,NA,NA,NA,NA,NA,NA,NA,NA,NA,NA,NA,NA,NA,NA,NA,NA,NA,NA,NA,NA,NA,NA,NA,NA,NA,NA,NA,NA,NA,NA,NA,NA,NA,NA,NA,NA,NA,NA,NA,NA,NA,NA,NA,NA,0.0402891840314868,0.0402326881396556,0.0149100060018875,0.0387188928535003,0.0184054095299626,0.0607045298057329,0.0328487487633179,0.0171802321091365,0.0415770610157501,0.0108092410604824,0.0227152243206812,0.0420098023262147,0.00909008837074196,0.0632950266107076,0.0161462878147229,0.0667612501217235,0.0392282652173127,0.0238430236931921,0.0238116384033362,0.0107480568884977,0.01239897437379,0.00830392410948879,0.0337598635771191,0.025205383937746,0.148484378718798,0.012326366441505,0.0203738342932651,0.0687529181348132,0.0231918191366386,0.0138778801987932,0.0464484621804372,0.0657713122437464,0.0128165173016964,0.0188129597966037,0.0340928458760152,0.0322369152666584,0.054141093692461,0.0150568715708373,0.108377584776479,0.0262735819440627,0.0205337052381563,0.0710117617196945,0.0278665862451138,0.0286956048114179,0.0155749543841044,0.0355316990337964,0.0404789824721948,0.0157799897065156,0.0203250912156743,0.0203560296359852,0.0117477918696864,0.016408458239758,0.021287496516246,0.0150934677454871,0.0388845534178338,0.023011048145334,0.0202760761352137,0.0548784976272654,0.0541621359882205,0.0340679252033046
"SPEECH_484",NA,NA,NA,NA,NA,NA,NA,NA,NA,NA,NA,NA,NA,NA,NA,NA,NA,NA,NA,NA,NA,NA,NA,NA,NA,NA,NA,NA,NA,NA,NA,NA,NA,NA,NA,NA,NA,NA,NA,NA,NA,NA,NA,NA,NA,NA,NA,NA,NA,NA,NA,NA,NA,NA,NA,NA,NA,NA,NA,NA,0.0312389357729884,0.0282465502840882,0.0190041322071006,0.0284048006203144,0.0465375858306931,0.0232584064752681,0.0427853069969914,0.0185912082098019,0.0780657609127034,0.0281817232313795,0.0364873855645357,0.0340717389900376,0.0250870074618052,0.0547130956182799,0.0407099206622434,0.0338317274621879,0.0401028795912547,0.0198338168898672,0.0192710263214975,0.0218981641562911,0.0192796219899209,0.0182042738220731,0.0252410661693199,0.037587461148208,0.0367081709856865,0.0357676503173617,0.027317246186598,0.0506800116695884,0.0491262685373295,0.0297670559145848,0.0558547511892761,0.0441850536782865,0.0162909820172742,0.049098293714118,0.0276855781406653,0.0432384485590237,0.0605416974232884,0.0197787093976442,0.0260761898882681,0.0265843345854671,0.021064678191219,0.0705769168614597,0.0193284247796735,0.0551084396251725,0.0193299576139669,0.0436132135699432,0.0219799377512724,0.0207121167135603,0.0176279538889349,0.0156611435641908,0.0356246629338238,0.034595109925326,0.0170472762470577,0.0270831637011174,0.0462251240571472,0.0398436733536633,0.0301909528707458,0.0450842480870902,0.0247878265076642,0.0251811411636596
"SPEECH_482",NA,NA,NA,NA,NA,NA,NA,NA,NA,NA,NA,NA,NA,NA,NA,NA,NA,NA,NA,NA,NA,NA,NA,NA,NA,NA,NA,NA,NA,NA,NA,NA,NA,NA,NA,NA,NA,NA,NA,NA,NA,NA,NA,NA,NA,NA,NA,NA,NA,NA,NA,NA,NA,NA,NA,NA,NA,NA,NA,NA,0.0558547511892761,0.0441850536782865,0.0162909820172742,0.049098293714118,0.0276855781406653,0.0432384485590237,0.0605416974232884,0.0197787093976442,0.0260761898882681,0.0265843345854671,0.021064678191219,0.0705769168614597,0.0193284247796735,0.0551084396251725,0.0193299576139669,0.0436132135699432,0.0219799377512724,0.0207121167135603,0.0176279538889349,0.0156611435641908,0.0356246629338238,0.034595109925326,0.0170472762470577,0.0270831637011174,0.0462251240571472,0.0398436733536633,0.0301909528707458,0.0450842480870902,0.0247878265076642,0.0251811411636596,0.0404326671334141,0.0367450664084185,0.0213504018994618,0.0261817745767853,0.0431026120392058,0.0192090320498471,0.0567546787473148,0.020049031540391,0.0393110640644896,0.0393423312374417,0.0235316801956483,0.051341348244866,0.0293352133466703,0.0229968136006233,0.0292746591866694,0.0311673453271377,0.034234503597233,0.016461073666916,0.0299483508321414,0.0289714433137142,0.0276887692278143,0.0366479321032118,0.0287227918646597,0.0369294984520702,0.0401293954428847,0.063134770943465,0.0162022537707039,0.0538535980741335,0.0385213821201748,0.0184285169924928
"SPEECH_226",NA,NA,NA,NA,NA,NA,NA,NA,NA,NA,NA,NA,NA,NA,NA,NA,NA,NA,NA,NA,NA,NA,NA,NA,NA,NA,NA,NA,NA,NA,NA,NA,NA,NA,NA,NA,NA,NA,NA,NA,NA,NA,NA,NA,NA,NA,NA,NA,NA,NA,NA,NA,NA,NA,NA,NA,NA,NA,NA,NA,0.0241732048510015,0.0634101622262982,0.0142836889446701,0.0252037625218269,0.0349708103050915,0.0377462657873658,0.0285924937806007,0.0273524249459893,0.0427624721164549,0.0300204644820964,0.0292223855500419,0.0400181131719931,0.0151376252998593,0.0438058704246136,0.0252625774392003,0.0501057321809176,0.033144625074763,0.0292550973688791,0.0171746243868323,0.0244156842146766,0.0247895495160983,0.0206727481644632,0.0171747181858748,0.0211712109513807,0.0541909685536428,0.0529937962281988,0.089859887353294,0.0337891135884987,0.0304099979501344,0.0188899244352424,0.0414479014340729,0.0409394577670317,0.0148809836082101,0.0307440098601747,0.0522438875601551,0.0435640267151473,0.0466834015401035,0.0169620061995204,0.0160635421262779,0.0184091268277024,0.0209060778823032,0.043760970865277,0.0208069434777173,0.0460642239445321,0.0211385907071917,0.0498414408369304,0.0324467225640313,0.025392759836914,0.0226802052381126,0.018375047773421,0.0374551375831694,0.0192816507864431,0.0213309754996107,0.0534075413764668,0.0512795343520665,0.0472725737801353,0.0376369858411642,0.0426908242564141,0.03053926223127,0.0357541875284332
"SPEECH_340",NA,NA,NA,NA,NA,NA,NA,NA,NA,NA,NA,NA,NA,NA,NA,NA,NA,NA,NA,NA,NA,NA,NA,NA,NA,NA,NA,NA,NA,NA,NA,NA,NA,NA,NA,NA,NA,NA,NA,NA,NA,NA,NA,NA,NA,NA,NA,NA,NA,NA,NA,NA,NA,NA,NA,NA,NA,NA,NA,NA,0.0241732048510015,0.0634101622262982,0.0142836889446701,0.0252037625218269,0.0349708103050915,0.0377462657873658,0.0285924937806007,0.0273524249459893,0.0427624721164549,0.0300204644820964,0.0292223855500419,0.0400181131719931,0.0151376252998593,0.0438058704246136,0.0252625774392003,0.0501057321809176,0.033144625074763,0.0292550973688791,0.0171746243868323,0.0244156842146766,0.0247895495160983,0.0206727481644632,0.0171747181858748,0.0211712109513807,0.0541909685536428,0.0529937962281988,0.089859887353294,0.0337891135884987,0.0304099979501344,0.0188899244352424,0.0414479014340729,0.0409394577670317,0.0148809836082101,0.0307440098601747,0.0522438875601551,0.0435640267151473,0.0466834015401035,0.0169620061995204,0.0160635421262779,0.0184091268277024,0.0209060778823032,0.043760970865277,0.0208069434777173,0.0460642239445321,0.0211385907071917,0.0498414408369304,0.0324467225640313,0.025392759836914,0.0226802052381126,0.018375047773421,0.0374551375831694,0.0192816507864431,0.0213309754996107,0.0534075413764668,0.0512795343520665,0.0472725737801353,0.0376369858411642,0.0426908242564141,0.03053926223127,0.0357541875284332
"SPEECH_400",NA,NA,NA,NA,NA,NA,NA,NA,NA,NA,NA,NA,NA,NA,NA,NA,NA,NA,NA,NA,NA,NA,NA,NA,NA,NA,NA,NA,NA,NA,NA,NA,NA,NA,NA,NA,NA,NA,NA,NA,NA,NA,NA,NA,NA,NA,NA,NA,NA,NA,NA,NA,NA,NA,NA,NA,NA,NA,NA,NA,0.0787215412911231,0.0374115849843766,0.0161265363801625,0.037096404859194,0.0296753924801555,0.0299140574924436,0.053536948978749,0.0185665163163977,0.0229526893368137,0.0675308826250549,0.0421820775930317,0.0416450065484531,0.0213335119563701,0.0586971307809638,0.00958789159950723,0.0381838478970101,0.0573601224564927,0.0138488075881333,0.0312497856664741,0.0168246673176139,0.0195535714623362,0.0177106903204861,0.0210412030051973,0.022226795711547,0.0297226638437542,0.0195117097272317,0.0188843926566718,0.0377885110425763,0.0517904342194565,0.039324623862222,0.0236326670229513,0.0483133534106367,0.0169040584684553,0.0333892407532292,0.0315975668223119,0.0587613966018014,0.0370870772089511,0.0257142458844893,0.0311748616355365,0.0164507456423264,0.028146507610709,0.0486719616646148,0.0150583815554267,0.0628291408884421,0.0168091435437516,0.0546821906105826,0.026897165300653,0.0233584270931947,0.0246200210243214,0.0263400023764792,0.044215817695646,0.021345356190861,0.0410409093072741,0.0259053845345738,0.0657645453413532,0.0205179731967387,0.0272598564538005,0.0458528646952509,0.0295390924884501,0.0281200449771875
"SPEECH_578",NA,NA,NA,NA,NA,NA,NA,NA,NA,NA,NA,NA,NA,NA,NA,NA,NA,NA,NA,NA,NA,NA,NA,NA,NA,NA,NA,NA,NA,NA,NA,NA,NA,NA,NA,NA,NA,NA,NA,NA,NA,NA,NA,NA,NA,NA,NA,NA,NA,NA,NA,NA,NA,NA,NA,NA,NA,NA,NA,NA,0.0311421308292779,0.0581392005209897,0.0144870150171598,0.0250378607209234,0.0431390510014769,0.0312736455016219,0.0474573062402926,0.0145236943495909,0.0277904745357829,0.0197531155916286,0.0445577821971368,0.0575652342865891,0.021404350481284,0.0518967713017945,0.0164833944250555,0.0978350623330128,0.0419849125043639,0.0145349981666791,0.0271433023937732,0.0231152220335459,0.0264077510867434,0.0322429610821536,0.0112328430313824,0.0217270163729491,0.0486646268139128,0.017325004437302,0.0158564349715256,0.0422219527435924,0.0549047292605541,0.0201521557679051,0.0230738626430689,0.0415980447787428,0.0182511604110274,0.01923931077883,0.0469452740175873,0.0313032631618931,0.0396850412600734,0.017092029674094,0.0858238622584612,0.0243888569312139,0.0291032020586944,0.0516759296961164,0.0202740871937227,0.0521788673489996,0.0180714807715293,0.0259193293616593,0.0560583445927263,0.0161916684743996,0.0260813709714468,0.0220411258173101,0.0166389387955357,0.0216846400027884,0.028568521441458,0.0268449350174849,0.0631823800052547,0.0466640544254602,0.04169090495098,0.0335538367925746,0.0342340436611431,0.0219416327057238
"SPEECH_320",NA,NA,NA,NA,NA,NA,NA,NA,NA,NA,NA,NA,NA,NA,NA,NA,NA,NA,NA,NA,NA,NA,NA,NA,NA,NA,NA,NA,NA,NA,NA,NA,NA,NA,NA,NA,NA,NA,NA,NA,NA,NA,NA,NA,NA,NA,NA,NA,NA,NA,NA,NA,NA,NA,NA,NA,NA,NA,NA,NA,0.0272559595931618,0.0513826518509131,0.0196939095862232,0.0299952851556711,0.0381308193312202,0.037274023560752,0.0360104717788341,0.0217191920318818,0.0390048691186214,0.0424550873600677,0.0231677120015606,0.0696955390648486,0.0169511711291342,0.0260724832563293,0.0313528533966413,0.0304945230548159,0.0219592734458652,0.022556966935774,0.0269769736428594,0.0199988368131483,0.0272893594434019,0.0321359021270547,0.0512315925865726,0.0381969353292381,0.0463224524677965,0.0344790725707576,0.0354571047353367,0.0377230474202175,0.037443383553036,0.0275725476582653,0.0302971453210925,0.0490959535593932,0.0166881843281916,0.0415644038955131,0.0549427548672864,0.026013126981841,0.0441225142544623,0.0144710522189107,0.0296315057405451,0.0222624766980062,0.040782261989438,0.0362378837312063,0.0263961061661247,0.0387148793208063,0.0329181051766892,0.0310308678876764,0.0241272266597498,0.0205323201426844,0.0168499367856157,0.0310828527079086,0.0405414281681151,0.0236279396415394,0.0206318926187682,0.0438181134130236,0.0439633664160985,0.0505437688364953,0.0283050748868188,0.0406970739087502,0.0316488736334387,0.0484609100438106
"SPEECH_486",NA,NA,NA,NA,NA,NA,NA,NA,NA,NA,NA,NA,NA,NA,NA,NA,NA,NA,NA,NA,NA,NA,NA,NA,NA,NA,NA,NA,NA,NA,NA,NA,NA,NA,NA,NA,NA,NA,NA,NA,NA,NA,NA,NA,NA,NA,NA,NA,NA,NA,NA,NA,NA,NA,NA,NA,NA,NA,NA,NA,0.0272559595931618,0.0513826518509131,0.0196939095862232,0.0299952851556711,0.0381308193312202,0.037274023560752,0.0360104717788341,0.0217191920318818,0.0390048691186214,0.0424550873600677,0.0231677120015606,0.0696955390648486,0.0169511711291342,0.0260724832563293,0.0313528533966413,0.0304945230548159,0.0219592734458652,0.022556966935774,0.0269769736428594,0.0199988368131483,0.0272893594434019,0.0321359021270547,0.0512315925865726,0.0381969353292381,0.0463224524677965,0.0344790725707576,0.0354571047353367,0.0377230474202175,0.037443383553036,0.0275725476582653,0.0302971453210925,0.0490959535593932,0.0166881843281916,0.0415644038955131,0.0549427548672864,0.026013126981841,0.0441225142544623,0.0144710522189107,0.0296315057405451,0.0222624766980062,0.040782261989438,0.0362378837312063,0.0263961061661247,0.0387148793208063,0.0329181051766892,0.0310308678876764,0.0241272266597498,0.0205323201426844,0.0168499367856157,0.0310828527079086,0.0405414281681151,0.0236279396415394,0.0206318926187682,0.0438181134130236,0.0439633664160985,0.0505437688364953,0.0283050748868188,0.0406970739087502,0.0316488736334387,0.0484609100438106
"SPEECH_483",NA,NA,NA,NA,NA,NA,NA,NA,NA,NA,NA,NA,NA,NA,NA,NA,NA,NA,NA,NA,NA,NA,NA,NA,NA,NA,NA,NA,NA,NA,NA,NA,NA,NA,NA,NA,NA,NA,NA,NA,NA,NA,NA,NA,NA,NA,NA,NA,NA,NA,NA,NA,NA,NA,NA,NA,NA,NA,NA,NA,0.0390971404307735,0.0556532371841475,0.011186381395144,0.0387844257438853,0.0260755322184532,0.0401271760988574,0.0269210209189222,0.0113128019212513,0.0246060706886795,0.0215859632144382,0.045163536486841,0.0293415885889697,0.0150303467523142,0.0584169192108076,0.0190140543419893,0.113435117175851,0.0568092384072564,0.0165936023127054,0.0317220642912863,0.0158930249906535,0.0139187441453213,0.0265994028904673,0.0182274567628482,0.0232336920955602,0.0563502902595659,0.0328034993945073,0.0148852980719294,0.0498915219001646,0.0434887015626193,0.0238321505437897,0.0287636848190498,0.0569205602972396,0.0177443942335852,0.023301870063375,0.0526693627432521,0.024312405982723,0.03604586599101,0.017934547325053,0.0444116485955628,0.0351713720779447,0.0393134583025384,0.0329789033376835,0.027223419867421,0.0362753622042915,0.0235588995094148,0.0418478338008621,0.0257325544982795,0.0196001213953419,0.0287810120951637,0.0392762612163625,0.0153705360524192,0.0274256652869431,0.0292558579285839,0.0238426546805612,0.0605107444167378,0.046430353998292,0.0477367143415306,0.0404014963498902,0.0287823796593721,0.0283800589295159
"SPEECH_633",NA,NA,NA,NA,NA,NA,NA,NA,NA,NA,NA,NA,NA,NA,NA,NA,NA,NA,NA,NA,NA,NA,NA,NA,NA,NA,NA,NA,NA,NA,NA,NA,NA,NA,NA,NA,NA,NA,NA,NA,NA,NA,NA,NA,NA,NA,NA,NA,NA,NA,NA,NA,NA,NA,NA,NA,NA,NA,NA,NA,0.0287636848190498,0.0569205602972396,0.0177443942335852,0.023301870063375,0.0526693627432521,0.024312405982723,0.03604586599101,0.017934547325053,0.0444116485955628,0.0351713720779447,0.0393134583025384,0.0329789033376835,0.027223419867421,0.0362753622042915,0.0235588995094148,0.0418478338008621,0.0257325544982795,0.0196001213953419,0.0287810120951637,0.0392762612163625,0.0153705360524192,0.0274256652869431,0.0292558579285839,0.0238426546805612,0.0605107444167378,0.046430353998292,0.0477367143415306,0.0404014963498902,0.0287823796593721,0.0283800589295159,0.0319961211270028,0.0601503853856147,0.0131354305732617,0.022522941073964,0.0481813668136346,0.0408858938941642,0.0212405740790027,0.0198070413001783,0.0338395853835245,0.0142063534438903,0.0255675101006085,0.0307015169823158,0.0198238833018386,0.0425771664289216,0.0175026817609369,0.0440304733679759,0.0225428557773417,0.0193490738992267,0.0393904955703819,0.0199121087756624,0.031813415147932,0.021744011446713,0.0337877907185925,0.0460970353007473,0.053441882827084,0.0451626239477065,0.0293159748151107,0.0692403548337375,0.0395749366108449,0.0424585153120839
"SPEECH_593",NA,NA,NA,NA,NA,NA,NA,NA,NA,NA,NA,NA,NA,NA,NA,NA,NA,NA,NA,NA,NA,NA,NA,NA,NA,NA,NA,NA,NA,NA,NA,NA,NA,NA,NA,NA,NA,NA,NA,NA,NA,NA,NA,NA,NA,NA,NA,NA,NA,NA,NA,NA,NA,NA,NA,NA,NA,NA,NA,NA,0.0424438138308023,0.0946873532768232,0.0117829795973389,0.0454558150103482,0.0322996961727753,0.0296888086899649,0.0363567614914725,0.0131717137819591,0.0399794312557669,0.0126495825142851,0.0345850693418814,0.0331484272837151,0.0179114363316152,0.0266318732227859,0.0173216805293937,0.0475726762603521,0.0356064199094502,0.012425256269543,0.0146836267168327,0.0269921156893624,0.0230012012197014,0.0339793486660171,0.0265285126280299,0.0475889052272289,0.0402539356365866,0.0208589459745254,0.0255288607106469,0.0709527130134356,0.054703630742013,0.0312094090053474,0.0471527557043399,0.0359826169134645,0.017704843848814,0.022393748135808,0.0392178798413091,0.0536239965145477,0.0654366459226071,0.0189795698320001,0.032207689699329,0.0226802743531842,0.033518214024043,0.0511377124971926,0.0192064665792163,0.041779684409138,0.0190706801003403,0.0626604164653247,0.0425085742157983,0.0180737768339027,0.0265773142126073,0.0157735177263282,0.0236752642602533,0.0180846838135357,0.019556533770426,0.0231913607378628,0.0337758430368852,0.0312373838287317,0.0156609618594954,0.0441220361776748,0.0597420247060142,0.045267529979826
"SPEECH_285",NA,NA,NA,NA,NA,NA,NA,NA,NA,NA,NA,NA,NA,NA,NA,NA,NA,NA,NA,NA,NA,NA,NA,NA,NA,NA,NA,NA,NA,NA,NA,NA,NA,NA,NA,NA,NA,NA,NA,NA,NA,NA,NA,NA,NA,NA,NA,NA,NA,NA,NA,NA,NA,NA,NA,NA,NA,NA,NA,NA,0.0295523051593579,0.0632672271625791,0.0173258829123101,0.0112606010130458,0.0285837623446871,0.0161674617995834,0.032078110299857,0.0156343455328857,0.0126640914160434,0.0989673565178165,0.0393358031611669,0.0504363406055478,0.0174043963498335,0.0399135664845919,0.01654866474964,0.101426497688804,0.0810740412280176,0.0128465001738698,0.0355111968782317,0.0131519769654351,0.0140339075509652,0.0159537347771296,0.0148256404827221,0.0384984162649487,0.0668485400349449,0.0117768063603594,0.0185686471953648,0.0165621345965693,0.0414329243940789,0.028349119899613,0.0440688767475288,0.072011817785183,0.0244965105498149,0.0193631965160092,0.0554300930801767,0.0329978200084596,0.014081600888078,0.0168675963112151,0.0434540961182183,0.0579306317922225,0.0262969983909473,0.0390522093500538,0.0247217522895294,0.0292889538289606,0.0179740508404591,0.0460011383072859,0.0158495294900896,0.0226122412783848,0.0212424361767072,0.017945352353181,0.0174302719524073,0.0254015333021637,0.0308587929373685,0.0667552657282938,0.0394046165198418,0.0194419592080506,0.0418634259738248,0.0466920356049775,0.0495477670327471,0.0209174296378203
"SPEECH_394",NA,NA,NA,NA,NA,NA,NA,NA,NA,NA,NA,NA,NA,NA,NA,NA,NA,NA,NA,NA,NA,NA,NA,NA,NA,NA,NA,NA,NA,NA,NA,NA,NA,NA,NA,NA,NA,NA,NA,NA,NA,NA,NA,NA,NA,NA,NA,NA,NA,NA,NA,NA,NA,NA,NA,NA,NA,NA,NA,NA,0.0440688767475288,0.072011817785183,0.0244965105498149,0.0193631965160092,0.0554300930801767,0.0329978200084596,0.014081600888078,0.0168675963112151,0.0434540961182183,0.0579306317922225,0.0262969983909473,0.0390522093500538,0.0247217522895294,0.0292889538289606,0.0179740508404591,0.0460011383072859,0.0158495294900896,0.0226122412783848,0.0212424361767072,0.017945352353181,0.0174302719524073,0.0254015333021637,0.0308587929373685,0.0667552657282938,0.0394046165198418,0.0194419592080506,0.0418634259738248,0.0466920356049775,0.0495477670327471,0.0209174296378203,0.0365378544120479,0.0517184308241961,0.0152434763817576,0.0206624634613023,0.106807821816933,0.0393101824008458,0.0551284632710504,0.0186449507395939,0.0294480813801296,0.0179233875380473,0.0283027144358357,0.0424154380569038,0.0271259186726061,0.0446114976810418,0.0193629844122541,0.0393938616441779,0.0266447367183137,0.0169003954481911,0.024098095119285,0.0195209030587126,0.0234528567883265,0.0209682893220069,0.0323683505400806,0.0413397567231986,0.0392704685185479,0.0509965069069718,0.0224365890788279,0.0321699789503618,0.0285715755057402,0.0286239701927117
"SPEECH_458",NA,NA,NA,NA,NA,NA,NA,NA,NA,NA,NA,NA,NA,NA,NA,NA,NA,NA,NA,NA,NA,NA,NA,NA,NA,NA,NA,NA,NA,NA,NA,NA,NA,NA,NA,NA,NA,NA,NA,NA,NA,NA,NA,NA,NA,NA,NA,NA,NA,NA,NA,NA,NA,NA,NA,NA,NA,NA,NA,NA,0.0234988416610768,0.0686009964171718,0.0184342206403667,0.0177515292965857,0.0473753895773731,0.0415922227933087,0.0589514585544701,0.0122477757330989,0.0272505724917682,0.014123756756839,0.0417146152707877,0.0705935712128459,0.0152805115864388,0.0802663996538573,0.0079326224165909,0.0391199990682983,0.0257960652967467,0.0167455605577272,0.0284555924311128,0.0180144978009561,0.021219689827629,0.0277346409945092,0.0228895684330495,0.0487788949599028,0.0572498298165879,0.0440112348661674,0.0177687646180699,0.0307701762679925,0.022718187646686,0.0331128133519853,0.0332360157026812,0.0484194651428877,0.015545548766289,0.0333240725884238,0.0554119524190347,0.0305466197407128,0.0197450591356959,0.016263493590981,0.0330402767394674,0.0345099866649737,0.0301156813445581,0.0278720336085715,0.0179144509431522,0.0436432630974108,0.0453822547216567,0.0356753891602878,0.0450981467116833,0.025659286176158,0.0219713477184686,0.018927436477375,0.0192024831584143,0.0253779798517918,0.0292484094891671,0.0458098242231374,0.0446639831956607,0.0487842079982533,0.0423649047439571,0.0296572603007399,0.0569851563412238,0.0256040102471855
"SPEECH_233",NA,NA,NA,NA,NA,NA,NA,NA,NA,NA,NA,NA,NA,NA,NA,NA,NA,NA,NA,NA,NA,NA,NA,NA,NA,NA,NA,NA,NA,NA,NA,NA,NA,NA,NA,NA,NA,NA,NA,NA,NA,NA,NA,NA,NA,NA,NA,NA,NA,NA,NA,NA,NA,NA,NA,NA,NA,NA,NA,NA,0.0295243453059931,0.0370872328015071,0.0116618939421716,0.0251169554599224,0.0276122745518126,0.0430482398767025,0.0297907034301092,0.0163944210436553,0.0677626508075907,0.0316069989909937,0.0234957731753265,0.0363597612916845,0.0178084678931489,0.0491572016593003,0.014029005520186,0.0280653948207146,0.0367750680705268,0.0223542035113311,0.0150748334191069,0.0170829484057234,0.0252249152039331,0.0272748287522768,0.037313317795104,0.0642244187400206,0.0668209220852163,0.0500854517906557,0.0387441276748262,0.0613073457991142,0.0281171879677025,0.0210791102136436,0.0291508847467206,0.0436318218603938,0.0138566830810861,0.018747396111665,0.0388660767307586,0.0472445594044223,0.0389690980063483,0.0200842177368941,0.0754280200700464,0.0220739638926769,0.0176818931271695,0.0384776826859455,0.0289707064386142,0.0557521612380855,0.0288517216661192,0.0325616818412125,0.0317032626280568,0.025076804528195,0.0402364866912063,0.0194818512780089,0.0236168838289528,0.0259892018598476,0.0286457128371585,0.0362702892546677,0.045730210194113,0.0351549548301522,0.0294076930320159,0.0473346453825513,0.0298226399864472,0.0311807950304684
"SPEECH_467",NA,NA,NA,NA,NA,NA,NA,NA,NA,NA,NA,NA,NA,NA,NA,NA,NA,NA,NA,NA,NA,NA,NA,NA,NA,NA,NA,NA,NA,NA,NA,NA,NA,NA,NA,NA,NA,NA,NA,NA,NA,NA,NA,NA,NA,NA,NA,NA,NA,NA,NA,NA,NA,NA,NA,NA,NA,NA,NA,NA,0.0295243453059931,0.0370872328015071,0.0116618939421716,0.0251169554599224,0.0276122745518126,0.0430482398767025,0.0297907034301092,0.0163944210436553,0.0677626508075907,0.0316069989909937,0.0234957731753265,0.0363597612916845,0.0178084678931489,0.0491572016593003,0.014029005520186,0.0280653948207146,0.0367750680705268,0.0223542035113311,0.0150748334191069,0.0170829484057234,0.0252249152039331,0.0272748287522768,0.037313317795104,0.0642244187400206,0.0668209220852163,0.0500854517906557,0.0387441276748262,0.0613073457991142,0.0281171879677025,0.0210791102136436,0.0291508847467206,0.0436318218603938,0.0138566830810861,0.018747396111665,0.0388660767307586,0.0472445594044223,0.0389690980063483,0.0200842177368941,0.0754280200700464,0.0220739638926769,0.0176818931271695,0.0384776826859455,0.0289707064386142,0.0557521612380855,0.0288517216661192,0.0325616818412125,0.0317032626280568,0.025076804528195,0.0402364866912063,0.0194818512780089,0.0236168838289528,0.0259892018598476,0.0286457128371585,0.0362702892546677,0.045730210194113,0.0351549548301522,0.0294076930320159,0.0473346453825513,0.0298226399864472,0.0311807950304684
"SPEECH_616",NA,NA,NA,NA,NA,NA,NA,NA,NA,NA,NA,NA,NA,NA,NA,NA,NA,NA,NA,NA,NA,NA,NA,NA,NA,NA,NA,NA,NA,NA,NA,NA,NA,NA,NA,NA,NA,NA,NA,NA,NA,NA,NA,NA,NA,NA,NA,NA,NA,NA,NA,NA,NA,NA,NA,NA,NA,NA,NA,NA,0.0295243453059931,0.0370872328015071,0.0116618939421716,0.0251169554599224,0.0276122745518126,0.0430482398767025,0.0297907034301092,0.0163944210436553,0.0677626508075907,0.0316069989909937,0.0234957731753265,0.0363597612916845,0.0178084678931489,0.0491572016593003,0.014029005520186,0.0280653948207146,0.0367750680705268,0.0223542035113311,0.0150748334191069,0.0170829484057234,0.0252249152039331,0.0272748287522768,0.037313317795104,0.0642244187400206,0.0668209220852163,0.0500854517906557,0.0387441276748262,0.0613073457991142,0.0281171879677025,0.0210791102136436,0.0291508847467206,0.0436318218603938,0.0138566830810861,0.018747396111665,0.0388660767307586,0.0472445594044223,0.0389690980063483,0.0200842177368941,0.0754280200700464,0.0220739638926769,0.0176818931271695,0.0384776826859455,0.0289707064386142,0.0557521612380855,0.0288517216661192,0.0325616818412125,0.0317032626280568,0.025076804528195,0.0402364866912063,0.0194818512780089,0.0236168838289528,0.0259892018598476,0.0286457128371585,0.0362702892546677,0.045730210194113,0.0351549548301522,0.0294076930320159,0.0473346453825513,0.0298226399864472,0.0311807950304684
"SPEECH_338",NA,NA,NA,NA,NA,NA,NA,NA,NA,NA,NA,NA,NA,NA,NA,NA,NA,NA,NA,NA,NA,NA,NA,NA,NA,NA,NA,NA,NA,NA,NA,NA,NA,NA,NA,NA,NA,NA,NA,NA,NA,NA,NA,NA,NA,NA,NA,NA,NA,NA,NA,NA,NA,NA,NA,NA,NA,NA,NA,NA,0.0291508847467206,0.0436318218603938,0.0138566830810861,0.018747396111665,0.0388660767307586,0.0472445594044223,0.0389690980063483,0.0200842177368941,0.0754280200700464,0.0220739638926769,0.0176818931271695,0.0384776826859455,0.0289707064386142,0.0557521612380855,0.0288517216661192,0.0325616818412125,0.0317032626280568,0.025076804528195,0.0402364866912063,0.0194818512780089,0.0236168838289528,0.0259892018598476,0.0286457128371585,0.0362702892546677,0.045730210194113,0.0351549548301522,0.0294076930320159,0.0473346453825513,0.0298226399864472,0.0311807950304684,0.0332411461032585,0.0522356125288652,0.0224558236696812,0.0255977038664864,0.0470427174042738,0.0221467031825191,0.0330581574496256,0.0158313584084878,0.0580575433384027,0.0411908498681673,0.0311299499764379,0.0492295238683829,0.0305991800378502,0.0384173089720793,0.024765750756543,0.0454431465656796,0.0322278732274969,0.0202546211169934,0.020449462484561,0.0313556375890504,0.0203375105376314,0.0247989418458848,0.0425933543332748,0.0347757604257085,0.0443623877953744,0.0706155182400906,0.0244855491640982,0.0199465837700039,0.0223066272376279,0.0210476962354632
"SPEECH_655",NA,NA,NA,NA,NA,NA,NA,NA,NA,NA,NA,NA,NA,NA,NA,NA,NA,NA,NA,NA,NA,NA,NA,NA,NA,NA,NA,NA,NA,NA,NA,NA,NA,NA,NA,NA,NA,NA,NA,NA,NA,NA,NA,NA,NA,NA,NA,NA,NA,NA,NA,NA,NA,NA,NA,NA,NA,NA,NA,NA,0.0416616452906097,0.039584485231098,0.0184803589074924,0.0367614047697108,0.0588026803490788,0.0259547658184625,0.0536062314877778,0.0214926083414728,0.0289145829393533,0.0291680742577407,0.0341572732143198,0.0901557024327064,0.0309473446657801,0.0487006596358577,0.0233846198665296,0.0276200199054458,0.0231362034742524,0.0213265689730792,0.022796009743399,0.0268472032658058,0.0251697379244723,0.0257291537010629,0.0320372703410214,0.027227938926716,0.031211054732457,0.032851281235121,0.0251408986081393,0.0391332313024922,0.0187276553915208,0.0392733352670244,0.0250932796034283,0.0491812302753963,0.0178729121719243,0.0192571264846636,0.0447598734629109,0.0337877651000528,0.0399157750002612,0.0208581151546531,0.0767104811622559,0.0235187574101472,0.0329574182075941,0.0911557988074035,0.0159470865415056,0.0525330572904511,0.0158759619681542,0.0362603341204986,0.0403035950522586,0.0214960756613565,0.0211950238084777,0.0181359919821264,0.0531848840532504,0.0271972135820647,0.031731485439545,0.0273724874861709,0.0360764675367876,0.0254488170480055,0.0343891515770562,0.0290325310685678,0.0180404302361315,0.0207108727069006
"SPEECH_656",NA,NA,NA,NA,NA,NA,NA,NA,NA,NA,NA,NA,NA,NA,NA,NA,NA,NA,NA,NA,NA,NA,NA,NA,NA,NA,NA,NA,NA,NA,NA,NA,NA,NA,NA,NA,NA,NA,NA,NA,NA,NA,NA,NA,NA,NA,NA,NA,NA,NA,NA,NA,NA,NA,NA,NA,NA,NA,NA,NA,0.0297221232057997,0.0361653987483088,0.0147113007909454,0.0246279470465835,0.0519560378745432,0.0605446158049875,0.0435393204401574,0.0108079665947885,0.0388063631741997,0.0291052144224208,0.0147861900517498,0.0521199250873446,0.0241149165000486,0.0687129746245128,0.0106565174369396,0.0438482364182909,0.0644161550987682,0.0152886441365982,0.0272245351327947,0.014319855198019,0.0257918150979534,0.0394315315489733,0.0394838664302186,0.027821399780508,0.058159161209008,0.0128975457030523,0.0255631316804161,0.026754814082391,0.0165999376191237,0.052022559060555,0.0344231664026814,0.0302509229239944,0.0137639965564208,0.0640688343140919,0.0605266621437605,0.0450481822163261,0.02461480983006,0.0206324781771248,0.0345765891016885,0.0243714148251294,0.0370302338970934,0.0291172647599278,0.0462095009931355,0.038372606884017,0.0318141228960197,0.0371556909515689,0.0212347721096543,0.0179346615032205,0.023081738047615,0.0166435414863582,0.0291009405609141,0.0235280924975322,0.0358303091425981,0.0463406975676611,0.0687983100647497,0.0264212909154355,0.0195825509057646,0.0436896825085615,0.0372458883528796,0.0185910474640156
"SPEECH_323",NA,NA,NA,NA,NA,NA,NA,NA,NA,NA,NA,NA,NA,NA,NA,NA,NA,NA,NA,NA,NA,NA,NA,NA,NA,NA,NA,NA,NA,NA,NA,NA,NA,NA,NA,NA,NA,NA,NA,NA,NA,NA,NA,NA,NA,NA,NA,NA,NA,NA,NA,NA,NA,NA,NA,NA,NA,NA,NA,NA,0.0379507197435716,0.0413370242386402,0.0136796190151023,0.031026423624058,0.0207462562021248,0.0377025114421148,0.0511787072306142,0.0139213766917649,0.0167617068364998,0.0110782243608196,0.036823477472564,0.0642894546335731,0.0237839822230408,0.0699177619085434,0.0132154488278382,0.0708015663702169,0.0469005757583281,0.0159950828722597,0.0176601363562019,0.0116605668169546,0.0249483482233163,0.0141848863770287,0.00869432915031091,0.0493642185444551,0.0884685275463557,0.0446418567848446,0.0156181504686461,0.0447024201585868,0.0128653059358534,0.0500813341857715,0.0508881859011248,0.0369507190540494,0.018243412506497,0.0377246133866998,0.0505351037360366,0.0498359363421021,0.0388396247995539,0.0183613987501436,0.0213334251416615,0.0211392997704427,0.0423895016934732,0.023964585476236,0.0248866394845072,0.046542697030161,0.0446994866030836,0.0379715987699913,0.0244891538942347,0.0208095750590394,0.0155325945985919,0.0256794860360842,0.0332248617122777,0.0352664315863949,0.0354717281653054,0.0420441771891637,0.0312955081294878,0.0308652130171446,0.0295189860571179,0.0506059559065729,0.0283660035420491,0.0325240966607719
"SPEECH_221",NA,NA,NA,NA,NA,NA,NA,NA,NA,NA,NA,NA,NA,NA,NA,NA,NA,NA,NA,NA,NA,NA,NA,NA,NA,NA,NA,NA,NA,NA,NA,NA,NA,NA,NA,NA,NA,NA,NA,NA,NA,NA,NA,NA,NA,NA,NA,NA,NA,NA,NA,NA,NA,NA,NA,NA,NA,NA,NA,NA,0.0391651121720652,0.0288666615090516,0.0231956366359817,0.0229800162142678,0.0679253854203592,0.0389429819443238,0.0386998635410377,0.0164904512108304,0.0602801098506746,0.0440363601967269,0.0307040434372913,0.0314711602899779,0.0212376652989492,0.0219706902745518,0.020895251650987,0.0232470064921192,0.0178405760752112,0.0174512971429881,0.0533441508812732,0.022545676326174,0.0281350602644601,0.0200329113253202,0.0539542063139329,0.0434912238339922,0.0320325430423411,0.0446600727731061,0.0419958634459527,0.0499228389097996,0.0213737552706251,0.0231114282556281,0.0300110920548316,0.0524944169056523,0.0157760121285387,0.0306703414654456,0.055219582615973,0.0396956659167317,0.0336515250624753,0.0117840958226007,0.0375940684482254,0.026198427669012,0.0397321626361097,0.0445761199952302,0.0284235221430336,0.0514038622301631,0.0214882292836153,0.0320063673574428,0.0482674712985436,0.0156420456393052,0.0277213677444282,0.0249998725743959,0.0360493770034018,0.0130299941592869,0.0164870759335956,0.0159342509939524,0.03998039155897,0.0620565683815961,0.0400497562942456,0.0394995791947353,0.0414528426682385,0.028103914820224
"SPEECH_187",NA,NA,NA,NA,NA,NA,NA,NA,NA,NA,NA,NA,NA,NA,NA,NA,NA,NA,NA,NA,NA,NA,NA,NA,NA,NA,NA,NA,NA,NA,NA,NA,NA,NA,NA,NA,NA,NA,NA,NA,NA,NA,NA,NA,NA,NA,NA,NA,NA,NA,NA,NA,NA,NA,NA,NA,NA,NA,NA,NA,0.0463872913894284,0.034702007200129,0.0160757038099465,0.0164602825486972,0.0344861193940752,0.0776144377329556,0.0545515331206504,0.0256713544433952,0.0319456057290842,0.0182492089935056,0.0410113322275892,0.035651829082782,0.0187291719129027,0.0699017826994611,0.019340340127634,0.0316678770152916,0.0587281498996723,0.0196031546692141,0.0185914990208923,0.0248952413585687,0.0215716524913794,0.0221807372434318,0.0286942254911647,0.0250863435368992,0.0332102750902671,0.052615730571095,0.0301154772492247,0.0387204499912126,0.0212552769836101,0.03228590897584,0.029185156515538,0.0392046593830982,0.0167067296345593,0.0450977402338445,0.0665192335516017,0.0313350982795549,0.0333742631408148,0.0196401031948202,0.0583719483603472,0.0247721228347435,0.0427998254645032,0.0294221912749813,0.0384709955128628,0.0462303175488299,0.0208207460528204,0.026424405531728,0.0208205224768957,0.0155813460056495,0.0181204760361225,0.0322859336098655,0.0435801628405859,0.0245877194538117,0.0257710195976689,0.0330999500679363,0.0408523545489215,0.0419317686217079,0.029832223392606,0.0404454446635107,0.0386593471133243,0.0260561950567457
"SPEECH_440",NA,NA,NA,NA,NA,NA,NA,NA,NA,NA,NA,NA,NA,NA,NA,NA,NA,NA,NA,NA,NA,NA,NA,NA,NA,NA,NA,NA,NA,NA,NA,NA,NA,NA,NA,NA,NA,NA,NA,NA,NA,NA,NA,NA,NA,NA,NA,NA,NA,NA,NA,NA,NA,NA,NA,NA,NA,NA,NA,NA,0.0463872913894284,0.034702007200129,0.0160757038099465,0.0164602825486972,0.0344861193940752,0.0776144377329556,0.0545515331206504,0.0256713544433952,0.0319456057290842,0.0182492089935056,0.0410113322275892,0.035651829082782,0.0187291719129027,0.0699017826994611,0.019340340127634,0.0316678770152916,0.0587281498996723,0.0196031546692141,0.0185914990208923,0.0248952413585687,0.0215716524913794,0.0221807372434318,0.0286942254911647,0.0250863435368992,0.0332102750902671,0.052615730571095,0.0301154772492247,0.0387204499912126,0.0212552769836101,0.03228590897584,0.029185156515538,0.0392046593830982,0.0167067296345593,0.0450977402338445,0.0665192335516017,0.0313350982795549,0.0333742631408148,0.0196401031948202,0.0583719483603472,0.0247721228347435,0.0427998254645032,0.0294221912749813,0.0384709955128628,0.0462303175488299,0.0208207460528204,0.026424405531728,0.0208205224768957,0.0155813460056495,0.0181204760361225,0.0322859336098655,0.0435801628405859,0.0245877194538117,0.0257710195976689,0.0330999500679363,0.0408523545489215,0.0419317686217079,0.029832223392606,0.0404454446635107,0.0386593471133243,0.0260561950567457
"SPEECH_333",NA,NA,NA,NA,NA,NA,NA,NA,NA,NA,NA,NA,NA,NA,NA,NA,NA,NA,NA,NA,NA,NA,NA,NA,NA,NA,NA,NA,NA,NA,NA,NA,NA,NA,NA,NA,NA,NA,NA,NA,NA,NA,NA,NA,NA,NA,NA,NA,NA,NA,NA,NA,NA,NA,NA,NA,NA,NA,NA,NA,0.0300110920548316,0.0524944169056523,0.0157760121285387,0.0306703414654456,0.055219582615973,0.0396956659167317,0.0336515250624753,0.0117840958226007,0.0375940684482254,0.026198427669012,0.0397321626361097,0.0445761199952302,0.0284235221430336,0.0514038622301631,0.0214882292836153,0.0320063673574428,0.0482674712985436,0.0156420456393052,0.0277213677444282,0.0249998725743959,0.0360493770034018,0.0130299941592869,0.0164870759335956,0.0159342509939524,0.03998039155897,0.0620565683815961,0.0400497562942456,0.0394995791947353,0.0414528426682385,0.028103914820224,0.0360500031900083,0.0384630989371454,0.0163148966365284,0.0302037576426934,0.109560163024663,0.0347867798338983,0.0413738580947209,0.0160547564543491,0.0239387371767491,0.0189593801411433,0.0302579771184862,0.0199341711985408,0.0334360149056656,0.0289347465249607,0.0180718808212138,0.0357693648479057,0.0284253998964282,0.0209184502626673,0.0244723539135801,0.0412967049413153,0.01354462730044,0.0214714273095157,0.0274227878529888,0.0239833694350513,0.0513384987015426,0.0749207408013793,0.0224512297299915,0.0409617487337171,0.036793936236133,0.039889138336578
"SPEECH_222",NA,NA,NA,NA,NA,NA,NA,NA,NA,NA,NA,NA,NA,NA,NA,NA,NA,NA,NA,NA,NA,NA,NA,NA,NA,NA,NA,NA,NA,NA,NA,NA,NA,NA,NA,NA,NA,NA,NA,NA,NA,NA,NA,NA,NA,NA,NA,NA,NA,NA,NA,NA,NA,NA,NA,NA,NA,NA,NA,NA,0.036931163384773,0.0504051499052725,0.0188626519928943,0.0206928018397252,0.0338929096997512,0.0308563218816074,0.0265103177759746,0.0169694896249315,0.0180424037418509,0.0378214401684153,0.0588831988042884,0.0244018339985869,0.018319331924224,0.0473438409571011,0.0137821340144329,0.0689739651576021,0.0781494278121945,0.0192426298877575,0.0380302616621062,0.0241874035081098,0.0152473863714052,0.060755559071116,0.0259161755550999,0.0165130154952751,0.0468234331279255,0.0425270442903656,0.0238965895819777,0.0313988028652035,0.0260534770241033,0.028569838875929,0.0496392893318414,0.0355439643216121,0.0246046610130197,0.0251843594995928,0.0311318889869158,0.0525237520816872,0.0421040303732676,0.0188181672760943,0.0317756118774468,0.0331965049054685,0.030696261365697,0.0325348378286433,0.0174436957036019,0.0665299586187804,0.0184769991749092,0.0397186792449926,0.0316272156145945,0.0198936707608269,0.0228810414119784,0.0179659394783945,0.0212567661881359,0.0277641187253051,0.0217510759178613,0.0389775712305856,0.0650800135367245,0.0410518541280422,0.025345642386684,0.0473773250087488,0.0386303524803002,0.0304747515282472
"SPEECH_224",NA,NA,NA,NA,NA,NA,NA,NA,NA,NA,NA,NA,NA,NA,NA,NA,NA,NA,NA,NA,NA,NA,NA,NA,NA,NA,NA,NA,NA,NA,NA,NA,NA,NA,NA,NA,NA,NA,NA,NA,NA,NA,NA,NA,NA,NA,NA,NA,NA,NA,NA,NA,NA,NA,NA,NA,NA,NA,NA,NA,0.036931163384773,0.0504051499052725,0.0188626519928943,0.0206928018397252,0.0338929096997512,0.0308563218816074,0.0265103177759746,0.0169694896249315,0.0180424037418509,0.0378214401684153,0.0588831988042884,0.0244018339985869,0.018319331924224,0.0473438409571011,0.0137821340144329,0.0689739651576021,0.0781494278121945,0.0192426298877575,0.0380302616621062,0.0241874035081098,0.0152473863714052,0.060755559071116,0.0259161755550999,0.0165130154952751,0.0468234331279255,0.0425270442903656,0.0238965895819777,0.0313988028652035,0.0260534770241033,0.028569838875929,0.0496392893318414,0.0355439643216121,0.0246046610130197,0.0251843594995928,0.0311318889869158,0.0525237520816872,0.0421040303732676,0.0188181672760943,0.0317756118774468,0.0331965049054685,0.030696261365697,0.0325348378286433,0.0174436957036019,0.0665299586187804,0.0184769991749092,0.0397186792449926,0.0316272156145945,0.0198936707608269,0.0228810414119784,0.0179659394783945,0.0212567661881359,0.0277641187253051,0.0217510759178613,0.0389775712305856,0.0650800135367245,0.0410518541280422,0.025345642386684,0.0473773250087488,0.0386303524803002,0.0304747515282472
"SPEECH_334",NA,NA,NA,NA,NA,NA,NA,NA,NA,NA,NA,NA,NA,NA,NA,NA,NA,NA,NA,NA,NA,NA,NA,NA,NA,NA,NA,NA,NA,NA,NA,NA,NA,NA,NA,NA,NA,NA,NA,NA,NA,NA,NA,NA,NA,NA,NA,NA,NA,NA,NA,NA,NA,NA,NA,NA,NA,NA,NA,NA,0.0275465609134904,0.0389668762850403,0.0219300631702483,0.039590122591071,0.0417722472304988,0.0495580110720492,0.0403353734865518,0.0200443102498908,0.0370132646058482,0.0215295925181811,0.0196127663507336,0.0294128933570386,0.0249170891609546,0.0563366390040964,0.0220092032524676,0.0295497725090492,0.0198255994184785,0.021842573778585,0.0314465366261007,0.0359897172841102,0.0258136838184846,0.0218099189729266,0.0348914756426472,0.0628400665883065,0.0489783493901157,0.0530728544275745,0.0245752741893134,0.0366302079731956,0.0410637557613168,0.0210952003716349,0.0214059688935646,0.0427429490616131,0.0186501214169378,0.0260192622168657,0.0701998381212548,0.0349446448827723,0.0398648861016146,0.0167117399698039,0.0537535747704684,0.0157012497561853,0.0328570125478828,0.047935756104233,0.0266679112867032,0.0408835547095926,0.0155518034160715,0.0406275299677124,0.0311669613579203,0.0169010811255038,0.0191165108883697,0.0275136296018726,0.030984787597469,0.0205910519377854,0.0337254734959213,0.0296598661817716,0.0327054986009191,0.0499174667626359,0.0532620194534583,0.0336313252633156,0.0368764645854559,0.0394300599243257
"SPEECH_650",NA,NA,NA,NA,NA,NA,NA,NA,NA,NA,NA,NA,NA,NA,NA,NA,NA,NA,NA,NA,NA,NA,NA,NA,NA,NA,NA,NA,NA,NA,NA,NA,NA,NA,NA,NA,NA,NA,NA,NA,NA,NA,NA,NA,NA,NA,NA,NA,NA,NA,NA,NA,NA,NA,NA,NA,NA,NA,NA,NA,0.0265813506650137,0.104410707249803,0.0147903182600088,0.0149239997165043,0.0281119573939534,0.039176183594726,0.0300914844365642,0.0133203718118741,0.0284849555055834,0.0130524052691768,0.0243122975888447,0.0287390926214227,0.0192786024380634,0.0738817023919353,0.00625185893924542,0.0589318667233658,0.0421716194333929,0.00636119700071114,0.0113715397903093,0.0212065056266697,0.0397319733946453,0.0226052778258279,0.028963787022622,0.0503047999673259,0.0317324653078091,0.030529341208749,0.0203863890810894,0.140766441551827,0.00803044936477734,0.0214990588181591,0.0297765761519065,0.0530305447683082,0.0142596288841432,0.0195858635860676,0.0419532915591522,0.0463187128326868,0.0432595744393358,0.020029015694282,0.0407438848303715,0.0241085148596812,0.0424021199844996,0.0366228839498037,0.0211475552921945,0.0334105566832758,0.0172848033590625,0.0503450910471612,0.0326338631078057,0.0166658758978833,0.0500314690100518,0.0148538257091121,0.0334600683792321,0.0336801815152353,0.0426905708808731,0.0231898424681176,0.0233366779087787,0.0733373068056416,0.0245433112723982,0.0555852124471216,0.0156108934569295,0.0261022832188869
"SPEECH_474",NA,NA,NA,NA,NA,NA,NA,NA,NA,NA,NA,NA,NA,NA,NA,NA,NA,NA,NA,NA,NA,NA,NA,NA,NA,NA,NA,NA,NA,NA,NA,NA,NA,NA,NA,NA,NA,NA,NA,NA,NA,NA,NA,NA,NA,NA,NA,NA,NA,NA,NA,NA,NA,NA,NA,NA,NA,NA,NA,NA,0.0614868782734533,0.0514671292275668,0.0120104958309976,0.0265509312440782,0.0440684047140554,0.0472553099802078,0.0478820217777132,0.0136853678880854,0.0233904012160834,0.0223831576386663,0.0449978659560268,0.0207723157175828,0.0322116039200949,0.0262825640598516,0.0174039602201571,0.0594207079771368,0.0338105151569587,0.0218476624966977,0.0218837895995986,0.0161454910357416,0.0151019677923913,0.0426521942212137,0.0213656965007589,0.0199061639255557,0.041391270531475,0.0587891981470689,0.0210885356334535,0.0515630729787814,0.051791561930625,0.0313937644079227,0.0659117506845773,0.0584029767630424,0.0143859563107983,0.0085268377197574,0.0400749898227455,0.036485941922242,0.0374830189387533,0.015742792248979,0.0152577279713372,0.0258911330242228,0.02184104704772,0.138237900764187,0.00744013896577037,0.0443315915775944,0.0112032482892039,0.050342883202613,0.0555473217897246,0.020607610935305,0.0108839382916917,0.0194128859835213,0.00949219579553572,0.037007228717265,0.0160855270123831,0.027601246928934,0.0380663484877554,0.0688582342806227,0.0194701774300096,0.0416759808754648,0.0331746922119048,0.0105566760063389
"SPEECH_186",NA,NA,NA,NA,NA,NA,NA,NA,NA,NA,NA,NA,NA,NA,NA,NA,NA,NA,NA,NA,NA,NA,NA,NA,NA,NA,NA,NA,NA,NA,NA,NA,NA,NA,NA,NA,NA,NA,NA,NA,NA,NA,NA,NA,NA,NA,NA,NA,NA,NA,NA,NA,NA,NA,NA,NA,NA,NA,NA,NA,0.0281134015571548,0.0247685475704935,0.0210191215489815,0.0309847611873045,0.0282201551753856,0.0360815716342803,0.0398130452524103,0.0426901992557242,0.0562489910312462,0.0231395825387526,0.0199680634382969,0.0348988633541906,0.0288170271769723,0.0399344377471046,0.0248230156809938,0.0558083093779052,0.0538909284637961,0.0218722252097934,0.0225967231702059,0.0259537682653224,0.0276679945783536,0.0221945943302165,0.0229931629254495,0.0453429474699816,0.0398647173237073,0.0410706101829745,0.0564106942543409,0.0442185260521485,0.023537178734426,0.0170568355120868,0.0342719347604889,0.0329877245386076,0.0144319243068178,0.0305884197942513,0.057243871858783,0.0408667461836252,0.0478614166802458,0.0205211936959585,0.0723790584563987,0.017069649223429,0.0293062637274255,0.0386427543521944,0.0146411572371258,0.0299304155954503,0.0270507452363586,0.0330557731568902,0.0263584491287188,0.0191790857724146,0.0259524432252672,0.0197261183557575,0.02375927894104,0.0387983310461406,0.0347739443224896,0.0206655868317899,0.0552491721798949,0.0540414780500807,0.0430196679701702,0.050088817831315,0.0216584023487372,0.0258801751921332
"SPEECH_387",NA,NA,NA,NA,NA,NA,NA,NA,NA,NA,NA,NA,NA,NA,NA,NA,NA,NA,NA,NA,NA,NA,NA,NA,NA,NA,NA,NA,NA,NA,NA,NA,NA,NA,NA,NA,NA,NA,NA,NA,NA,NA,NA,NA,NA,NA,NA,NA,NA,NA,NA,NA,NA,NA,NA,NA,NA,NA,NA,NA,0.049923234346713,0.0283466354885338,0.0173653646058922,0.0399941344064834,0.0475834990565926,0.0527598682241166,0.0577938332919832,0.0198452860443117,0.0128206660481456,0.0111512169663426,0.0469212710820312,0.0177270262725798,0.019922100770176,0.0200384802615372,0.016692385862738,0.0623141828116738,0.0975320735782861,0.0202698445499557,0.0534107836782128,0.0316248547645418,0.0127995519260444,0.0155139757150662,0.0194984623753576,0.0599709026735308,0.0320822273278365,0.0220233045928162,0.0241586203136399,0.0530946142278138,0.016558950422285,0.0202626483147625,0.0302340359118209,0.0329511804366555,0.0180163132154243,0.0273276236883728,0.0446576360446089,0.0448361169091823,0.050932404553743,0.0151891429441295,0.0245051421722266,0.023679997344614,0.0469298558049627,0.0615167063455386,0.0288202809527114,0.0325535001244413,0.017339835276392,0.0486163899492425,0.0618783924317597,0.0182597256956025,0.0319496915230836,0.0246653035845151,0.0198385291619836,0.0191529767967322,0.0292075953897107,0.0143066380348374,0.0445659997130392,0.0565060636010963,0.0235645395704581,0.0374701688824879,0.0287204798347759,0.0418077341058513
"SPEECH_649",NA,NA,NA,NA,NA,NA,NA,NA,NA,NA,NA,NA,NA,NA,NA,NA,NA,NA,NA,NA,NA,NA,NA,NA,NA,NA,NA,NA,NA,NA,NA,NA,NA,NA,NA,NA,NA,NA,NA,NA,NA,NA,NA,NA,NA,NA,NA,NA,NA,NA,NA,NA,NA,NA,NA,NA,NA,NA,NA,NA,0.049923234346713,0.0283466354885338,0.0173653646058922,0.0399941344064834,0.0475834990565926,0.0527598682241166,0.0577938332919832,0.0198452860443117,0.0128206660481456,0.0111512169663426,0.0469212710820312,0.0177270262725798,0.019922100770176,0.0200384802615372,0.016692385862738,0.0623141828116738,0.0975320735782861,0.0202698445499557,0.0534107836782128,0.0316248547645418,0.0127995519260444,0.0155139757150662,0.0194984623753576,0.0599709026735308,0.0320822273278365,0.0220233045928162,0.0241586203136399,0.0530946142278138,0.016558950422285,0.0202626483147625,0.0302340359118209,0.0329511804366555,0.0180163132154243,0.0273276236883728,0.0446576360446089,0.0448361169091823,0.050932404553743,0.0151891429441295,0.0245051421722266,0.023679997344614,0.0469298558049627,0.0615167063455386,0.0288202809527114,0.0325535001244413,0.017339835276392,0.0486163899492425,0.0618783924317597,0.0182597256956025,0.0319496915230836,0.0246653035845151,0.0198385291619836,0.0191529767967322,0.0292075953897107,0.0143066380348374,0.0445659997130392,0.0565060636010963,0.0235645395704581,0.0374701688824879,0.0287204798347759,0.0418077341058513
"SPEECH_350",NA,NA,NA,NA,NA,NA,NA,NA,NA,NA,NA,NA,NA,NA,NA,NA,NA,NA,NA,NA,NA,NA,NA,NA,NA,NA,NA,NA,NA,NA,NA,NA,NA,NA,NA,NA,NA,NA,NA,NA,NA,NA,NA,NA,NA,NA,NA,NA,NA,NA,NA,NA,NA,NA,NA,NA,NA,NA,NA,NA,0.0551224884481399,0.0461591554056886,0.0146319627221767,0.033160615851694,0.0384462227907047,0.028585849005086,0.0246834516464758,0.0118801406702719,0.0497669727699718,0.0280616984024659,0.0344515799609405,0.0212420057513948,0.0182633430168655,0.0193572254903596,0.0154527540704037,0.0467049456814242,0.0675534119648533,0.0184232901374212,0.0168612538558372,0.0174105500363,0.0153066869974505,0.0782888153389108,0.0139141198498855,0.0295607639503736,0.0201232816823007,0.0520504096873987,0.0136370274645769,0.10137294441544,0.0313163151259968,0.0382107178091907,0.0242862447235978,0.0548930604800919,0.0185188433792573,0.0226104964070806,0.0873106728173954,0.0262329837937936,0.0282862207841815,0.0212051172176806,0.0257133332865132,0.0161859315460981,0.0248364592798737,0.0200900504768128,0.0752099239408198,0.0180234813163485,0.0512207137813969,0.0335297713958696,0.0342811941351697,0.0246346199166014,0.0211576720162275,0.0285212064518677,0.0283101704972762,0.0195076595276479,0.016053243573232,0.0333763471455755,0.0577897126609914,0.03208124903023,0.0262371840191655,0.0214465402657558,0.046243792665315,0.0622061034681333
"SPEECH_402",NA,NA,NA,NA,NA,NA,NA,NA,NA,NA,NA,NA,NA,NA,NA,NA,NA,NA,NA,NA,NA,NA,NA,NA,NA,NA,NA,NA,NA,NA,NA,NA,NA,NA,NA,NA,NA,NA,NA,NA,NA,NA,NA,NA,NA,NA,NA,NA,NA,NA,NA,NA,NA,NA,NA,NA,NA,NA,NA,NA,0.0414392511342405,0.0506764075937618,0.0170242581524314,0.0392680683382356,0.0400690739170726,0.0335707069760672,0.0336374288831994,0.0149735113697068,0.0302398515568368,0.013620090575932,0.0465734749918061,0.0233232256392062,0.0151505494841748,0.040968946434834,0.0255579848076941,0.0604897305280921,0.0434202899282053,0.0164675407267127,0.0258925933430722,0.0148583845362496,0.0224409617556204,0.0598560902794829,0.0294508873013039,0.0310935345386274,0.0571116911436712,0.0376256923848017,0.016478848271926,0.0467538790724213,0.0493016097816535,0.0226654365529604,0.0455057089929188,0.0394750684680677,0.0154348082289812,0.020847886633995,0.0485845565413836,0.0227215468425419,0.0499728960589879,0.0229757256199069,0.0330688000071553,0.0296101369652399,0.0382642809251803,0.0266537701414503,0.0172180252687761,0.0641035243180994,0.0278837210337172,0.0317342997591086,0.0299033262400526,0.0300794502873222,0.0206012373038226,0.0170127864112996,0.0450461539895404,0.0360378799373224,0.0315083284937415,0.0425619372897376,0.065909766329179,0.0222436500558013,0.0289304533855841,0.0305066222963079,0.0318456970586177,0.033757955116161
"SPEECH_654",NA,NA,NA,NA,NA,NA,NA,NA,NA,NA,NA,NA,NA,NA,NA,NA,NA,NA,NA,NA,NA,NA,NA,NA,NA,NA,NA,NA,NA,NA,NA,NA,NA,NA,NA,NA,NA,NA,NA,NA,NA,NA,NA,NA,NA,NA,NA,NA,NA,NA,NA,NA,NA,NA,NA,NA,NA,NA,NA,NA,0.0262427855684249,0.0324364991656922,0.0121550059179278,0.0232960371310723,0.0436121599674222,0.0410953252663844,0.0569207999463139,0.0145277198766089,0.0144156811108079,0.0788054717823815,0.0383624843526576,0.057339879800739,0.0137327955129086,0.0644086227188012,0.0148007900790817,0.0624994909271024,0.0985872219016426,0.0118157666443454,0.0301830002153128,0.0109084876109978,0.0162661345739611,0.0208840295339121,0.012163650793499,0.0186614039826478,0.0607668839566446,0.0120980448954757,0.0186419194514908,0.0283805878353028,0.0238813439693144,0.0421099755111264,0.0315395975325294,0.0435210535123763,0.0230197730348578,0.0302203852818993,0.0551498941960865,0.0405245484371274,0.0321517304932901,0.0188048240352814,0.0403671916863199,0.025728035100164,0.0546219833724719,0.0317740581559528,0.0253451981338788,0.0463733624905915,0.0210220010328993,0.0342152306136847,0.0329423242784082,0.0179352093498021,0.0204992857670847,0.0322596806967684,0.0184242318581216,0.0245965995638231,0.0383721597428689,0.0248899904367659,0.0500097140104437,0.0545595565173452,0.0248634800723468,0.0575096569224716,0.0230476808529884,0.0257115628213504
"SPEECH_327",NA,NA,NA,NA,NA,NA,NA,NA,NA,NA,NA,NA,NA,NA,NA,NA,NA,NA,NA,NA,NA,NA,NA,NA,NA,NA,NA,NA,NA,NA,NA,NA,NA,NA,NA,NA,NA,NA,NA,NA,NA,NA,NA,NA,NA,NA,NA,NA,NA,NA,NA,NA,NA,NA,NA,NA,NA,NA,NA,NA,0.0315395975325294,0.0435210535123763,0.0230197730348578,0.0302203852818993,0.0551498941960865,0.0405245484371274,0.0321517304932901,0.0188048240352814,0.0403671916863199,0.025728035100164,0.0546219833724719,0.0317740581559528,0.0253451981338788,0.0463733624905915,0.0210220010328993,0.0342152306136847,0.0329423242784082,0.0179352093498021,0.0204992857670847,0.0322596806967684,0.0184242318581216,0.0245965995638231,0.0383721597428689,0.0248899904367659,0.0500097140104437,0.0545595565173452,0.0248634800723468,0.0575096569224716,0.0230476808529884,0.0257115628213504,0.0238440540184018,0.0366970122737312,0.0136509178300344,0.022242454929967,0.0543757017850443,0.0337406290911905,0.0253662289935486,0.0143050730895302,0.0283606989722252,0.0251497201942067,0.0516455850445919,0.0509696223193993,0.0291475016538907,0.060699089356632,0.0153038447541057,0.0695167069896331,0.0464058305227435,0.014305555071731,0.0201097603333728,0.0159891023793824,0.031037910158562,0.0183245468027538,0.0261014423223842,0.0237932262702918,0.0791326837112574,0.0486445457436015,0.0219301919587301,0.03423372622451,0.0345599664629591,0.0304166707415876
"SPEECH_443",NA,NA,NA,NA,NA,NA,NA,NA,NA,NA,NA,NA,NA,NA,NA,NA,NA,NA,NA,NA,NA,NA,NA,NA,NA,NA,NA,NA,NA,NA,NA,NA,NA,NA,NA,NA,NA,NA,NA,NA,NA,NA,NA,NA,NA,NA,NA,NA,NA,NA,NA,NA,NA,NA,NA,NA,NA,NA,NA,NA,0.0471338691425246,0.030742680730323,0.0152282298434039,0.0102334257374989,0.0625366795292766,0.0349908944256835,0.0889594852761141,0.0150906304086558,0.030697567676986,0.00657690912637015,0.101386426145068,0.0436002867265981,0.0207833573782981,0.0657491125011451,0.0148905775427331,0.0362841002816858,0.0126027505211837,0.0181352611219662,0.0256064750511302,0.040163611905166,0.0351164629745453,0.0157193792878004,0.0389303229460876,0.0117142415028094,0.0232260987335217,0.019514453858904,0.0169531308501211,0.0269334183596836,0.0536713585855931,0.0368288018291228,0.0298047151571173,0.0838613435415228,0.0112575740919226,0.0424852215093521,0.0479587096798671,0.0309125321248935,0.0297321440215692,0.0135405724273357,0.0277264823618415,0.0304220613026067,0.0365934546528529,0.0222377508303015,0.0142999812073716,0.0285010565224066,0.0156841012698853,0.0512762008104756,0.0359717281041711,0.0129568510413843,0.0325024273095618,0.0346103104295905,0.0160426616492623,0.0177361413640453,0.0306678385354804,0.031892627595125,0.0391331000035773,0.0802465284570708,0.0354451273124687,0.0389955314328867,0.0238021805656585,0.0537030446883952
"SPEECH_246",NA,NA,NA,NA,NA,NA,NA,NA,NA,NA,NA,NA,NA,NA,NA,NA,NA,NA,NA,NA,NA,NA,NA,NA,NA,NA,NA,NA,NA,NA,NA,NA,NA,NA,NA,NA,NA,NA,NA,NA,NA,NA,NA,NA,NA,NA,NA,NA,NA,NA,NA,NA,NA,NA,NA,NA,NA,NA,NA,NA,0.0446131749502207,0.0314355814724159,0.0158186234178197,0.0206540467045292,0.0437048249574599,0.0409162155078317,0.0350871779998456,0.035905098686915,0.0312463863206283,0.0297712508253576,0.0424819931484864,0.0220493553224235,0.0255651898662404,0.0227313430669055,0.0319010212805087,0.0463635891116266,0.0824290523648715,0.0238775000841262,0.0230904127379021,0.0195213523812121,0.0216352620398841,0.0190846724763794,0.0200699157816301,0.0387565556775595,0.0307332897129207,0.0409445624488744,0.0538008380041664,0.027088091489893,0.0456646864879817,0.0330589356733843,0.0360879029946337,0.0473447741391687,0.0177163982417874,0.0449279803143936,0.0515656565992488,0.0329986114134409,0.0380950075704638,0.0331158448039825,0.0391862103935156,0.0142713763422634,0.0330931181341321,0.0520657454019671,0.0143766103888887,0.0317043460610184,0.0165622105644553,0.0593059014777949,0.0450240781118243,0.0280694092570888,0.0149019255762711,0.0282851498895411,0.0261114103754548,0.0142187717319699,0.0329469616756633,0.0322997491268006,0.0459994737438585,0.0244129006949628,0.0375284515682623,0.0268386419944837,0.0300444348658997,0.0509009465467646
"SPEECH_390",NA,NA,NA,NA,NA,NA,NA,NA,NA,NA,NA,NA,NA,NA,NA,NA,NA,NA,NA,NA,NA,NA,NA,NA,NA,NA,NA,NA,NA,NA,NA,NA,NA,NA,NA,NA,NA,NA,NA,NA,NA,NA,NA,NA,NA,NA,NA,NA,NA,NA,NA,NA,NA,NA,NA,NA,NA,NA,NA,NA,0.0573592055251339,0.0300848200770817,0.019814789765002,0.0175493890107904,0.0191965069737942,0.0522048321248128,0.0441261090785167,0.0255581609858932,0.0514779106070688,0.0218175959592473,0.0303469044798127,0.0459503893287787,0.0189179104811931,0.0594474658474518,0.0172018589220838,0.0506206754863614,0.049753060022459,0.0235790998890947,0.034221797419941,0.0148739448015599,0.0149260227239272,0.0225421512697234,0.0211810315410926,0.020118320393704,0.0245345397545363,0.0701549679466635,0.0361471686987439,0.0659079981088266,0.0221543631903626,0.0182310095863427,0.0322282831086136,0.0288731950509181,0.0183712229730301,0.0265145071462183,0.0857705122299021,0.0295477709787203,0.0442271314153925,0.0174757177834913,0.0339203386237487,0.0213596563006891,0.0280307314782848,0.0418912256316123,0.0192103796919361,0.0463057751227032,0.0533562954105939,0.0182013494464312,0.0232445806338958,0.028552617057016,0.0202024239773564,0.0252828123843468,0.0161438569301186,0.0234261781483261,0.0369242590173098,0.0185795560244437,0.0403093989138765,0.0929390036078037,0.0463256727548244,0.0314891082670259,0.0293684823559008,0.02192795753547
"SPEECH_276",NA,NA,NA,NA,NA,NA,NA,NA,NA,NA,NA,NA,NA,NA,NA,NA,NA,NA,NA,NA,NA,NA,NA,NA,NA,NA,NA,NA,NA,NA,NA,NA,NA,NA,NA,NA,NA,NA,NA,NA,NA,NA,NA,NA,NA,NA,NA,NA,NA,NA,NA,NA,NA,NA,NA,NA,NA,NA,NA,NA,0.0360879029946337,0.0473447741391687,0.0177163982417874,0.0449279803143936,0.0515656565992488,0.0329986114134409,0.0380950075704638,0.0331158448039825,0.0391862103935156,0.0142713763422634,0.0330931181341321,0.0520657454019671,0.0143766103888887,0.0317043460610184,0.0165622105644553,0.0593059014777949,0.0450240781118243,0.0280694092570888,0.0149019255762711,0.0282851498895411,0.0261114103754548,0.0142187717319699,0.0329469616756633,0.0322997491268006,0.0459994737438585,0.0244129006949628,0.0375284515682623,0.0268386419944837,0.0300444348658997,0.0509009465467646,0.0644494838609924,0.04767890429397,0.0104118238783397,0.0107051806364133,0.0392671189566578,0.0444245885051378,0.0630146737588969,0.016302800864557,0.0188086134099563,0.0435048196874995,0.0407388140538609,0.0614237897382527,0.0167532668622144,0.0250923284076048,0.0084254909095031,0.0635793665090444,0.0354353611360705,0.0161815657752842,0.0337773269765974,0.0172959728362614,0.00631131024786851,0.0482927442728448,0.0471471830413485,0.00912049722735047,0.0160245753533752,0.0666715946912947,0.0139345037834812,0.061229224223749,0.0260943908508092,0.027902685250764
"SPEECH_258",NA,NA,NA,NA,NA,NA,NA,NA,NA,NA,NA,NA,NA,NA,NA,NA,NA,NA,NA,NA,NA,NA,NA,NA,NA,NA,NA,NA,NA,NA,NA,NA,NA,NA,NA,NA,NA,NA,NA,NA,NA,NA,NA,NA,NA,NA,NA,NA,NA,NA,NA,NA,NA,NA,NA,NA,NA,NA,NA,NA,0.0644494838609924,0.04767890429397,0.0104118238783397,0.0107051806364133,0.0392671189566578,0.0444245885051378,0.0630146737588969,0.016302800864557,0.0188086134099563,0.0435048196874995,0.0407388140538609,0.0614237897382527,0.0167532668622144,0.0250923284076048,0.0084254909095031,0.0635793665090444,0.0354353611360705,0.0161815657752842,0.0337773269765974,0.0172959728362614,0.00631131024786851,0.0482927442728448,0.0471471830413485,0.00912049722735047,0.0160245753533752,0.0666715946912947,0.0139345037834812,0.061229224223749,0.0260943908508092,0.027902685250764,0.0361521312071859,0.019606644719908,0.0162519519526837,0.0337728897662663,0.0477928952098258,0.0524907601357851,0.0587647206449592,0.0145862147614025,0.0218429661836875,0.0536043901185274,0.0219140371039745,0.0548442292657165,0.0185751941909645,0.0416621060422702,0.0299336638025925,0.0211983811472729,0.0158296412355875,0.0186701140100631,0.0237692486156921,0.0217478905546004,0.0575736363836881,0.0210090498167389,0.0315954987981247,0.0295082911413808,0.0649200503888817,0.067676649522053,0.0337195883987019,0.0149155458295732,0.0286008716201891,0.0274707474317033
"SPEECH_653",NA,NA,NA,NA,NA,NA,NA,NA,NA,NA,NA,NA,NA,NA,NA,NA,NA,NA,NA,NA,NA,NA,NA,NA,NA,NA,NA,NA,NA,NA,NA,NA,NA,NA,NA,NA,NA,NA,NA,NA,NA,NA,NA,NA,NA,NA,NA,NA,NA,NA,NA,NA,NA,NA,NA,NA,NA,NA,NA,NA,0.0341258895746091,0.0379259313941313,0.0122016293146424,0.0132105310509892,0.0562082578520558,0.0523334720953861,0.0673948615403759,0.0144974815655233,0.0371614576448508,0.0229194808122157,0.0223754958072666,0.0626255658355188,0.0264718324815961,0.0301349939768771,0.0271970621471198,0.022105481672518,0.0496871080264698,0.0218860545512552,0.0171624664458996,0.0272131194425314,0.0478322136136462,0.0228971947162964,0.0203062255006815,0.0270236704181332,0.0211790777494255,0.0532339810647676,0.0334785977130626,0.0539062287918832,0.0261096193983033,0.0391950178019687,0.0371572202334464,0.0340222727470477,0.0174167710583639,0.0117955801320455,0.0285849328426715,0.0436978404103128,0.0367403845558906,0.0165608179839032,0.0311740720342415,0.0509790420310528,0.0300531990001918,0.0338198203647497,0.0122948626901115,0.059946697124077,0.0126874033127113,0.0577715147565367,0.0503592186925948,0.0180794542289854,0.0210424160674991,0.0413098175476081,0.0150694092783397,0.0306647544211368,0.0313269301253178,0.0287982871039969,0.0543460244851744,0.0661476706180998,0.0438888952481163,0.0270344824719051,0.0282436415529961,0.0289865668808755
"SPEECH_227",NA,NA,NA,NA,NA,NA,NA,NA,NA,NA,NA,NA,NA,NA,NA,NA,NA,NA,NA,NA,NA,NA,NA,NA,NA,NA,NA,NA,NA,NA,NA,NA,NA,NA,NA,NA,NA,NA,NA,NA,NA,NA,NA,NA,NA,NA,NA,NA,NA,NA,NA,NA,NA,NA,NA,NA,NA,NA,NA,NA,0.015625981593165,0.0231351693051891,0.0254674346651589,0.0496175713029275,0.00852317345143862,0.0297314753737907,0.065958152720191,0.0223224101645935,0.0151194795200402,0.00649422037944465,0.0305412897348913,0.00913274280688529,0.0119744550194748,0.166704948800101,0.00852317345143862,0.0257736917326297,0.0143067203794447,0.0250639998743561,0.0113648856640281,0.0144097876617666,0.0153226693051891,0.00649422037944465,0.00517495916572434,0.0400823752984043,0.283627418645558,0.00933593259203418,0.0117712652343259,0.0120745775223018,0.0287155264480462,0.00761029180801608,0.0495731351722576,0.0316242833576156,0.0141556558918662,0.0237588175035872,0.0413396979488799,0.0395408494965604,0.0374411682646578,0.0230129010495458,0.0593010517427396,0.028596821670668,0.0611207913477101,0.0217025407443921,0.0245679619181347,0.0438161767363149,0.021160327704835,0.0357419550838416,0.0593080196976341,0.0183259184210721,0.0307347045134182,0.0170255823760792,0.0227509456079478,0.0232082719250244,0.0297587373294201,0.0208967202292804,0.0619091456802421,0.041172436863092,0.0346719967151883,0.0422601504946187,0.02052353633454,0.0209996981788361
"SPEECH_648",NA,NA,NA,NA,NA,NA,NA,NA,NA,NA,NA,NA,NA,NA,NA,NA,NA,NA,NA,NA,NA,NA,NA,NA,NA,NA,NA,NA,NA,NA,NA,NA,NA,NA,NA,NA,NA,NA,NA,NA,NA,NA,NA,NA,NA,NA,NA,NA,NA,NA,NA,NA,NA,NA,NA,NA,NA,NA,NA,NA,0.015625981593165,0.0231351693051891,0.0254674346651589,0.0496175713029275,0.00852317345143862,0.0297314753737907,0.065958152720191,0.0223224101645935,0.0151194795200402,0.00649422037944465,0.0305412897348913,0.00913274280688529,0.0119744550194748,0.166704948800101,0.00852317345143862,0.0257736917326297,0.0143067203794447,0.0250639998743561,0.0113648856640281,0.0144097876617666,0.0153226693051891,0.00649422037944465,0.00517495916572434,0.0400823752984043,0.283627418645558,0.00933593259203418,0.0117712652343259,0.0120745775223018,0.0287155264480462,0.00761029180801608,0.0495731351722576,0.0316242833576156,0.0141556558918662,0.0237588175035872,0.0413396979488799,0.0395408494965604,0.0374411682646578,0.0230129010495458,0.0593010517427396,0.028596821670668,0.0611207913477101,0.0217025407443921,0.0245679619181347,0.0438161767363149,0.021160327704835,0.0357419550838416,0.0593080196976341,0.0183259184210721,0.0307347045134182,0.0170255823760792,0.0227509456079478,0.0232082719250244,0.0297587373294201,0.0208967202292804,0.0619091456802421,0.041172436863092,0.0346719967151883,0.0422601504946187,0.02052353633454,0.0209996981788361
"SPEECH_1204",NA,NA,NA,NA,NA,NA,NA,NA,NA,NA,NA,NA,NA,NA,NA,NA,NA,NA,NA,NA,NA,NA,NA,NA,NA,NA,NA,NA,NA,NA,NA,NA,NA,NA,NA,NA,NA,NA,NA,NA,NA,NA,NA,NA,NA,NA,NA,NA,NA,NA,NA,NA,NA,NA,NA,NA,NA,NA,NA,NA,0.0220800783425162,0.0179937942562321,0.0204920326126794,0.0235236844876148,0.0536450176873062,0.0494969166175634,0.0343843688557619,0.0302282264906643,0.0260246336490118,0.0202673850932557,0.0216690155247369,0.0847445338427926,0.0323016581723049,0.0440537721445682,0.0191306238445542,0.053362372609885,0.0384997428405389,0.0179887219377269,0.0127101848308316,0.0349413139836025,0.0218051252690556,0.0422993725916612,0.0112002209141513,0.0237376026866077,0.0466771631261681,0.017660585452874,0.0300974776099154,0.0806905971769156,0.0293359008781894,0.0389578764703143,0.0211821395538048,0.035909267899002,0.0188000032505639,0.0320946022802726,0.0638093872811074,0.036189340996081,0.0247844736803339,0.0218977756270444,0.0465082072310714,0.0476106111584778,0.0527274212237927,0.0286371139532352,0.0471509053083414,0.0163012739097293,0.0192492047263412,0.0328940138685817,0.0273127881392069,0.0176862247609073,0.0200866464988168,0.0425555043483318,0.0392625551856038,0.0233483280632745,0.0229403090487962,0.0312692142535947,0.0255400029545021,0.0838338249359675,0.0350691544538564,0.0302077363331063,0.0273013552018566,0.0278406138743986
"SPEECH_1195",NA,NA,NA,NA,NA,NA,NA,NA,NA,NA,NA,NA,NA,NA,NA,NA,NA,NA,NA,NA,NA,NA,NA,NA,NA,NA,NA,NA,NA,NA,NA,NA,NA,NA,NA,NA,NA,NA,NA,NA,NA,NA,NA,NA,NA,NA,NA,NA,NA,NA,NA,NA,NA,NA,NA,NA,NA,NA,NA,NA,0.0463891703110643,0.0796323129499236,0.0118846858145575,0.0314691905396913,0.0471391093670304,0.020732949456062,0.0199184057461163,0.0110615860322911,0.0352712668435295,0.0200419172278454,0.0520984492719565,0.0138588653116553,0.0205139000124104,0.0207312698152658,0.0185714713173407,0.0813072323946875,0.0254096789509631,0.0174818097527992,0.040930545907777,0.0265182237783886,0.0122274428855728,0.0801925214843848,0.0170560703529529,0.0190426123775413,0.0334998588612685,0.0540848754575138,0.0258749609447297,0.055631007363458,0.0395469407659231,0.0218816687053,0.0331582373757648,0.047338940619016,0.0206296222596779,0.0428956159232637,0.0379031767845887,0.0314553672963151,0.0505188108465623,0.0218893818743939,0.0225503491416807,0.0725973993753097,0.0192196024604285,0.0287794618857154,0.0267854472078551,0.0394681281394057,0.0165541254826378,0.0430007687617046,0.032893817811263,0.0188768223390967,0.0266683896434349,0.0251804434013289,0.0210187181377208,0.0319330645094387,0.0259610433768061,0.0447521049778385,0.0296529273188743,0.0658611605742941,0.0170407238801032,0.045948875159219,0.039854215935992,0.0196132575002701
"SPEECH_130",NA,NA,NA,NA,NA,NA,NA,NA,NA,NA,NA,NA,NA,NA,NA,NA,NA,NA,NA,NA,NA,NA,NA,NA,NA,NA,NA,NA,NA,NA,NA,NA,NA,NA,NA,NA,NA,NA,NA,NA,NA,NA,NA,NA,NA,NA,NA,NA,NA,NA,NA,NA,NA,NA,NA,NA,NA,NA,NA,NA,0.0251625052723402,0.0234680033443693,0.0101152971776299,0.00868624926734316,0.0212659800046899,0.0303509265373672,0.0838437376370862,0.0156413084532509,0.010050567870734,0.164466490389216,0.0340007885447225,0.0255517359247288,0.00565961488477657,0.0291842150987167,0.00742830435208892,0.06004770978497,0.148612104367986,0.00990869438405121,0.016637897415384,0.00717441039628261,0.0102571706643127,0.0294959797601133,0.0240790323131704,0.014134191155963,0.0534304568265596,0.00835248579310801,0.00936015210031156,0.0183622523609143,0.0395543750179678,0.0557173628998451,0.0376858695419698,0.0578786325972412,0.0167839843740294,0.033953465047826,0.0452765835143398,0.0196866283788467,0.030854223018767,0.0173915207378461,0.0425200713271801,0.0333285480041451,0.0590205932115298,0.0225653416278739,0.0222011937735794,0.0247734155477791,0.017448159810836,0.0635787272852474,0.0278008756623915,0.0239881625702824,0.0173388817750598,0.01865953813547,0.0238148281771635,0.0225537681061458,0.0163914145167853,0.0374041295952375,0.0427691707307453,0.0806446068604049,0.0186140032362099,0.0418782337291542,0.038016080422592,0.0451793486833212
"SPEECH_132",NA,NA,NA,NA,NA,NA,NA,NA,NA,NA,NA,NA,NA,NA,NA,NA,NA,NA,NA,NA,NA,NA,NA,NA,NA,NA,NA,NA,NA,NA,NA,NA,NA,NA,NA,NA,NA,NA,NA,NA,NA,NA,NA,NA,NA,NA,NA,NA,NA,NA,NA,NA,NA,NA,NA,NA,NA,NA,NA,NA,0.0323296099780358,0.0240765342366937,0.0161213366215466,0.0134123343006414,0.0505778555950742,0.0615455237442371,0.0257608564197874,0.023871138490074,0.039114147750002,0.0294212956407361,0.0312095013152379,0.0259907103068942,0.0141951033706304,0.0434699312916052,0.0289276459387745,0.0382006247792853,0.055742806512683,0.0160587157926201,0.038900931770893,0.0251542299321225,0.0612603744749839,0.0324356483216901,0.0193123354612158,0.0213455531404205,0.034883394663672,0.0714564812321247,0.0283728017120392,0.0563312572165924,0.0149872682215663,0.0255340517681209,0.0458991138352704,0.0478306324329571,0.0184901466813381,0.0154944310042869,0.0979295807971994,0.0282144884637628,0.0318812277877797,0.0142401619650567,0.04100411639411,0.0152311588700973,0.0227849102767537,0.0429841581294526,0.0235750243458792,0.0257041845361159,0.0181229432114016,0.0255695619934598,0.0437620495471234,0.0182536612093562,0.012868310471032,0.0342860281759312,0.0392504921455012,0.0268043210973801,0.0314227676680428,0.0625506863422129,0.0442842110658482,0.0667143409530479,0.0209351513893664,0.0290580205112556,0.0254939193734921,0.0293601993254887
"SPEECH_331",NA,NA,NA,NA,NA,NA,NA,NA,NA,NA,NA,NA,NA,NA,NA,NA,NA,NA,NA,NA,NA,NA,NA,NA,NA,NA,NA,NA,NA,NA,NA,NA,NA,NA,NA,NA,NA,NA,NA,NA,NA,NA,NA,NA,NA,NA,NA,NA,NA,NA,NA,NA,NA,NA,NA,NA,NA,NA,NA,NA,0.044167270054164,0.0308784449477645,0.0201406425230146,0.0232073183858219,0.074001717962942,0.0496739762959277,0.0355721149412827,0.0215907890136823,0.0289900549923441,0.0221290888107644,0.0188571431492167,0.0237111846839867,0.0346380373450567,0.0252007344874856,0.024555591218054,0.045140456162198,0.0394924276827921,0.0209291242057598,0.0251343387418119,0.0180121484682736,0.0288654240980854,0.0273544817417417,0.0368804735787089,0.0441945545668209,0.0297124819241748,0.0591201190592476,0.0298997117657028,0.0489361168709686,0.043887299951047,0.0251267323711589,0.0298807501581158,0.039127416513749,0.013253144528093,0.0423319356858739,0.0348278374925885,0.0434055988436643,0.02902783905263,0.0163688727260307,0.0221454734389486,0.0197533171393376,0.037824192248756,0.0279799679396809,0.0158038602910445,0.0269161275358303,0.0182754994651671,0.032722676007398,0.0770028986173676,0.0150045814978234,0.019902679470793,0.0245525844209044,0.0233048153608143,0.0221297904125196,0.0203725906570506,0.0559520203944491,0.0481961968814532,0.0883321352634045,0.0230162766765898,0.0475076616658221,0.0219125201385605,0.0631687394755395
"SPEECH_652",NA,NA,NA,NA,NA,NA,NA,NA,NA,NA,NA,NA,NA,NA,NA,NA,NA,NA,NA,NA,NA,NA,NA,NA,NA,NA,NA,NA,NA,NA,NA,NA,NA,NA,NA,NA,NA,NA,NA,NA,NA,NA,NA,NA,NA,NA,NA,NA,NA,NA,NA,NA,NA,NA,NA,NA,NA,NA,NA,NA,0.03391245145471,0.0567732578959627,0.00964278373662173,0.0101056043267261,0.0154599267715752,0.0519830954787906,0.0311994844192276,0.0137457246096424,0.0228980300529063,0.0188606197610932,0.0585792133977112,0.0193844672406255,0.0165075192411771,0.0396000921611579,0.0107324622923815,0.111282993035247,0.106676233784785,0.016884494197268,0.0695676692335509,0.019735045370116,0.012058900498409,0.064377351367001,0.0128070507181154,0.0182786648842347,0.0291400521855102,0.0250873644659343,0.0149456499704202,0.040448019744794,0.0239705206939892,0.0253552570103167,0.02900854485223,0.0447216784999672,0.0191170592463152,0.0237484949404743,0.0454113423537328,0.0316513816278385,0.0314884896059995,0.0140000496399694,0.0362695021995844,0.0412510664700214,0.0205705822680902,0.0244677106896446,0.0257259437464781,0.0271107141546967,0.0228679173511719,0.0535663809529977,0.0566638832172761,0.0193289394737745,0.0256302552646137,0.0401765934411499,0.0302535673364141,0.0265096891098089,0.0261138269641954,0.0202324151593487,0.0402838525630102,0.0470628545453806,0.0205723779992901,0.0569120222867182,0.0546050614033803,0.0446778026364275
"SPEECH_651",NA,NA,NA,NA,NA,NA,NA,NA,NA,NA,NA,NA,NA,NA,NA,NA,NA,NA,NA,NA,NA,NA,NA,NA,NA,NA,NA,NA,NA,NA,NA,NA,NA,NA,NA,NA,NA,NA,NA,NA,NA,NA,NA,NA,NA,NA,NA,NA,NA,NA,NA,NA,NA,NA,NA,NA,NA,NA,NA,NA,0.0391693577083461,0.0531484723046783,0.0129486049857663,0.0506320365651065,0.0224215333301873,0.0516871930966517,0.0190240383128464,0.015301218701472,0.0871824677129576,0.0491861638335361,0.0229557879492404,0.0190182554021536,0.0185671747864162,0.0214160795382628,0.0188692590925029,0.0510885041671249,0.0267513483976277,0.0149808404389852,0.021538668708475,0.0204384170324813,0.0331907983992083,0.037737128397724,0.0287302229311127,0.0382153961547546,0.0333439322224561,0.0558832084846923,0.0208762216699598,0.05770247323745,0.0307472452567157,0.0272479511811084,0.023735307906439,0.0437330433293791,0.017733649457526,0.0263648986331491,0.0801032692405537,0.0346603487623504,0.0270125968254846,0.0197371805632106,0.0268271300714931,0.0221015087978448,0.0232348942522911,0.0409327772568597,0.0352176950384216,0.0515848360872655,0.037800871189127,0.0260071963421598,0.0186610956511716,0.0241753913674972,0.0226297304275803,0.0439242406174678,0.0559450422212446,0.0263893352337297,0.0207034770957321,0.0315164669322805,0.0376982188855989,0.0770732138423666,0.0217431314595609,0.0354294932782935,0.0285626113625816,0.0187613478713399
"SPEECH_396",NA,NA,NA,NA,NA,NA,NA,NA,NA,NA,NA,NA,NA,NA,NA,NA,NA,NA,NA,NA,NA,NA,NA,NA,NA,NA,NA,NA,NA,NA,NA,NA,NA,NA,NA,NA,NA,NA,NA,NA,NA,NA,NA,NA,NA,NA,NA,NA,NA,NA,NA,NA,NA,NA,NA,NA,NA,NA,NA,NA,0.0310811962635642,0.0261016662123744,0.0135714720979373,0.0335612772883245,0.0314939628049826,0.0398978868519139,0.019863823918195,0.0146427788196443,0.0417482474822327,0.0241971064265718,0.0202786325806789,0.0209752048821896,0.0171141190752799,0.0711767319447427,0.0310184281234339,0.0373548041863368,0.0300172667080213,0.0177131912337031,0.0150296243893137,0.0225831843586349,0.0448878821431606,0.0146644693082561,0.0134099956374958,0.0589123751394675,0.100231543564984,0.0602827022232903,0.0187374500495207,0.0432511847691357,0.0705091322602163,0.0156926592563975,0.0340607520586761,0.0460216057564528,0.0176804800537308,0.0414925644393095,0.0687233393114321,0.0552832502734376,0.0346358957356004,0.0171109814236048,0.0404780485415131,0.0231661342882196,0.0211877362129534,0.0504787191413702,0.0275429144208823,0.0277038720526776,0.0213817291674601,0.0263877881085585,0.0242429332724414,0.0191245953001276,0.0159290362155141,0.0361389637671829,0.0321658350060239,0.0255647542018739,0.0232043648439514,0.037454664750464,0.0408412326013961,0.0446713314912904,0.0402132078971858,0.0308775145443365,0.0438369562372349,0.0323987988850984
"SPEECH_142",NA,NA,NA,NA,NA,NA,NA,NA,NA,NA,NA,NA,NA,NA,NA,NA,NA,NA,NA,NA,NA,NA,NA,NA,NA,NA,NA,NA,NA,NA,NA,NA,NA,NA,NA,NA,NA,NA,NA,NA,NA,NA,NA,NA,NA,NA,NA,NA,NA,NA,NA,NA,NA,NA,NA,NA,NA,NA,NA,NA,0.068288500865188,0.0292181846783074,0.00844895390907661,0.0192181846783074,0.00768444234701903,0.0484253578732106,0.148892559383357,0.014607519270096,0.0199779770331918,0.013833569293692,0.0176561271039799,0.0161271039798647,0.00691521157778827,0.0207613654239421,0.0122856693408841,0.0644423470190341,0.103809973257826,0.0138146924649992,0.0414645272927482,0.00537675003932673,0.00383828850086519,0.0261176655655183,0.017684442347019,0.0169152115777883,0.0268491426773635,0.0122951077552305,0.0269104923706151,0.0599874154475381,0.00691521157778827,0.121238005348435,0.0160045279144352,0.0360277389922793,0.0156655843078263,0.0297614164230161,0.048861623509936,0.0464282661452044,0.0468336415151239,0.0294964250561621,0.0542004922691815,0.0264320656735464,0.0463375596250352,0.056783422950141,0.0337602397703915,0.0379027313636908,0.0242593275106228,0.0393514968601573,0.0294166188867265,0.0193564317132137,0.0287763971124303,0.0177564580424082,0.0228626107547292,0.0224113708013314,0.0235190282604104,0.0200459056589107,0.0312264670075958,0.0452607719774002,0.0298527703284138,0.0342056376685874,0.0666102733132601,0.0205926985878322
"SPEECH_429",NA,NA,NA,NA,NA,NA,NA,NA,NA,NA,NA,NA,NA,NA,NA,NA,NA,NA,NA,NA,NA,NA,NA,NA,NA,NA,NA,NA,NA,NA,NA,NA,NA,NA,NA,NA,NA,NA,NA,NA,NA,NA,NA,NA,NA,NA,NA,NA,NA,NA,NA,NA,NA,NA,NA,NA,NA,NA,NA,NA,0.0253011409279278,0.0711140804146193,0.0175245991208538,0.0221379709035747,0.0397300014553376,0.0219693222351328,0.0523300481900121,0.0169688750942369,0.0365337091106491,0.0388999288088001,0.0248283659765833,0.0247568133430526,0.0302388579924264,0.0492456056525289,0.0294404977224038,0.0397607127907587,0.0456718599258653,0.0158283403608835,0.0337573499622306,0.028869050005635,0.0305628907393772,0.0187904148804415,0.0214442616319953,0.0380657534398205,0.0477668616400186,0.0575695903204405,0.0281318910913001,0.0285661552710223,0.0243813307290503,0.0398137202630213,0.0452157337800723,0.03291559718553,0.0142617953103552,0.0172958852495681,0.0680835979954427,0.0434690014618154,0.0460539982103667,0.0188593230415094,0.0355882379963943,0.0142318408596449,0.0600393612962582,0.0221277923682706,0.017775980121645,0.0420902021724936,0.0223807481984179,0.0421264461725885,0.0624548588037249,0.0252752169738644,0.0388967159989116,0.0189825536280859,0.021968890115325,0.0230353358388687,0.0487856102990284,0.0376031545530276,0.0270066159578401,0.0279742968215749,0.0283426078551102,0.0386733173935701,0.0278369647330418,0.0306483196076534
"SPEECH_436",NA,NA,NA,NA,NA,NA,NA,NA,NA,NA,NA,NA,NA,NA,NA,NA,NA,NA,NA,NA,NA,NA,NA,NA,NA,NA,NA,NA,NA,NA,NA,NA,NA,NA,NA,NA,NA,NA,NA,NA,NA,NA,NA,NA,NA,NA,NA,NA,NA,NA,NA,NA,NA,NA,NA,NA,NA,NA,NA,NA,0.0253011409279278,0.0711140804146193,0.0175245991208538,0.0221379709035747,0.0397300014553376,0.0219693222351328,0.0523300481900121,0.0169688750942369,0.0365337091106491,0.0388999288088001,0.0248283659765833,0.0247568133430526,0.0302388579924264,0.0492456056525289,0.0294404977224038,0.0397607127907587,0.0456718599258653,0.0158283403608835,0.0337573499622306,0.028869050005635,0.0305628907393772,0.0187904148804415,0.0214442616319953,0.0380657534398205,0.0477668616400186,0.0575695903204405,0.0281318910913001,0.0285661552710223,0.0243813307290503,0.0398137202630213,0.0452157337800723,0.03291559718553,0.0142617953103552,0.0172958852495681,0.0680835979954427,0.0434690014618154,0.0460539982103667,0.0188593230415094,0.0355882379963943,0.0142318408596449,0.0600393612962582,0.0221277923682706,0.017775980121645,0.0420902021724936,0.0223807481984179,0.0421264461725885,0.0624548588037249,0.0252752169738644,0.0388967159989116,0.0189825536280859,0.021968890115325,0.0230353358388687,0.0487856102990284,0.0376031545530276,0.0270066159578401,0.0279742968215749,0.0283426078551102,0.0386733173935701,0.0278369647330418,0.0306483196076534
"SPEECH_480",NA,NA,NA,NA,NA,NA,NA,NA,NA,NA,NA,NA,NA,NA,NA,NA,NA,NA,NA,NA,NA,NA,NA,NA,NA,NA,NA,NA,NA,NA,NA,NA,NA,NA,NA,NA,NA,NA,NA,NA,NA,NA,NA,NA,NA,NA,NA,NA,NA,NA,NA,NA,NA,NA,NA,NA,NA,NA,NA,NA,0.0253011409279278,0.0711140804146193,0.0175245991208538,0.0221379709035747,0.0397300014553376,0.0219693222351328,0.0523300481900121,0.0169688750942369,0.0365337091106491,0.0388999288088001,0.0248283659765833,0.0247568133430526,0.0302388579924264,0.0492456056525289,0.0294404977224038,0.0397607127907587,0.0456718599258653,0.0158283403608835,0.0337573499622306,0.028869050005635,0.0305628907393772,0.0187904148804415,0.0214442616319953,0.0380657534398205,0.0477668616400186,0.0575695903204405,0.0281318910913001,0.0285661552710223,0.0243813307290503,0.0398137202630213,0.0452157337800723,0.03291559718553,0.0142617953103552,0.0172958852495681,0.0680835979954427,0.0434690014618154,0.0460539982103667,0.0188593230415094,0.0355882379963943,0.0142318408596449,0.0600393612962582,0.0221277923682706,0.017775980121645,0.0420902021724936,0.0223807481984179,0.0421264461725885,0.0624548588037249,0.0252752169738644,0.0388967159989116,0.0189825536280859,0.021968890115325,0.0230353358388687,0.0487856102990284,0.0376031545530276,0.0270066159578401,0.0279742968215749,0.0283426078551102,0.0386733173935701,0.0278369647330418,0.0306483196076534
"SPEECH_131",NA,NA,NA,NA,NA,NA,NA,NA,NA,NA,NA,NA,NA,NA,NA,NA,NA,NA,NA,NA,NA,NA,NA,NA,NA,NA,NA,NA,NA,NA,NA,NA,NA,NA,NA,NA,NA,NA,NA,NA,NA,NA,NA,NA,NA,NA,NA,NA,NA,NA,NA,NA,NA,NA,NA,NA,NA,NA,NA,NA,0.0247092703562873,0.0247970461389071,0.0125637073006869,0.0391745912725153,0.0794031053746886,0.0416227848699902,0.0125638018609711,0.0248975094399365,0.0178256925129666,0.0179293664347813,0.0181015340867063,0.0237196478261003,0.0274074589087082,0.0213474802880704,0.0176378824335514,0.0620040398222558,0.0866889388699063,0.0198736520961059,0.0610776523840191,0.0198608436605498,0.029539508318228,0.0213822085716553,0.0364883533916158,0.0217978847216657,0.0336750861873371,0.07333997363895,0.0445131852597722,0.0359366720331425,0.0294194687104241,0.0207016532295053,0.0366610142121947,0.0709127363837213,0.017716426708946,0.0296321672831867,0.0313654408377284,0.0266416926555917,0.031429687896115,0.0164479461933066,0.0267811860796838,0.0200235453667737,0.059451995604093,0.0153633612203032,0.0119720611241751,0.0307571810192737,0.0197467583456407,0.0708695791199309,0.0577707498086803,0.0138611200442108,0.0329586634351711,0.0161107012938723,0.0279344981347678,0.0289748380484846,0.0293454630015269,0.0170245855808747,0.0727603181011662,0.03320386554617,0.0204555148476118,0.0560874887609477,0.0388488512164718,0.0388905621293795
"SPEECH_133",NA,NA,NA,NA,NA,NA,NA,NA,NA,NA,NA,NA,NA,NA,NA,NA,NA,NA,NA,NA,NA,NA,NA,NA,NA,NA,NA,NA,NA,NA,NA,NA,NA,NA,NA,NA,NA,NA,NA,NA,NA,NA,NA,NA,NA,NA,NA,NA,NA,NA,NA,NA,NA,NA,NA,NA,NA,NA,NA,NA,0.050832985275546,0.0350439940270943,0.0167533820801113,0.0377647404011971,0.0361679536934893,0.0628485003598387,0.0713884026127827,0.0185527149940161,0.0241974738920492,0.0127656918380873,0.0296765994394619,0.0306502344463865,0.0142829882390741,0.0547082915456894,0.0188222890502922,0.0406874127142393,0.062429827786988,0.0169846923922236,0.0143923282173755,0.0163312119982168,0.0299397179839173,0.0414769886018486,0.0215596011043554,0.0284022037002567,0.0672576375053831,0.0231904622739184,0.0241367621063146,0.0411446058364642,0.0225355769067408,0.0350747289766416,0.0207804848751396,0.0525331151304655,0.0130220858532143,0.0220020358553369,0.0473631106783053,0.0359675161298366,0.0411547758615665,0.0164481716700758,0.0394266541175724,0.0229380280329868,0.0239477302442826,0.047281366395753,0.0248232384691218,0.0583370978667955,0.0196561918731139,0.0342003610718699,0.0222262574671386,0.0182261166533718,0.0270206651211222,0.0282122320211258,0.021173134777728,0.0271230924039189,0.0443714193979882,0.0304989354392637,0.0629905934885378,0.0644880170580841,0.0331421145519674,0.0513401208430631,0.0266951844972281,0.0226101521540259
"SPEECH_139",NA,NA,NA,NA,NA,NA,NA,NA,NA,NA,NA,NA,NA,NA,NA,NA,NA,NA,NA,NA,NA,NA,NA,NA,NA,NA,NA,NA,NA,NA,NA,NA,NA,NA,NA,NA,NA,NA,NA,NA,NA,NA,NA,NA,NA,NA,NA,NA,NA,NA,NA,NA,NA,NA,NA,NA,NA,NA,NA,NA,0.0207804848751396,0.0525331151304655,0.0130220858532143,0.0220020358553369,0.0473631106783053,0.0359675161298366,0.0411547758615665,0.0164481716700758,0.0394266541175724,0.0229380280329868,0.0239477302442826,0.047281366395753,0.0248232384691218,0.0583370978667955,0.0196561918731139,0.0342003610718699,0.0222262574671386,0.0182261166533718,0.0270206651211222,0.0282122320211258,0.021173134777728,0.0271230924039189,0.0443714193979882,0.0304989354392637,0.0629905934885378,0.0644880170580841,0.0331421145519674,0.0513401208430631,0.0266951844972281,0.0226101521540259,0.031332169344384,0.0559260923959118,0.0141424326626155,0.0376673298448385,0.0416340479531008,0.0328194446175782,0.0425846505316571,0.0152541395834894,0.0427436714934747,0.0260478721731739,0.0221665538570716,0.0266259166800504,0.0161208240036498,0.0467217379974435,0.0184507594467678,0.0709266294799262,0.0457397387032988,0.0187122622976356,0.0212490973851726,0.0218276244850162,0.0229205766307556,0.0343440267530341,0.0248260672541022,0.0262555556852858,0.0703254492749141,0.0524646107514342,0.0270850529398707,0.0282259546700301,0.0360971368489565,0.0287625742553607
"SPEECH_146",NA,NA,NA,NA,NA,NA,NA,NA,NA,NA,NA,NA,NA,NA,NA,NA,NA,NA,NA,NA,NA,NA,NA,NA,NA,NA,NA,NA,NA,NA,NA,NA,NA,NA,NA,NA,NA,NA,NA,NA,NA,NA,NA,NA,NA,NA,NA,NA,NA,NA,NA,NA,NA,NA,NA,NA,NA,NA,NA,NA,0.0709391010239447,0.0637928568431369,0.0122771417730094,0.015528003181971,0.0355628596827593,0.0210632394951363,0.0346973456053867,0.0142692385255536,0.0157118921453912,0.0259844764541212,0.0395207219832013,0.0235068897393945,0.013964113145384,0.0341917630092672,0.0120350823851229,0.0427561104779892,0.0867788015636324,0.0175801495376499,0.0503627420866054,0.0213039223357085,0.00879426508306448,0.0977579533297066,0.0195964598068702,0.0368968697589049,0.0215260876449818,0.0435180448083087,0.0212225289950402,0.060363979363207,0.018918623107507,0.0195787371080434,0.0170516213386612,0.0442970743365996,0.0195619871947316,0.0244626455552532,0.0621267244354191,0.0394399993620879,0.0453143232554218,0.0217262043202981,0.0380038675744245,0.0222953376529431,0.0276170350875315,0.028206050849782,0.0294623962592373,0.0557971103308179,0.0209106271835757,0.0329587739855831,0.0223288854175925,0.0165344565292895,0.0211560178565721,0.0239110473257575,0.0240763465818568,0.0266358136860362,0.0390017798798904,0.0518127201928046,0.0897078913164296,0.0506061031229239,0.0305383336702428,0.0230077468935486,0.0232335810743721,0.028217497730316
"SPEECH_194",NA,NA,NA,NA,NA,NA,NA,NA,NA,NA,NA,NA,NA,NA,NA,NA,NA,NA,NA,NA,NA,NA,NA,NA,NA,NA,NA,NA,NA,NA,NA,NA,NA,NA,NA,NA,NA,NA,NA,NA,NA,NA,NA,NA,NA,NA,NA,NA,NA,NA,NA,NA,NA,NA,NA,NA,NA,NA,NA,NA,0.0284733359686341,0.0525206316596821,0.0136348396110974,0.0394174219165565,0.0126027008971741,0.0287430856466289,0.0357067678454304,0.0135627702298186,0.0341410963646348,0.0234122340678713,0.037561255600951,0.0369414390757386,0.0133297885432931,0.106123801306617,0.00955322648080395,0.0951952189291786,0.0527156864352035,0.0199827658178201,0.0255331917366936,0.0122669392210534,0.0384688879518004,0.0181859745781046,0.0182522421206199,0.0460568584933633,0.048328882802709,0.0208777553120633,0.016939756154499,0.0450917209774737,0.0380591993010056,0.0183205249534796,0.0276370847814689,0.0397328060014534,0.0141605810767376,0.0142138633047888,0.0296973675798867,0.0447096166319995,0.0466593885348668,0.0222980284821556,0.0348798956341254,0.0381656124182278,0.0191750358950496,0.0273483070359121,0.0197713890289067,0.0604891576969866,0.0176675108629881,0.0377431148811999,0.0477394294330463,0.014999159732509,0.0199489098440483,0.0265507343266309,0.0674887571999139,0.0211561485811386,0.0257907785256252,0.0317813635133812,0.051621153493176,0.062430483303629,0.023805887802829,0.0262296089048543,0.0399111717519623,0.0461976537405026
"SPEECH_140",NA,NA,NA,NA,NA,NA,NA,NA,NA,NA,NA,NA,NA,NA,NA,NA,NA,NA,NA,NA,NA,NA,NA,NA,NA,NA,NA,NA,NA,NA,NA,NA,NA,NA,NA,NA,NA,NA,NA,NA,NA,NA,NA,NA,NA,NA,NA,NA,NA,NA,NA,NA,NA,NA,NA,NA,NA,NA,NA,NA,0.0170516213386612,0.0442970743365996,0.0195619871947316,0.0244626455552532,0.0621267244354191,0.0394399993620879,0.0453143232554218,0.0217262043202981,0.0380038675744245,0.0222953376529431,0.0276170350875315,0.028206050849782,0.0294623962592373,0.0557971103308179,0.0209106271835757,0.0329587739855831,0.0223288854175925,0.0165344565292895,0.0211560178565721,0.0239110473257575,0.0240763465818568,0.0266358136860362,0.0390017798798904,0.0518127201928046,0.0897078913164296,0.0506061031229239,0.0305383336702428,0.0230077468935486,0.0232335810743721,0.028217497730316,0.028909060786075,0.0487077246999515,0.0152641470857503,0.0242368264039298,0.0494364406644107,0.0649784498357952,0.0245140792161296,0.0163232192635406,0.03403028811931,0.0364223410874807,0.0296437200509993,0.032434683159602,0.0215905501293079,0.0585946547925141,0.0170875553696584,0.0323686611825839,0.0419806353691709,0.0186580843745656,0.0210783601228045,0.026433610606332,0.0370461870534012,0.0275817852120286,0.0329236364359648,0.0351262625744954,0.0594243974508449,0.0332911272909364,0.025008213992448,0.0412502807991749,0.0254524271322332,0.0402025897385605
"SPEECH_127",NA,NA,NA,NA,NA,NA,NA,NA,NA,NA,NA,NA,NA,NA,NA,NA,NA,NA,NA,NA,NA,NA,NA,NA,NA,NA,NA,NA,NA,NA,NA,NA,NA,NA,NA,NA,NA,NA,NA,NA,NA,NA,NA,NA,NA,NA,NA,NA,NA,NA,NA,NA,NA,NA,NA,NA,NA,NA,NA,NA,0.0165342995204843,0.0294594513574041,0.00877861198913428,0.120701638736945,0.0170512070247994,0.0589389409325046,0.100902195048363,0.00908327580881479,0.0242640714114532,0.0138275632887967,0.0312360186478163,0.0491802343478082,0.0115830365938629,0.0936885158496958,0.00808043685201511,0.0490924919594603,0.0460802770960792,0.01193932386776,0.0223046662432239,0.00825614594942686,0.0135235889254349,0.0118571235206343,0.00891908294110911,0.0320653422318546,0.115032457151351,0.0161963834534715,0.00921223053108354,0.0230639951661613,0.0192354772167796,0.0199119163362725,0.0305354408219647,0.0323247176563122,0.0126783901433767,0.0192165894368286,0.0358501071794966,0.0226606950112597,0.0331295655313342,0.0167310171469037,0.145876586705937,0.0228170284383473,0.0159147268840942,0.0409763094247575,0.0433327438765292,0.0408446051246356,0.0149622220710369,0.0296788601833572,0.0236827488707944,0.0241671795388221,0.0319780156559641,0.0398604604483646,0.023965740530947,0.0431338561953246,0.0409219281788782,0.0201818239613034,0.0301724109552182,0.0381276530777397,0.0224800969536389,0.059895171845456,0.0215778811296735,0.0223254270217039
"SPEECH_145",NA,NA,NA,NA,NA,NA,NA,NA,NA,NA,NA,NA,NA,NA,NA,NA,NA,NA,NA,NA,NA,NA,NA,NA,NA,NA,NA,NA,NA,NA,NA,NA,NA,NA,NA,NA,NA,NA,NA,NA,NA,NA,NA,NA,NA,NA,NA,NA,NA,NA,NA,NA,NA,NA,NA,NA,NA,NA,NA,NA,0.0342464227069115,0.0449932511549574,0.0115292992856781,0.0337269769984602,0.0217752331029756,0.0430004929299786,0.0467677342335015,0.0164175447146034,0.0235921610821086,0.0186047108148793,0.0259738092362828,0.0502068825488121,0.0164902244807867,0.0740797994039149,0.0251964955899849,0.0654649874240069,0.0482607250194873,0.0200124281426351,0.0218423664171851,0.0126279967132154,0.0284139428435103,0.028502721050517,0.0207930951639306,0.0232123881006384,0.0635293933674993,0.0277953744907368,0.0273375506840017,0.0577298553318257,0.0426507231159816,0.0252254138509931,0.0368701009835473,0.0334882574048761,0.0162991064391743,0.0199593366681212,0.0421058394930087,0.0503097604872099,0.0483182231498884,0.0112960297254022,0.105673358268929,0.0180245520660371,0.0143763320854654,0.0436497932823248,0.0149767734408019,0.0284254145234732,0.0171586932965648,0.0323107853958548,0.0448750451030907,0.0197413732217961,0.0198805579656432,0.0214810344361992,0.0193962092871635,0.0310618890924629,0.0480748123444057,0.0208406731376651,0.0432242814527947,0.0369975712729475,0.0268061626843402,0.07538346535116,0.028893798329181,0.0301007696104714
"SPEECH_153",NA,NA,NA,NA,NA,NA,NA,NA,NA,NA,NA,NA,NA,NA,NA,NA,NA,NA,NA,NA,NA,NA,NA,NA,NA,NA,NA,NA,NA,NA,NA,NA,NA,NA,NA,NA,NA,NA,NA,NA,NA,NA,NA,NA,NA,NA,NA,NA,NA,NA,NA,NA,NA,NA,NA,NA,NA,NA,NA,NA,0.0342464227069115,0.0449932511549574,0.0115292992856781,0.0337269769984602,0.0217752331029756,0.0430004929299786,0.0467677342335015,0.0164175447146034,0.0235921610821086,0.0186047108148793,0.0259738092362828,0.0502068825488121,0.0164902244807867,0.0740797994039149,0.0251964955899849,0.0654649874240069,0.0482607250194873,0.0200124281426351,0.0218423664171851,0.0126279967132154,0.0284139428435103,0.028502721050517,0.0207930951639306,0.0232123881006384,0.0635293933674993,0.0277953744907368,0.0273375506840017,0.0577298553318257,0.0426507231159816,0.0252254138509931,0.0368701009835473,0.0334882574048761,0.0162991064391743,0.0199593366681212,0.0421058394930087,0.0503097604872099,0.0483182231498884,0.0112960297254022,0.105673358268929,0.0180245520660371,0.0143763320854654,0.0436497932823248,0.0149767734408019,0.0284254145234732,0.0171586932965648,0.0323107853958548,0.0448750451030907,0.0197413732217961,0.0198805579656432,0.0214810344361992,0.0193962092871635,0.0310618890924629,0.0480748123444057,0.0208406731376651,0.0432242814527947,0.0369975712729475,0.0268061626843402,0.07538346535116,0.028893798329181,0.0301007696104714
"SPEECH_152",NA,NA,NA,NA,NA,NA,NA,NA,NA,NA,NA,NA,NA,NA,NA,NA,NA,NA,NA,NA,NA,NA,NA,NA,NA,NA,NA,NA,NA,NA,NA,NA,NA,NA,NA,NA,NA,NA,NA,NA,NA,NA,NA,NA,NA,NA,NA,NA,NA,NA,NA,NA,NA,NA,NA,NA,NA,NA,NA,NA,0.0350743595782065,0.0790971030398469,0.0112463766148947,0.0318123640420128,0.0475211864462204,0.0219472376148024,0.0411798469048076,0.0143397160024703,0.0321904863556987,0.0167836730886863,0.0234795371872963,0.0274551932743486,0.0296558519044335,0.0931337748862537,0.0144803096500753,0.0662374461345249,0.0667316136998632,0.0170301417380769,0.021585087436275,0.0196567366495198,0.0227569426167578,0.0212126652453533,0.0117950423166666,0.014517918599017,0.0397659287877702,0.0280598358257265,0.0182177072939575,0.0642245547146255,0.0314458258177548,0.0373655365340571,0.0344303222304939,0.0349179630582163,0.0145814498024827,0.0336675729158298,0.0244535817670528,0.0367074877383716,0.047752349083335,0.0118529688595294,0.0338412565797529,0.0259828138386768,0.0556816295732991,0.023599879185368,0.0159846421363521,0.0539274371423629,0.0146145740330747,0.0524277160775596,0.0682629718197558,0.0231235351558609,0.0210341750926599,0.0213363272072757,0.0312968726340414,0.0206458395490371,0.0377252689545941,0.0341457968306847,0.0422773116078268,0.0241684617433442,0.017159518696851,0.0576220414824208,0.0470527564115614,0.0397254787923286
"SPEECH_148",NA,NA,NA,NA,NA,NA,NA,NA,NA,NA,NA,NA,NA,NA,NA,NA,NA,NA,NA,NA,NA,NA,NA,NA,NA,NA,NA,NA,NA,NA,NA,NA,NA,NA,NA,NA,NA,NA,NA,NA,NA,NA,NA,NA,NA,NA,NA,NA,NA,NA,NA,NA,NA,NA,NA,NA,NA,NA,NA,NA,0.0370524464501014,0.0502725396883761,0.0155577919065442,0.0218406730629825,0.064648356965738,0.0310724264794467,0.0425696682931915,0.0137079081199414,0.054510198224051,0.0252974595066176,0.0371543383269067,0.0349555912456639,0.0168881108116762,0.0306599423392553,0.0148910306382285,0.0297970737047113,0.0614728092399136,0.0181453096452238,0.0225893426636199,0.0209332347912385,0.0294790665104908,0.0202469084240924,0.0412699013720037,0.0589568558793512,0.0539821158440526,0.0346450933161205,0.0201042475588538,0.0471337970396561,0.0206195128629279,0.029546249089023,0.0332411371679743,0.0339799097363795,0.0186246263536181,0.04156031750408,0.0343851524695022,0.0341500446117295,0.0326238093223582,0.0295626703032775,0.0546595674184695,0.0164866675573737,0.0286346452679424,0.0272121253234555,0.0263687529488864,0.0486038994992023,0.0233182848473402,0.0308537337357297,0.0624513579334592,0.0199686344399097,0.0207553615069466,0.0304414913318576,0.0244069739525808,0.0267666912516721,0.0380018165943677,0.0327877426842466,0.0304945536911438,0.0408599758868353,0.0550136111147575,0.0463952906681308,0.0317026768722622,0.0256884780045111
"SPEECH_141",NA,NA,NA,NA,NA,NA,NA,NA,NA,NA,NA,NA,NA,NA,NA,NA,NA,NA,NA,NA,NA,NA,NA,NA,NA,NA,NA,NA,NA,NA,NA,NA,NA,NA,NA,NA,NA,NA,NA,NA,NA,NA,NA,NA,NA,NA,NA,NA,NA,NA,NA,NA,NA,NA,NA,NA,NA,NA,NA,NA,0.0344303222304939,0.0349179630582163,0.0145814498024827,0.0336675729158298,0.0244535817670528,0.0367074877383716,0.047752349083335,0.0118529688595294,0.0338412565797529,0.0259828138386768,0.0556816295732991,0.023599879185368,0.0159846421363521,0.0539274371423629,0.0146145740330747,0.0524277160775596,0.0682629718197558,0.0231235351558609,0.0210341750926599,0.0213363272072757,0.0312968726340414,0.0206458395490371,0.0377252689545941,0.0341457968306847,0.0422773116078268,0.0241684617433442,0.017159518696851,0.0576220414824208,0.0470527564115614,0.0397254787923286,0.033407541803493,0.038730232209244,0.0131101230568433,0.0648117249771258,0.0471944816153716,0.0485355849463348,0.0212876654732139,0.017254202315084,0.0392024518146103,0.018583948514343,0.0237166528287377,0.0297664291544428,0.0154774416667733,0.0564116667150677,0.0178336469011732,0.0371824224709569,0.0516250986510343,0.0179811101101903,0.0204647323604633,0.0161544029407944,0.0349032697911831,0.0130780097589783,0.0385176604464819,0.0621359607142366,0.0649336758373142,0.0203012427730818,0.0244926697617316,0.0434306904123254,0.0363250259442824,0.033150234035087
"SPEECH_147",NA,NA,NA,NA,NA,NA,NA,NA,NA,NA,NA,NA,NA,NA,NA,NA,NA,NA,NA,NA,NA,NA,NA,NA,NA,NA,NA,NA,NA,NA,NA,NA,NA,NA,NA,NA,NA,NA,NA,NA,NA,NA,NA,NA,NA,NA,NA,NA,NA,NA,NA,NA,NA,NA,NA,NA,NA,NA,NA,NA,0.0290887805937583,0.0349935247806564,0.0159704552757177,0.0481009305883467,0.0243575549578831,0.0408024725018509,0.0508589350987577,0.0174350657580002,0.0264588083400238,0.0167674060064474,0.0578077498239986,0.0240189501365728,0.00908510614628418,0.0944968432203528,0.0114771517632984,0.0735143233035014,0.0259467573162501,0.0254087030852156,0.0176671470912478,0.0155423559678337,0.0177565418980238,0.0145790900264855,0.0131517810797596,0.0415367011470423,0.13707223092333,0.0190459874023641,0.0207981084680634,0.0123436959300041,0.0269370291125676,0.0369798122563615,0.0280590107646962,0.0603448108580909,0.0176748389654697,0.0248940748835859,0.0503769191945993,0.0302691802760142,0.0352405852013692,0.0132304559556866,0.0418365401975844,0.0241444425384509,0.029702139491877,0.0371761385939505,0.0167362702417655,0.0564773964802504,0.0296442585292254,0.028728329901021,0.0371261453112082,0.0158503769280554,0.0212630608996385,0.0389103884622586,0.0176799207103455,0.0221744493931439,0.0352275075077505,0.0528282616979302,0.0556832709582324,0.0531838283260809,0.0381515596793492,0.0342318334430348,0.0296925537265781,0.0234614508827567
"SPEECH_135",NA,NA,NA,NA,NA,NA,NA,NA,NA,NA,NA,NA,NA,NA,NA,NA,NA,NA,NA,NA,NA,NA,NA,NA,NA,NA,NA,NA,NA,NA,NA,NA,NA,NA,NA,NA,NA,NA,NA,NA,NA,NA,NA,NA,NA,NA,NA,NA,NA,NA,NA,NA,NA,NA,NA,NA,NA,NA,NA,NA,0.0368637709357661,0.0234994111336616,0.0139576346192046,0.0173625778870923,0.030168971609029,0.0329365407350347,0.0400564881526547,0.0260227745020194,0.0316468179473192,0.058115797460231,0.0426530323957404,0.0288806342342819,0.0236108320860709,0.0548822457446484,0.0233566161110956,0.034724046918244,0.0480991005686657,0.0179451072705806,0.0447567010767363,0.0333784428268158,0.015533817475211,0.0364979692422061,0.0164803133716368,0.0175011894079955,0.0455839588712779,0.0683381998593223,0.0483745932368686,0.0455702724235794,0.0201704412429149,0.0230317006540953,0.0310031391367028,0.0477477183346977,0.0235287324084585,0.0257498219542276,0.027709771120291,0.0300038216516791,0.0595798209152328,0.0198237078752962,0.0346774648860299,0.0182350827267249,0.033571091858336,0.0435866522650294,0.0162544407717633,0.0822962284317101,0.0137729877722331,0.0445868747848613,0.0424977218331739,0.0223180254696518,0.0176584007846269,0.0152446144267975,0.0393963377312761,0.0392430330745783,0.0195891948982028,0.0196013292469677,0.0397127835307374,0.0478808138999424,0.0497105203971662,0.0325849050992537,0.0239671132268882,0.0384678494874635
"SPEECH_144",NA,NA,NA,NA,NA,NA,NA,NA,NA,NA,NA,NA,NA,NA,NA,NA,NA,NA,NA,NA,NA,NA,NA,NA,NA,NA,NA,NA,NA,NA,NA,NA,NA,NA,NA,NA,NA,NA,NA,NA,NA,NA,NA,NA,NA,NA,NA,NA,NA,NA,NA,NA,NA,NA,NA,NA,NA,NA,NA,NA,0.0368637709357661,0.0234994111336616,0.0139576346192046,0.0173625778870923,0.030168971609029,0.0329365407350347,0.0400564881526547,0.0260227745020194,0.0316468179473192,0.058115797460231,0.0426530323957404,0.0288806342342819,0.0236108320860709,0.0548822457446484,0.0233566161110956,0.034724046918244,0.0480991005686657,0.0179451072705806,0.0447567010767363,0.0333784428268158,0.015533817475211,0.0364979692422061,0.0164803133716368,0.0175011894079955,0.0455839588712779,0.0683381998593223,0.0483745932368686,0.0455702724235794,0.0201704412429149,0.0230317006540953,0.0310031391367028,0.0477477183346977,0.0235287324084585,0.0257498219542276,0.027709771120291,0.0300038216516791,0.0595798209152328,0.0198237078752962,0.0346774648860299,0.0182350827267249,0.033571091858336,0.0435866522650294,0.0162544407717633,0.0822962284317101,0.0137729877722331,0.0445868747848613,0.0424977218331739,0.0223180254696518,0.0176584007846269,0.0152446144267975,0.0393963377312761,0.0392430330745783,0.0195891948982028,0.0196013292469677,0.0397127835307374,0.0478808138999424,0.0497105203971662,0.0325849050992537,0.0239671132268882,0.0384678494874635
"SPEECH_128",NA,NA,NA,NA,NA,NA,NA,NA,NA,NA,NA,NA,NA,NA,NA,NA,NA,NA,NA,NA,NA,NA,NA,NA,NA,NA,NA,NA,NA,NA,NA,NA,NA,NA,NA,NA,NA,NA,NA,NA,NA,NA,NA,NA,NA,NA,NA,NA,NA,NA,NA,NA,NA,NA,NA,NA,NA,NA,NA,NA,0.0314275813158636,0.0492237059770426,0.0199974207630937,0.0237234894338154,0.0177037527536048,0.0771547698043053,0.0378624005915832,0.0368600767855186,0.0263955303940224,0.0337245285662195,0.0287144926131272,0.033576710995337,0.016956564261904,0.0709538697160934,0.0143462128080001,0.0300958428370608,0.0280918070900257,0.038781906687631,0.0173962054062954,0.0289275011672836,0.0206544553125573,0.0223511285228308,0.0171002559971303,0.0180508962838995,0.0411515652419453,0.0516279973381305,0.0847985124757743,0.0436868463272934,0.0158126542558557,0.0228513182767554,0.0210710099761547,0.0249508589046519,0.0153541211676703,0.0506664676798885,0.0414801267613369,0.0428521913800395,0.0516929810556746,0.0198953639180146,0.0283893238451872,0.049109831279904,0.0531711026629155,0.0395754564454621,0.0168910742803169,0.058998151763489,0.0214927066164279,0.0520229324903246,0.0387095538897959,0.0221173499288805,0.0255042741836994,0.017753145443927,0.0174837902272257,0.0192667585947866,0.0324481984501367,0.0352275494438754,0.0390155579247141,0.0624599540491974,0.017732256732255,0.0401816275519611,0.0256420598055984,0.0188442235464885
"SPEECH_296",NA,NA,NA,NA,NA,NA,NA,NA,NA,NA,NA,NA,NA,NA,NA,NA,NA,NA,NA,NA,NA,NA,NA,NA,NA,NA,NA,NA,NA,NA,NA,NA,NA,NA,NA,NA,NA,NA,NA,NA,NA,NA,NA,NA,NA,NA,NA,NA,NA,NA,NA,NA,NA,NA,NA,NA,NA,NA,NA,NA,0.0310796860183222,0.12810409084498,0.0123063986802885,0.0125884609825086,0.0228832103257318,0.0166796245123539,0.0208078144090891,0.0162240273216992,0.00626044567855802,0.0148481904906041,0.0249694049453928,0.135136750670202,0.00932658672104597,0.106066763226564,0.0245929638622868,0.0636036552150756,0.0900800749241042,0.02047557266857,0.020779438664343,0.0509412498744748,0.0131234115992056,0.0220744444229487,0.0116233425960315,0.0107253012861312,0.0222126279094339,0.0219358662994761,0.0319216462731576,0.0108759584405756,0.0127171171249064,0.0150358740119385,0.0434887932065078,0.052025943356914,0.0146844530277075,0.0224098633222091,0.0467836155427227,0.0428957154683854,0.015330127163861,0.022406363768781,0.033465957025133,0.0319672765018487,0.0572081339883372,0.0202990417134553,0.0170280405669329,0.0308985903441721,0.0129387484081736,0.0509398665288835,0.0353033769627353,0.016904826665587,0.0219969732373283,0.0293467445521043,0.0145001718630739,0.0232120332280916,0.0352723641754394,0.0389973576346446,0.0418185120227643,0.0410819447767109,0.0518742667768216,0.0581524316938758,0.0405328916053061,0.0362355748714924
"SPEECH_1196",NA,NA,NA,NA,NA,NA,NA,NA,NA,NA,NA,NA,NA,NA,NA,NA,NA,NA,NA,NA,NA,NA,NA,NA,NA,NA,NA,NA,NA,NA,NA,NA,NA,NA,NA,NA,NA,NA,NA,NA,NA,NA,NA,NA,NA,NA,NA,NA,NA,NA,NA,NA,NA,NA,NA,NA,NA,NA,NA,NA,0.0310796860183222,0.12810409084498,0.0123063986802885,0.0125884609825086,0.0228832103257318,0.0166796245123539,0.0208078144090891,0.0162240273216992,0.00626044567855802,0.0148481904906041,0.0249694049453928,0.135136750670202,0.00932658672104597,0.106066763226564,0.0245929638622868,0.0636036552150756,0.0900800749241042,0.02047557266857,0.020779438664343,0.0509412498744748,0.0131234115992056,0.0220744444229487,0.0116233425960315,0.0107253012861312,0.0222126279094339,0.0219358662994761,0.0319216462731576,0.0108759584405756,0.0127171171249064,0.0150358740119385,0.0434887932065078,0.052025943356914,0.0146844530277075,0.0224098633222091,0.0467836155427227,0.0428957154683854,0.015330127163861,0.022406363768781,0.033465957025133,0.0319672765018487,0.0572081339883372,0.0202990417134553,0.0170280405669329,0.0308985903441721,0.0129387484081736,0.0509398665288835,0.0353033769627353,0.016904826665587,0.0219969732373283,0.0293467445521043,0.0145001718630739,0.0232120332280916,0.0352723641754394,0.0389973576346446,0.0418185120227643,0.0410819447767109,0.0518742667768216,0.0581524316938758,0.0405328916053061,0.0362355748714924
"SPEECH_1197",NA,NA,NA,NA,NA,NA,NA,NA,NA,NA,NA,NA,NA,NA,NA,NA,NA,NA,NA,NA,NA,NA,NA,NA,NA,NA,NA,NA,NA,NA,NA,NA,NA,NA,NA,NA,NA,NA,NA,NA,NA,NA,NA,NA,NA,NA,NA,NA,NA,NA,NA,NA,NA,NA,NA,NA,NA,NA,NA,NA,0.0310796860183222,0.12810409084498,0.0123063986802885,0.0125884609825086,0.0228832103257318,0.0166796245123539,0.0208078144090891,0.0162240273216992,0.00626044567855802,0.0148481904906041,0.0249694049453928,0.135136750670202,0.00932658672104597,0.106066763226564,0.0245929638622868,0.0636036552150756,0.0900800749241042,0.02047557266857,0.020779438664343,0.0509412498744748,0.0131234115992056,0.0220744444229487,0.0116233425960315,0.0107253012861312,0.0222126279094339,0.0219358662994761,0.0319216462731576,0.0108759584405756,0.0127171171249064,0.0150358740119385,0.0434887932065078,0.052025943356914,0.0146844530277075,0.0224098633222091,0.0467836155427227,0.0428957154683854,0.015330127163861,0.022406363768781,0.033465957025133,0.0319672765018487,0.0572081339883372,0.0202990417134553,0.0170280405669329,0.0308985903441721,0.0129387484081736,0.0509398665288835,0.0353033769627353,0.016904826665587,0.0219969732373283,0.0293467445521043,0.0145001718630739,0.0232120332280916,0.0352723641754394,0.0389973576346446,0.0418185120227643,0.0410819447767109,0.0518742667768216,0.0581524316938758,0.0405328916053061,0.0362355748714924
"SPEECH_1200",NA,NA,NA,NA,NA,NA,NA,NA,NA,NA,NA,NA,NA,NA,NA,NA,NA,NA,NA,NA,NA,NA,NA,NA,NA,NA,NA,NA,NA,NA,NA,NA,NA,NA,NA,NA,NA,NA,NA,NA,NA,NA,NA,NA,NA,NA,NA,NA,NA,NA,NA,NA,NA,NA,NA,NA,NA,NA,NA,NA,0.0310796860183222,0.12810409084498,0.0123063986802885,0.0125884609825086,0.0228832103257318,0.0166796245123539,0.0208078144090891,0.0162240273216992,0.00626044567855802,0.0148481904906041,0.0249694049453928,0.135136750670202,0.00932658672104597,0.106066763226564,0.0245929638622868,0.0636036552150756,0.0900800749241042,0.02047557266857,0.020779438664343,0.0509412498744748,0.0131234115992056,0.0220744444229487,0.0116233425960315,0.0107253012861312,0.0222126279094339,0.0219358662994761,0.0319216462731576,0.0108759584405756,0.0127171171249064,0.0150358740119385,0.0434887932065078,0.052025943356914,0.0146844530277075,0.0224098633222091,0.0467836155427227,0.0428957154683854,0.015330127163861,0.022406363768781,0.033465957025133,0.0319672765018487,0.0572081339883372,0.0202990417134553,0.0170280405669329,0.0308985903441721,0.0129387484081736,0.0509398665288835,0.0353033769627353,0.016904826665587,0.0219969732373283,0.0293467445521043,0.0145001718630739,0.0232120332280916,0.0352723641754394,0.0389973576346446,0.0418185120227643,0.0410819447767109,0.0518742667768216,0.0581524316938758,0.0405328916053061,0.0362355748714924
"SPEECH_1203",NA,NA,NA,NA,NA,NA,NA,NA,NA,NA,NA,NA,NA,NA,NA,NA,NA,NA,NA,NA,NA,NA,NA,NA,NA,NA,NA,NA,NA,NA,NA,NA,NA,NA,NA,NA,NA,NA,NA,NA,NA,NA,NA,NA,NA,NA,NA,NA,NA,NA,NA,NA,NA,NA,NA,NA,NA,NA,NA,NA,0.0310796860183222,0.12810409084498,0.0123063986802885,0.0125884609825086,0.0228832103257318,0.0166796245123539,0.0208078144090891,0.0162240273216992,0.00626044567855802,0.0148481904906041,0.0249694049453928,0.135136750670202,0.00932658672104597,0.106066763226564,0.0245929638622868,0.0636036552150756,0.0900800749241042,0.02047557266857,0.020779438664343,0.0509412498744748,0.0131234115992056,0.0220744444229487,0.0116233425960315,0.0107253012861312,0.0222126279094339,0.0219358662994761,0.0319216462731576,0.0108759584405756,0.0127171171249064,0.0150358740119385,0.0434887932065078,0.052025943356914,0.0146844530277075,0.0224098633222091,0.0467836155427227,0.0428957154683854,0.015330127163861,0.022406363768781,0.033465957025133,0.0319672765018487,0.0572081339883372,0.0202990417134553,0.0170280405669329,0.0308985903441721,0.0129387484081736,0.0509398665288835,0.0353033769627353,0.016904826665587,0.0219969732373283,0.0293467445521043,0.0145001718630739,0.0232120332280916,0.0352723641754394,0.0389973576346446,0.0418185120227643,0.0410819447767109,0.0518742667768216,0.0581524316938758,0.0405328916053061,0.0362355748714924
"SPEECH_1199",NA,NA,NA,NA,NA,NA,NA,NA,NA,NA,NA,NA,NA,NA,NA,NA,NA,NA,NA,NA,NA,NA,NA,NA,NA,NA,NA,NA,NA,NA,NA,NA,NA,NA,NA,NA,NA,NA,NA,NA,NA,NA,NA,NA,NA,NA,NA,NA,NA,NA,NA,NA,NA,NA,NA,NA,NA,NA,NA,NA,0.0608412690535332,0.0608095446871387,0.0116257468059566,0.0112268548664662,0.0456893186013126,0.0257180066400177,0.0334296355887217,0.0114313177930052,0.0228968337541333,0.0133803371337726,0.0365239900346833,0.0331817746320762,0.0150526599030789,0.0217499747565001,0.0157797885035146,0.0746007497432087,0.0786367126104988,0.0184948687917662,0.0357499804187887,0.0199054425254776,0.018017475025326,0.0428705637379655,0.0307399658050399,0.0138745486698007,0.0361161693495758,0.0510441812291546,0.0191389120154773,0.0406881286680196,0.06701069526385,0.0337745533921396,0.0313618478991024,0.0506408738852085,0.0168316006697084,0.03674629603367,0.0443337561328917,0.03503334307763,0.0350522880953769,0.0154326614784516,0.0415115931109036,0.0330100793359913,0.0390404900696219,0.0673891272003694,0.0242796388816164,0.0269874482553739,0.0259604757797362,0.0445281105805366,0.025288439695595,0.0163255739411307,0.0385037889347639,0.0262466584828665,0.0279184354720767,0.0185055860183332,0.0196428037684781,0.0298239224840344,0.0400155907927053,0.0593167653612688,0.0314524880729906,0.0445204524120977,0.0311423587343719,0.0231575053430986
"SPEECH_1205",NA,NA,NA,NA,NA,NA,NA,NA,NA,NA,NA,NA,NA,NA,NA,NA,NA,NA,NA,NA,NA,NA,NA,NA,NA,NA,NA,NA,NA,NA,NA,NA,NA,NA,NA,NA,NA,NA,NA,NA,NA,NA,NA,NA,NA,NA,NA,NA,NA,NA,NA,NA,NA,NA,NA,NA,NA,NA,NA,NA,0.0608412690535332,0.0608095446871387,0.0116257468059566,0.0112268548664662,0.0456893186013126,0.0257180066400177,0.0334296355887217,0.0114313177930052,0.0228968337541333,0.0133803371337726,0.0365239900346833,0.0331817746320762,0.0150526599030789,0.0217499747565001,0.0157797885035146,0.0746007497432087,0.0786367126104988,0.0184948687917662,0.0357499804187887,0.0199054425254776,0.018017475025326,0.0428705637379655,0.0307399658050399,0.0138745486698007,0.0361161693495758,0.0510441812291546,0.0191389120154773,0.0406881286680196,0.06701069526385,0.0337745533921396,0.0313618478991024,0.0506408738852085,0.0168316006697084,0.03674629603367,0.0443337561328917,0.03503334307763,0.0350522880953769,0.0154326614784516,0.0415115931109036,0.0330100793359913,0.0390404900696219,0.0673891272003694,0.0242796388816164,0.0269874482553739,0.0259604757797362,0.0445281105805366,0.025288439695595,0.0163255739411307,0.0385037889347639,0.0262466584828665,0.0279184354720767,0.0185055860183332,0.0196428037684781,0.0298239224840344,0.0400155907927053,0.0593167653612688,0.0314524880729906,0.0445204524120977,0.0311423587343719,0.0231575053430986
"SPEECH_1201",NA,NA,NA,NA,NA,NA,NA,NA,NA,NA,NA,NA,NA,NA,NA,NA,NA,NA,NA,NA,NA,NA,NA,NA,NA,NA,NA,NA,NA,NA,NA,NA,NA,NA,NA,NA,NA,NA,NA,NA,NA,NA,NA,NA,NA,NA,NA,NA,NA,NA,NA,NA,NA,NA,NA,NA,NA,NA,NA,NA,0.0319918722813801,0.0366369558272309,0.0131234796628608,0.019476585662927,0.0333226186262897,0.0322501242813353,0.108782898758282,0.0173410854824074,0.0215046903049723,0.00764050663012192,0.0334343731430187,0.0826181161883437,0.011625336557112,0.0385219296358039,0.0123018982170887,0.106392999673078,0.124950230137743,0.01558498014022,0.0366788812504997,0.0109496208248752,0.00793461538762472,0.0223839828274058,0.0115748537078261,0.00964915521238261,0.0342136190561483,0.011650349829958,0.0132077214018863,0.0254069635492512,0.0400864517428914,0.0287631039990358,0.0302008071208595,0.0274538550682899,0.0259990907123086,0.0339940875789773,0.048143771004483,0.0337906760795133,0.0464674480486353,0.0227266531726844,0.0359398120380076,0.0223910754981217,0.0549250328706181,0.0282598539230439,0.0166023253620041,0.0249353116972492,0.0375176856955698,0.042188335426626,0.0327595194198596,0.0194807301056681,0.0194388252271055,0.0182156967676616,0.0383227015495238,0.0175622524374165,0.0411530743183887,0.0468749205030321,0.0477114195626094,0.0235955936663186,0.0472831052585942,0.0640138366009861,0.0307637976856975,0.0212887056001468
"SPEECH_1198",NA,NA,NA,NA,NA,NA,NA,NA,NA,NA,NA,NA,NA,NA,NA,NA,NA,NA,NA,NA,NA,NA,NA,NA,NA,NA,NA,NA,NA,NA,NA,NA,NA,NA,NA,NA,NA,NA,NA,NA,NA,NA,NA,NA,NA,NA,NA,NA,NA,NA,NA,NA,NA,NA,NA,NA,NA,NA,NA,NA,0.0313618478991024,0.0506408738852085,0.0168316006697084,0.03674629603367,0.0443337561328917,0.03503334307763,0.0350522880953769,0.0154326614784516,0.0415115931109036,0.0330100793359913,0.0390404900696219,0.0673891272003694,0.0242796388816164,0.0269874482553739,0.0259604757797362,0.0445281105805366,0.025288439695595,0.0163255739411307,0.0385037889347639,0.0262466584828665,0.0279184354720767,0.0185055860183332,0.0196428037684781,0.0298239224840344,0.0400155907927053,0.0593167653612688,0.0314524880729906,0.0445204524120977,0.0311423587343719,0.0231575053430986,0.028574318708686,0.0452496960819929,0.0238648474211645,0.0223319790684961,0.0292616720767917,0.0452151502539699,0.0404275119894893,0.025148500845207,0.0370358327656223,0.0319499375419847,0.0170005411623761,0.0650821109197746,0.0208575096499741,0.0268741526385347,0.0259756819592496,0.03944957807516,0.0362151703788247,0.0233915220714055,0.0310705974023498,0.0238490284016889,0.0219538554972852,0.0237306019428304,0.0313220140344143,0.0223588766799335,0.0440911321050353,0.0526507822822745,0.0643989922294544,0.0478072862562483,0.0293454447706837,0.0235156747890983
"SPEECH_1194",NA,NA,NA,NA,NA,NA,NA,NA,NA,NA,NA,NA,NA,NA,NA,NA,NA,NA,NA,NA,NA,NA,NA,NA,NA,NA,NA,NA,NA,NA,NA,NA,NA,NA,NA,NA,NA,NA,NA,NA,NA,NA,NA,NA,NA,NA,NA,NA,NA,NA,NA,NA,NA,NA,NA,NA,NA,NA,NA,NA,0.0302008071208595,0.0274538550682899,0.0259990907123086,0.0339940875789773,0.048143771004483,0.0337906760795133,0.0464674480486353,0.0227266531726844,0.0359398120380076,0.0223910754981217,0.0549250328706181,0.0282598539230439,0.0166023253620041,0.0249353116972492,0.0375176856955698,0.042188335426626,0.0327595194198596,0.0194807301056681,0.0194388252271055,0.0182156967676616,0.0383227015495238,0.0175622524374165,0.0411530743183887,0.0468749205030321,0.0477114195626094,0.0235955936663186,0.0472831052585942,0.0640138366009861,0.0307637976856975,0.0212887056001468,0.0268622398858657,0.0366645597799716,0.0130892645136626,0.0338974516900422,0.0600999329630212,0.0412064752902155,0.0242352797253384,0.0180822457334161,0.0259248189534528,0.0197804745651276,0.0214202380649471,0.0244829879797797,0.0142988442960931,0.055044495197023,0.0215938566779534,0.0431942114183425,0.0351673875691667,0.0153002893425081,0.0148631278791868,0.0209944375081118,0.01967598755248,0.0346087859847004,0.0307560699008529,0.0423232422074047,0.0709214865881312,0.0613467250022197,0.0464066719869208,0.0632603966579994,0.037782165412356,0.026715849673709
"SPEECH_1202",NA,NA,NA,NA,NA,NA,NA,NA,NA,NA,NA,NA,NA,NA,NA,NA,NA,NA,NA,NA,NA,NA,NA,NA,NA,NA,NA,NA,NA,NA,NA,NA,NA,NA,NA,NA,NA,NA,NA,NA,NA,NA,NA,NA,NA,NA,NA,NA,NA,NA,NA,NA,NA,NA,NA,NA,NA,NA,NA,NA,0.028574318708686,0.0452496960819929,0.0238648474211645,0.0223319790684961,0.0292616720767917,0.0452151502539699,0.0404275119894893,0.025148500845207,0.0370358327656223,0.0319499375419847,0.0170005411623761,0.0650821109197746,0.0208575096499741,0.0268741526385347,0.0259756819592496,0.03944957807516,0.0362151703788247,0.0233915220714055,0.0310705974023498,0.0238490284016889,0.0219538554972852,0.0237306019428304,0.0313220140344143,0.0223588766799335,0.0440911321050353,0.0526507822822745,0.0643989922294544,0.0478072862562483,0.0293454447706837,0.0235156747890983,0.048189662938532,0.0255495137450872,0.0184562153584774,0.0409802945751843,0.0429733200437871,0.045981376134272,0.0375737796045216,0.0202067346035573,0.0627699002241057,0.0372295766960831,0.0363016000174124,0.0263991416494056,0.0422454715912234,0.0301277654729943,0.0160737134599694,0.0423813500100059,0.0354623202307956,0.020200922846968,0.0288663050532326,0.0204873290724317,0.0182631678064359,0.0291023922102003,0.0285005778995835,0.0391347398107928,0.0621543236133326,0.0276792108093144,0.0240790474666752,0.0426843440039356,0.0253721722183962,0.0245737308332866
"SPEECH_134",NA,NA,NA,NA,NA,NA,NA,NA,NA,NA,NA,NA,NA,NA,NA,NA,NA,NA,NA,NA,NA,NA,NA,NA,NA,NA,NA,NA,NA,NA,NA,NA,NA,NA,NA,NA,NA,NA,NA,NA,NA,NA,NA,NA,NA,NA,NA,NA,NA,NA,NA,NA,NA,NA,NA,NA,NA,NA,NA,NA,0.0233245506063577,0.028673792373405,0.0120774745726969,0.0235687392472977,0.0340978772262644,0.0628221115860482,0.0177695494407067,0.0147003158159603,0.0234070255626896,0.0212354547904193,0.0285854249339818,0.0161926661627503,0.014551276888215,0.0399369622722033,0.0122169299396385,0.0980806169277621,0.155338378036598,0.0141027103044829,0.0294253046414915,0.0236170403774068,0.0143964073304774,0.0234044099524273,0.0412573373310305,0.0151338693840676,0.0452265974073723,0.0556553296997125,0.0214710553296374,0.0260084576754989,0.0451345109097183,0.0185878232736821,0.0312732088397816,0.0304030718061962,0.0200925335688407,0.0150927158051668,0.135082622380652,0.0195840660582206,0.0399206255807413,0.0172312820581426,0.0344143731038283,0.0183944172218247,0.0364453845386971,0.0527590529426133,0.0239779101950743,0.020350670103974,0.0532709151934792,0.0207189125065439,0.0237279888793561,0.0156442020127202,0.0122958295354616,0.024489656898693,0.0261218687153099,0.0224316202045944,0.0480962862781397,0.0588513254267284,0.0250522500756,0.0631388531411637,0.0215971750684015,0.0433564977751709,0.029450523934973,0.0167341601499111
"SPEECH_151",NA,NA,NA,NA,NA,NA,NA,NA,NA,NA,NA,NA,NA,NA,NA,NA,NA,NA,NA,NA,NA,NA,NA,NA,NA,NA,NA,NA,NA,NA,NA,NA,NA,NA,NA,NA,NA,NA,NA,NA,NA,NA,NA,NA,NA,NA,NA,NA,NA,NA,NA,NA,NA,NA,NA,NA,NA,NA,NA,NA,0.0233245506063577,0.028673792373405,0.0120774745726969,0.0235687392472977,0.0340978772262644,0.0628221115860482,0.0177695494407067,0.0147003158159603,0.0234070255626896,0.0212354547904193,0.0285854249339818,0.0161926661627503,0.014551276888215,0.0399369622722033,0.0122169299396385,0.0980806169277621,0.155338378036598,0.0141027103044829,0.0294253046414915,0.0236170403774068,0.0143964073304774,0.0234044099524273,0.0412573373310305,0.0151338693840676,0.0452265974073723,0.0556553296997125,0.0214710553296374,0.0260084576754989,0.0451345109097183,0.0185878232736821,0.0312732088397816,0.0304030718061962,0.0200925335688407,0.0150927158051668,0.135082622380652,0.0195840660582206,0.0399206255807413,0.0172312820581426,0.0344143731038283,0.0183944172218247,0.0364453845386971,0.0527590529426133,0.0239779101950743,0.020350670103974,0.0532709151934792,0.0207189125065439,0.0237279888793561,0.0156442020127202,0.0122958295354616,0.024489656898693,0.0261218687153099,0.0224316202045944,0.0480962862781397,0.0588513254267284,0.0250522500756,0.0631388531411637,0.0215971750684015,0.0433564977751709,0.029450523934973,0.0167341601499111
"SPEECH_740",NA,NA,NA,NA,NA,NA,NA,NA,NA,NA,NA,NA,NA,NA,NA,NA,NA,NA,NA,NA,NA,NA,NA,NA,NA,NA,NA,NA,NA,NA,NA,NA,NA,NA,NA,NA,NA,NA,NA,NA,NA,NA,NA,NA,NA,NA,NA,NA,NA,NA,NA,NA,NA,NA,NA,NA,NA,NA,NA,NA,0.0424687190708211,0.0420711438420487,0.0161365847015775,0.0240664474523519,0.0527297225872609,0.0397522842237016,0.0340095036543249,0.0184212367895292,0.0247280183499174,0.0496121135248621,0.0266350224365436,0.0247707821857359,0.0236514345908375,0.0321964064481428,0.0275603294800925,0.0393055232952125,0.0647278323440296,0.0206385240406885,0.0354487987465456,0.0193856458689289,0.0209267296561567,0.0273640099300124,0.0453194664821962,0.0281412806791036,0.0563507247208972,0.0464560060006933,0.0247686246521221,0.0334054629968553,0.0265756623632988,0.0323759588855117,0.037130825368967,0.0541544537449632,0.0197510750738919,0.0175494770245844,0.0568168348054383,0.0547218244265564,0.0281468434425876,0.0175844298282694,0.0365322222300864,0.0195165138698405,0.0230327151249562,0.0308127773227535,0.0140183113001262,0.0419731140835108,0.0218968401137806,0.0620912298225424,0.072220847658961,0.0225375498407797,0.016683069381533,0.0181868908417597,0.0186129108876621,0.0294957569283024,0.0108050987518335,0.0251315843929355,0.0503655337689676,0.0592284307928696,0.038729781996962,0.0326694891193186,0.0206382253842782,0.0489653426709823
"SPEECH_355",NA,NA,NA,NA,NA,NA,NA,NA,NA,NA,NA,NA,NA,NA,NA,NA,NA,NA,NA,NA,NA,NA,NA,NA,NA,NA,NA,NA,NA,NA,NA,NA,NA,NA,NA,NA,NA,NA,NA,NA,NA,NA,NA,NA,NA,NA,NA,NA,NA,NA,NA,NA,NA,NA,NA,NA,NA,NA,NA,NA,0.0218164092133179,0.047890210064445,0.0153059740547555,0.0532982970770446,0.0695262050274895,0.0260608489044708,0.0327808512120838,0.0150170080898816,0.0307220657814141,0.0182292428274927,0.0184640692362863,0.0452845758150409,0.0318748558828827,0.029096892447421,0.0290377372721533,0.0356576891933262,0.0266338851117193,0.0168461629309469,0.0178154405186039,0.024528493474055,0.0175299752033873,0.0239328526422467,0.0244507198476087,0.0824787131467052,0.0415826635368982,0.0740673892162393,0.0282545687654966,0.0464956512727591,0.0319299328029486,0.0233906194308792,0.0366608530570385,0.0546213319152991,0.0153844538414895,0.0291635044462641,0.0345542303289526,0.0133021585624466,0.0548113949745447,0.0202118442047776,0.0222728368737679,0.0297959794599751,0.0316202204052561,0.0495437444429199,0.016798847441683,0.0297374022812469,0.0212638706934354,0.0698685624258263,0.0431201308268576,0.0202608349881538,0.0358256419511825,0.0190798709381347,0.0133028127249541,0.070129089171487,0.0156580298883246,0.0184677658774712,0.0343066624260951,0.0495835470682368,0.0248602527929907,0.0591888718045355,0.0280783884241389,0.0385268657625143
"SPEECH_125",NA,NA,NA,NA,NA,NA,NA,NA,NA,NA,NA,NA,NA,NA,NA,NA,NA,NA,NA,NA,NA,NA,NA,NA,NA,NA,NA,NA,NA,NA,NA,NA,NA,NA,NA,NA,NA,NA,NA,NA,NA,NA,NA,NA,NA,NA,NA,NA,NA,NA,NA,NA,NA,NA,NA,NA,NA,NA,NA,NA,0.0376390722638914,0.0386573516557869,0.0164330453926278,0.0484477533755808,0.039923674803022,0.0271486856762722,0.0364648347758284,0.0169368915419441,0.0246482965249773,0.0179541635873457,0.0244799271651549,0.0333340453661439,0.0233775862012051,0.0268749662479756,0.0259757992086419,0.0538561397892294,0.0576742702466449,0.0155749777787619,0.0419692378059377,0.0201459760184446,0.0295233162986544,0.0327267028757089,0.0291034691577898,0.032034426299238,0.0571747497362554,0.0588943791605199,0.0156767298911141,0.0467141614029442,0.0291456586275035,0.0414897111248553,0.0326239533332565,0.0546584765202118,0.0120012874159681,0.0233860249055282,0.0340944207112922,0.0337210850252874,0.0645935601504469,0.0134112060551103,0.0324708172788961,0.0191236172730974,0.0349170998903502,0.111453164963293,0.0149535091109529,0.0601957173958085,0.0141985768342034,0.0541317966648704,0.0489440271602736,0.0185618887461486,0.0229074979094975,0.0145876882528315,0.0244793861117414,0.0161002849773078,0.0128811007788347,0.0418970477533907,0.0463366606085002,0.0438981779939577,0.016950676722009,0.0303076391856791,0.0296327197592178,0.0225808905120372
"SPEECH_309",NA,NA,NA,NA,NA,NA,NA,NA,NA,NA,NA,NA,NA,NA,NA,NA,NA,NA,NA,NA,NA,NA,NA,NA,NA,NA,NA,NA,NA,NA,NA,NA,NA,NA,NA,NA,NA,NA,NA,NA,NA,NA,NA,NA,NA,NA,NA,NA,NA,NA,NA,NA,NA,NA,NA,NA,NA,NA,NA,NA,0.0326239533332565,0.0546584765202118,0.0120012874159681,0.0233860249055282,0.0340944207112922,0.0337210850252874,0.0645935601504469,0.0134112060551103,0.0324708172788961,0.0191236172730974,0.0349170998903502,0.111453164963293,0.0149535091109529,0.0601957173958085,0.0141985768342034,0.0541317966648704,0.0489440271602736,0.0185618887461486,0.0229074979094975,0.0145876882528315,0.0244793861117414,0.0161002849773078,0.0128811007788347,0.0418970477533907,0.0463366606085002,0.0438981779939577,0.016950676722009,0.0303076391856791,0.0296327197592178,0.0225808905120372,0.0506628344664686,0.0407948588752791,0.0157163668455637,0.0220127235519818,0.0390419273757959,0.0338443152728362,0.0479955403182461,0.0260782374622902,0.0308748489115583,0.043560959239799,0.0425698368101859,0.056939249528561,0.0174055557608552,0.0344152545248306,0.0179752003593994,0.0505998670558022,0.0510464575413385,0.0214087144576512,0.0228434739699441,0.0172438491642973,0.0346828125796875,0.021208023663142,0.0402166406175417,0.0139745670267114,0.042999701967092,0.0242575281626811,0.0171501204561594,0.0401457671258847,0.0332433814567444,0.0490913854516714
"SPEECH_665",NA,NA,NA,NA,NA,NA,NA,NA,NA,NA,NA,NA,NA,NA,NA,NA,NA,NA,NA,NA,NA,NA,NA,NA,NA,NA,NA,NA,NA,NA,NA,NA,NA,NA,NA,NA,NA,NA,NA,NA,NA,NA,NA,NA,NA,NA,NA,NA,NA,NA,NA,NA,NA,NA,NA,NA,NA,NA,NA,NA,0.0585683073847375,0.0415194702729332,0.0143726555610235,0.0153667884439365,0.0685915922962363,0.0446943051808648,0.0295144335513274,0.0146823434611831,0.0356532535641192,0.0338748724525856,0.0209315291324149,0.0496458138339397,0.0386812748292996,0.0196979205042771,0.0263144980958309,0.0321983273090277,0.0318142825756876,0.0179343821038801,0.0344582769301854,0.0253784959831064,0.0219133037476518,0.0419509258644603,0.0306184836177839,0.0315097259396616,0.0227047013407037,0.0389247087669033,0.0306471059648041,0.0752629031193075,0.0316627775726305,0.0209125405994967,0.0255723222201891,0.041711584268122,0.0184213180709599,0.0133251843785829,0.0878816135144865,0.0317040695411934,0.0272419034225639,0.0142113671813687,0.0827661077778318,0.0150566052608347,0.0196273409359125,0.0139519058960252,0.0239469903813922,0.0396951754244455,0.0217690187128537,0.038714124175004,0.0147940344473356,0.0211683882412167,0.0195414576702331,0.0278800452655392,0.0350491673058865,0.0243328784351468,0.0217846564172981,0.0324834975359368,0.0573915758989773,0.0468840181320904,0.0327088689494973,0.069645493902589,0.0336892691386784,0.0470500174978089
"SPEECH_203",NA,NA,NA,NA,NA,NA,NA,NA,NA,NA,NA,NA,NA,NA,NA,NA,NA,NA,NA,NA,NA,NA,NA,NA,NA,NA,NA,NA,NA,NA,NA,NA,NA,NA,NA,NA,NA,NA,NA,NA,NA,NA,NA,NA,NA,NA,NA,NA,NA,NA,NA,NA,NA,NA,NA,NA,NA,NA,NA,NA,0.0557910257341174,0.0234007050532075,0.0134851976120302,0.0129602135693179,0.0545590058843438,0.0362212289303483,0.0448265906743354,0.0175303472189775,0.0119056039877165,0.13932120364689,0.0187909724716715,0.047919939897187,0.0122279981030131,0.0193127023390722,0.0104869455886625,0.0575282893517511,0.13772422090154,0.0136110069786449,0.0167451740312928,0.0106357172840303,0.0127956678784413,0.0199470470126361,0.0100301716950082,0.00963459013705955,0.014372528895274,0.0149266488684186,0.0239304958696219,0.0811965839925101,0.0315273306277256,0.0266548457651548,0.0228622991156196,0.027138910221499,0.0138180335439452,0.0164214994654502,0.0191061822853661,0.0500818448765804,0.0361384203052882,0.0135421845069273,0.0310244420085038,0.0361686611577942,0.011764239314348,0.0863916020412036,0.0114406770588852,0.0535977297544552,0.0221286368992237,0.0257319354059272,0.027166819594977,0.0281052075292597,0.0167138579225032,0.0216647129759904,0.0203572173615641,0.0190370853483628,0.0161362768571172,0.032812317095099,0.110477008039191,0.0770413299766113,0.0729916985326307,0.0504622509838641,0.0154746693082844,0.014202250513528
"SPEECH_308",NA,NA,NA,NA,NA,NA,NA,NA,NA,NA,NA,NA,NA,NA,NA,NA,NA,NA,NA,NA,NA,NA,NA,NA,NA,NA,NA,NA,NA,NA,NA,NA,NA,NA,NA,NA,NA,NA,NA,NA,NA,NA,NA,NA,NA,NA,NA,NA,NA,NA,NA,NA,NA,NA,NA,NA,NA,NA,NA,NA,0.0228331972447176,0.0284126419545971,0.0234063340682006,0.0174976484586011,0.0474391012026016,0.0308703676191907,0.0205077833435629,0.0207254400829588,0.0502704647373714,0.0615285620048844,0.0208792909706784,0.0559795579457723,0.0225105099932018,0.0504451643415919,0.021935519581601,0.0261170385457287,0.0163776139960023,0.0197873492805645,0.0246529135756497,0.028727684307856,0.0248133427031239,0.0312482456874592,0.0176730384706015,0.0495972298520069,0.0598493421201812,0.0816485134402609,0.0323532946739815,0.0366785395697055,0.0288535143533759,0.0263807558739711,0.0310532871548435,0.0415573753231784,0.0173962981872458,0.0644696896905027,0.0516300778587921,0.0449932787261246,0.0346927163185526,0.017998988727597,0.0349173964652105,0.0151193248418624,0.0150602377367532,0.078785697794578,0.0439468269537457,0.0429747440021996,0.0213385557281793,0.0247737200231695,0.0143895355928425,0.0174206664513172,0.0149622075911617,0.0286158788228109,0.0449381687944402,0.013203461432388,0.0131644170354378,0.0615267065437413,0.0182181403968287,0.0223742854025077,0.0366737416109659,0.0518573255353515,0.0550777794225647,0.0268694698351067
"SPEECH_157",NA,NA,NA,NA,NA,NA,NA,NA,NA,NA,NA,NA,NA,NA,NA,NA,NA,NA,NA,NA,NA,NA,NA,NA,NA,NA,NA,NA,NA,NA,NA,NA,NA,NA,NA,NA,NA,NA,NA,NA,NA,NA,NA,NA,NA,NA,NA,NA,NA,NA,NA,NA,NA,NA,NA,NA,NA,NA,NA,NA,0.0767928994796962,0.0246140872227986,0.0121328680566685,0.0149416814903311,0.0486636473918181,0.0360824707666192,0.0564116280108978,0.0148015007764507,0.0294317940936763,0.0246469672186303,0.018828156911177,0.105803520068674,0.017616738098909,0.0455496931107307,0.0187118476616023,0.0320854428209975,0.0195838691607112,0.0188512683266718,0.0606875728176293,0.0162056213182602,0.00967083370603154,0.0374708580764423,0.0125092823192087,0.0115814605471302,0.0748930395191665,0.069986874228501,0.0218729649156445,0.0344779051366519,0.0186235182693593,0.0164699884789143,0.023210981914234,0.0285071964643832,0.0162147426266163,0.0511831770095031,0.0773205640868909,0.0404461566715713,0.0277999415057346,0.0157951479249611,0.0325439412823992,0.029163838617797,0.0328068758627673,0.0254631617602852,0.0259073529095706,0.044982242370448,0.0353016210902416,0.0294861298178468,0.0308888661887573,0.0165344469068113,0.0178089760669483,0.0316579692268099,0.0527292297986559,0.0162699896254908,0.0210134253152359,0.0400144619323367,0.0721975782602448,0.0606484436410712,0.0243840706253355,0.027844658368668,0.0295947573142637,0.0222800548141206
"SPEECH_211",NA,NA,NA,NA,NA,NA,NA,NA,NA,NA,NA,NA,NA,NA,NA,NA,NA,NA,NA,NA,NA,NA,NA,NA,NA,NA,NA,NA,NA,NA,NA,NA,NA,NA,NA,NA,NA,NA,NA,NA,NA,NA,NA,NA,NA,NA,NA,NA,NA,NA,NA,NA,NA,NA,NA,NA,NA,NA,NA,NA,0.0382215423612767,0.0432401532816021,0.0176705838663424,0.0274154713210812,0.0385924458777575,0.0407386938601988,0.0407065647319664,0.0161245454728046,0.0612510692286361,0.035063468755747,0.0260980806830956,0.0340378601994398,0.0194095978956213,0.0446144714532302,0.0372471545519851,0.0346821735642852,0.0368438082884539,0.0200175615143731,0.0296625583104825,0.0212939235715538,0.0242639464746153,0.0244526616768979,0.0357441385734234,0.025994898171887,0.0410776658289195,0.0434225905073979,0.0291817401191562,0.0561291173356196,0.0307799356119316,0.0260215769102179,0.0209702215562076,0.0354978784914598,0.0152790268941117,0.0370270330579913,0.0589505245798953,0.0377305506373178,0.0405619170830734,0.0204437747393594,0.047892415710397,0.0189603404326357,0.0308323707503053,0.0348293172210558,0.0375826591477629,0.0565097878018895,0.0187577639835128,0.039850788726044,0.0488557924307728,0.020343393290549,0.0220391857250905,0.0293897555813874,0.0290718812363773,0.0219188686626368,0.0229397982445112,0.0338023781104864,0.0676164706830468,0.0400929520755731,0.0232480893776176,0.0238497915978881,0.0324539007075052,0.0327013714635388
"SPEECH_568",NA,NA,NA,NA,NA,NA,NA,NA,NA,NA,NA,NA,NA,NA,NA,NA,NA,NA,NA,NA,NA,NA,NA,NA,NA,NA,NA,NA,NA,NA,NA,NA,NA,NA,NA,NA,NA,NA,NA,NA,NA,NA,NA,NA,NA,NA,NA,NA,NA,NA,NA,NA,NA,NA,NA,NA,NA,NA,NA,NA,0.0275934655853355,0.0286561941810199,0.0165013519037112,0.0170133313946149,0.0323403648385648,0.0259354171738058,0.0170270322203369,0.0163448659796682,0.0469434542288786,0.0279941772974411,0.0335055804351059,0.0250645681176503,0.0198263153648849,0.0435647385454126,0.0195003899113573,0.0845801304476524,0.0689563133461936,0.0175538343640294,0.0467552527644074,0.0221269203928051,0.0324203106172041,0.0352954907357349,0.0239368710887548,0.0327238739774236,0.0468102887645065,0.0439703507496642,0.0287163262925796,0.0347951132000297,0.0617196275156415,0.0218280485655853,0.0420644530476434,0.0491696962337276,0.0186263763071281,0.0233558632021328,0.0599453615881851,0.0298923385049259,0.0250399468256272,0.013632241915624,0.0522202704190294,0.0208328382600373,0.0372169235092893,0.0300877378533416,0.0298504440990631,0.033248453736866,0.0217563270527981,0.0407714635928662,0.0349381082001749,0.0182383804968517,0.0342770459980682,0.0498573177725124,0.0182897739451392,0.0243854457025735,0.0188691096650075,0.0325299123568774,0.0345674949962619,0.0549510842457933,0.0389858692434469,0.0461016802275257,0.0384973402309062,0.027800700770576
"SPEECH_521",NA,NA,NA,NA,NA,NA,NA,NA,NA,NA,NA,NA,NA,NA,NA,NA,NA,NA,NA,NA,NA,NA,NA,NA,NA,NA,NA,NA,NA,NA,NA,NA,NA,NA,NA,NA,NA,NA,NA,NA,NA,NA,NA,NA,NA,NA,NA,NA,NA,NA,NA,NA,NA,NA,NA,NA,NA,NA,NA,NA,0.019000442439494,0.043236247749299,0.0120622688184029,0.0308045749519053,0.0422508233828895,0.0262313555644861,0.0243021893954269,0.0175092101450222,0.0341040020877468,0.0846937609091767,0.0324457964361662,0.0233752760059846,0.0211028283002323,0.0504936566297133,0.0326870949421441,0.0633110396281918,0.0621642038741975,0.0136490764410456,0.015081252275777,0.0215593631918867,0.0380936629439632,0.014908465304041,0.0144724064182818,0.0499369079417541,0.0577866073404271,0.0233641838069572,0.0125628120501123,0.0663081198351296,0.0246655158527747,0.0278368553373705,0.0273784086778067,0.0419858361681798,0.00953559751768497,0.0360936117480823,0.0287713921184727,0.0425237195944262,0.0345048872565827,0.013408303997916,0.0338650107965016,0.0246282961237345,0.05292409094358,0.0799591291577642,0.0137075426214573,0.0508336085569447,0.0185189877565863,0.0422953950570015,0.0472851996872004,0.0176200324681042,0.0268433572899037,0.0234251783376807,0.0206043176900256,0.00926843342766857,0.015200172078114,0.0172547549418449,0.0891455968436846,0.0480922562067908,0.0467051771915405,0.036327563891787,0.0346455704584866,0.0166485713944471
"SPEECH_516",NA,NA,NA,NA,NA,NA,NA,NA,NA,NA,NA,NA,NA,NA,NA,NA,NA,NA,NA,NA,NA,NA,NA,NA,NA,NA,NA,NA,NA,NA,NA,NA,NA,NA,NA,NA,NA,NA,NA,NA,NA,NA,NA,NA,NA,NA,NA,NA,NA,NA,NA,NA,NA,NA,NA,NA,NA,NA,NA,NA,0.0385335328574632,0.0496530265971848,0.0186231219699139,0.0276098343227276,0.0333372307839866,0.0533699438848885,0.0262050977345296,0.0291902646770271,0.0192483205896784,0.0216828430586518,0.031665191873416,0.048401657873366,0.021158514380526,0.0493574885083351,0.0355340359727008,0.0383493314373283,0.0620690315733189,0.0219359083200392,0.0180966716221192,0.0278784002262223,0.0255448879957352,0.0187031633010669,0.0369679416876432,0.047613624096942,0.0589139909983233,0.0164018209437298,0.0428622115865775,0.0192348146508428,0.0196827303064929,0.0421753661692232,0.0276387181149943,0.0509802649099717,0.0177251858005211,0.0400858592502274,0.0600418572569427,0.0403512573932392,0.0237246507719455,0.014716192845893,0.0357265849225223,0.0211061357413171,0.0152809670958441,0.0503326230877346,0.0256975596243155,0.0272881888789167,0.0200331715131981,0.0330466589635683,0.0767154468007244,0.0177995597721491,0.0244172448074974,0.0207729041679492,0.0157646812506437,0.032754526540006,0.0194162825390484,0.0250878300228781,0.0372532157227036,0.0601933637417944,0.0425326317183841,0.0297760971638648,0.0433824253029871,0.0503579142782183
"SPEECH_661",NA,NA,NA,NA,NA,NA,NA,NA,NA,NA,NA,NA,NA,NA,NA,NA,NA,NA,NA,NA,NA,NA,NA,NA,NA,NA,NA,NA,NA,NA,NA,NA,NA,NA,NA,NA,NA,NA,NA,NA,NA,NA,NA,NA,NA,NA,NA,NA,NA,NA,NA,NA,NA,NA,NA,NA,NA,NA,NA,NA,0.0221152616319172,0.0286054172634868,0.0141242974322276,0.0220546044606367,0.0674746750838423,0.0323255220451947,0.0213918314624155,0.0131013103388395,0.0512376658649617,0.0169365759690468,0.0225609344662683,0.0348726324441121,0.0366941163450341,0.0317738798907484,0.0204048970773509,0.0344835642497998,0.13194291495702,0.0164219843015949,0.0451570495643485,0.0193236784355708,0.0280798512139273,0.0167836228989964,0.0205016324652082,0.0345287164268121,0.0798490790763705,0.0139841604595642,0.0223594782605311,0.0349865574932569,0.0391209558178041,0.0268031326031129,0.0273132101589471,0.0759951879924849,0.01317988338979,0.0285185938971192,0.050123089216575,0.046526010079075,0.0238639978241212,0.00821269175951893,0.0666313736662433,0.0299296501914049,0.0164865727680188,0.0125484145324445,0.0161304549032044,0.0271322968939722,0.0179542103931173,0.0582167469327171,0.0951956465050705,0.0215973939445642,0.0215067735851866,0.00980008257254854,0.0212276430795344,0.0605777966950075,0.0229144393425569,0.025139367599222,0.0179994871400926,0.0193665135098842,0.01823779277013,0.083956859456928,0.0274411059624152,0.0362767132381056
"SPEECH_562",NA,NA,NA,NA,NA,NA,NA,NA,NA,NA,NA,NA,NA,NA,NA,NA,NA,NA,NA,NA,NA,NA,NA,NA,NA,NA,NA,NA,NA,NA,NA,NA,NA,NA,NA,NA,NA,NA,NA,NA,NA,NA,NA,NA,NA,NA,NA,NA,NA,NA,NA,NA,NA,NA,NA,NA,NA,NA,NA,NA,0.0467412246652237,0.0476786956903503,0.0129641689598887,0.0231727302490782,0.0326960503351548,0.0453772001591078,0.0373913288832056,0.0146373750082264,0.0237407537610384,0.0367904182865407,0.028023068274757,0.0422569900141362,0.0124252920499013,0.0408493340661341,0.0192381563514601,0.0412356695243117,0.041921252547316,0.0148250413785038,0.0358286191860483,0.0176379531105486,0.0140885590430192,0.064173216146246,0.0254754737694461,0.0272275314793578,0.0729612657043737,0.0513246423408212,0.0169574074139851,0.0526857907191266,0.0376988204265947,0.0219759704560979,0.0218075558563744,0.0444893806454542,0.0201022818267651,0.0299315188424334,0.0502997950165527,0.0261125333304338,0.033449300917594,0.0229598889613683,0.026199017364304,0.0360724739855098,0.0480505041375828,0.0289178756331491,0.0199837898291106,0.0466164270307662,0.0371258292484255,0.0327126648907328,0.020184682542711,0.0227553668757405,0.0176658564076304,0.0254519206409521,0.0195962521287273,0.0341691524044202,0.0369856730248796,0.0484697383170334,0.0896976876005698,0.0447799236280362,0.0325256526523383,0.0390822215478163,0.0263324005194923,0.0174726341930959
"SPEECH_129",NA,NA,NA,NA,NA,NA,NA,NA,NA,NA,NA,NA,NA,NA,NA,NA,NA,NA,NA,NA,NA,NA,NA,NA,NA,NA,NA,NA,NA,NA,NA,NA,NA,NA,NA,NA,NA,NA,NA,NA,NA,NA,NA,NA,NA,NA,NA,NA,NA,NA,NA,NA,NA,NA,NA,NA,NA,NA,NA,NA,0.0217083843660085,0.0852914081267835,0.0181102232521273,0.0300934089792312,0.0324809921780871,0.0382927448681547,0.0296013118694697,0.0205809937847896,0.0231842832053283,0.017412721883511,0.0337761089531854,0.0266437382123346,0.0283508266461042,0.0466536999088647,0.0307813300334536,0.0346122509108559,0.0192991075659892,0.0148214657763479,0.0336865248454269,0.0399844223095928,0.0221821878872276,0.0252242283868193,0.0360184142165575,0.0523256004183418,0.0617475174162996,0.0484611424111765,0.039372357252808,0.0471126356163971,0.0194749803629847,0.022714988355742,0.0348830302827584,0.038017915957434,0.0151458972648091,0.0213353287157248,0.0506368996185608,0.0348244177096355,0.036620013244546,0.0158446720137933,0.0251257340379818,0.0246273017382788,0.0413451695439364,0.0763608292153282,0.0211681878358289,0.0342029958721747,0.0171669288507378,0.0552422873298101,0.0304049083071651,0.0160773825969091,0.0329091737597762,0.0230034998674906,0.0284052729948113,0.0243777819495988,0.0425746404814289,0.0346732299928569,0.0645364044378679,0.0477816544984615,0.0224792543698154,0.0401960958916318,0.0376598303485663,0.0123732612722814
"SPEECH_499",NA,NA,NA,NA,NA,NA,NA,NA,NA,NA,NA,NA,NA,NA,NA,NA,NA,NA,NA,NA,NA,NA,NA,NA,NA,NA,NA,NA,NA,NA,NA,NA,NA,NA,NA,NA,NA,NA,NA,NA,NA,NA,NA,NA,NA,NA,NA,NA,NA,NA,NA,NA,NA,NA,NA,NA,NA,NA,NA,NA,0.037816855419172,0.0308919414155082,0.0152791561824645,0.0232038694131233,0.0472513043274604,0.0669391813303295,0.0580474714980211,0.0166033768560612,0.039878146226234,0.045694342348879,0.030543029175234,0.0348086944597221,0.0284995008263357,0.0231645851965383,0.0233943194807925,0.0327705909071376,0.025326793661024,0.0243420528204615,0.0183046847618768,0.0219855400543575,0.0328702971708341,0.024694559812389,0.0331318772973119,0.0221508722309717,0.074974418653978,0.0527243752494457,0.0277451017924677,0.0436947565825514,0.0220080448252274,0.02126026002409,0.0523960497002389,0.0505053278204612,0.0190586983317592,0.0196363706357405,0.0708481106009041,0.0261895257686661,0.0292172956415555,0.0157095637390336,0.0599958924029524,0.0251446935860125,0.024830954268032,0.0296369428985439,0.0248083875906081,0.0192132521260637,0.0356649611522361,0.0425929230149473,0.020613895229885,0.0203805831550551,0.0217776504016647,0.0426799997437244,0.0171041728775097,0.0200092179227409,0.0321151361771722,0.0300417437631129,0.0298349244689491,0.0911557701290276,0.0262664777396936,0.0304716031161153,0.026186383759195,0.0459134922383994
"SPEECH_513",NA,NA,NA,NA,NA,NA,NA,NA,NA,NA,NA,NA,NA,NA,NA,NA,NA,NA,NA,NA,NA,NA,NA,NA,NA,NA,NA,NA,NA,NA,NA,NA,NA,NA,NA,NA,NA,NA,NA,NA,NA,NA,NA,NA,NA,NA,NA,NA,NA,NA,NA,NA,NA,NA,NA,NA,NA,NA,NA,NA,0.0210038111456896,0.0540240549010174,0.0129238219881434,0.0337640608412423,0.044880664983727,0.0362747184152677,0.0477020394320685,0.016515143303988,0.0438195976733103,0.0485977778425251,0.0157655853428729,0.0261584961043212,0.0260271726618405,0.0171637906627673,0.0208544748665885,0.0444504593582917,0.0285956722610757,0.026666693021791,0.0217292143662246,0.0233632266164048,0.0200403922802713,0.0159839508152315,0.0184998898426859,0.0497394917511043,0.0613679799666338,0.0565977047714596,0.0176309554436261,0.0609863362430573,0.0654658457390128,0.0234069773577599,0.0324738718357874,0.051237400575943,0.0171497398105702,0.0228095214909415,0.0681589847285815,0.0303346548722463,0.0213184073693754,0.0134291328061185,0.0278365171729769,0.0164324112742899,0.0317435247455856,0.0317423430629055,0.0301613374182524,0.033126472462859,0.0114504350655267,0.048848372303445,0.0809000915065227,0.0270078397956912,0.0334881769651834,0.0225788718861937,0.0281867070953161,0.0231098557105875,0.0199854484770059,0.0158347649365858,0.0557191059842241,0.0468926922910871,0.0225894219448904,0.054063620347285,0.0247307018449522,0.0566595742190701
"SPEECH_540",NA,NA,NA,NA,NA,NA,NA,NA,NA,NA,NA,NA,NA,NA,NA,NA,NA,NA,NA,NA,NA,NA,NA,NA,NA,NA,NA,NA,NA,NA,NA,NA,NA,NA,NA,NA,NA,NA,NA,NA,NA,NA,NA,NA,NA,NA,NA,NA,NA,NA,NA,NA,NA,NA,NA,NA,NA,NA,NA,NA,0.0261043906222551,0.0547320875383663,0.0153770521377048,0.0258305490734533,0.0672021431207992,0.0321185551239203,0.0218347491424974,0.0147544288490159,0.044966366302676,0.024728565550154,0.0298130559332663,0.0224619652960226,0.0360452562321939,0.0285513576258118,0.0211787076178649,0.0445469661110154,0.0321815175183793,0.027060505442241,0.0174143027346822,0.0333352954621575,0.0417485668843501,0.0298668601308259,0.0192479819408169,0.0464543458813089,0.0680030686965428,0.0517234048542551,0.0364322822134352,0.0380796676398431,0.0264813040573435,0.0217247002668017,0.0507117681718848,0.0412357200240231,0.0127201511100432,0.0199972334004335,0.0377453948442649,0.0326814776902223,0.0491198848630635,0.0179555500485256,0.0725682505330527,0.0161766387852079,0.0166759044148865,0.0243325458626527,0.0207663843811658,0.0273959685076577,0.0275642744654938,0.0445728350479339,0.0479968686860505,0.0141535239146467,0.0175984061187928,0.0201178416023997,0.017064264519708,0.0241539712592346,0.0337022884507601,0.0358683890005679,0.0284586033527252,0.0750714579920579,0.0256500447159613,0.069992186540769,0.0242778316904514,0.0536743400053631
"SPEECH_316",NA,NA,NA,NA,NA,NA,NA,NA,NA,NA,NA,NA,NA,NA,NA,NA,NA,NA,NA,NA,NA,NA,NA,NA,NA,NA,NA,NA,NA,NA,NA,NA,NA,NA,NA,NA,NA,NA,NA,NA,NA,NA,NA,NA,NA,NA,NA,NA,NA,NA,NA,NA,NA,NA,NA,NA,NA,NA,NA,NA,0.0324738718357874,0.051237400575943,0.0171497398105702,0.0228095214909415,0.0681589847285815,0.0303346548722463,0.0213184073693754,0.0134291328061185,0.0278365171729769,0.0164324112742899,0.0317435247455856,0.0317423430629055,0.0301613374182524,0.033126472462859,0.0114504350655267,0.048848372303445,0.0809000915065227,0.0270078397956912,0.0334881769651834,0.0225788718861937,0.0281867070953161,0.0231098557105875,0.0199854484770059,0.0158347649365858,0.0557191059842241,0.0468926922910871,0.0225894219448904,0.054063620347285,0.0247307018449522,0.0566595742190701,0.0621819136449218,0.0460599479584794,0.0146087374913763,0.0293505429417078,0.050211391020277,0.0274859076368799,0.0304434399406523,0.0128925459578656,0.0235065972003912,0.0290769663974129,0.053376039751398,0.0583458027215552,0.0136373458567797,0.0263571135292368,0.0187632847928206,0.0543356446766248,0.0157856513715687,0.0159094370459194,0.0434350359170455,0.0251329143618966,0.00957876721060655,0.0455352388216241,0.046451622122127,0.0267087785774697,0.0550252226707007,0.047645744022707,0.0265581703786375,0.0494033509404579,0.0155764453861932,0.0266203996546669
"SPEECH_315",NA,NA,NA,NA,NA,NA,NA,NA,NA,NA,NA,NA,NA,NA,NA,NA,NA,NA,NA,NA,NA,NA,NA,NA,NA,NA,NA,NA,NA,NA,NA,NA,NA,NA,NA,NA,NA,NA,NA,NA,NA,NA,NA,NA,NA,NA,NA,NA,NA,NA,NA,NA,NA,NA,NA,NA,NA,NA,NA,NA,0.0304069593339942,0.0541232453223093,0.0173469822508907,0.0363790118704075,0.0428226143736195,0.0256761932000426,0.0254206169339776,0.0153283051974421,0.0415472739117153,0.0597186614037402,0.022509242446326,0.0266904406920214,0.0154211425927194,0.0215909771853118,0.0234397378720724,0.0457605796295595,0.0348796328663859,0.0184491209913961,0.0223036272310191,0.026318554340649,0.0215341148785266,0.0329027903896026,0.0427934950882191,0.0279280291153631,0.0768561336548481,0.0537077003017496,0.0269208198983167,0.0587081122767411,0.0290820692257568,0.0234338155252766,0.0538306773640113,0.0391983076785062,0.0146595509828618,0.0184217568536478,0.0228924973332932,0.0486510246352595,0.047330727675526,0.013691737604387,0.0335595536674884,0.0247304072314507,0.0505964798448183,0.0343822908217868,0.018720539655277,0.0438607843967634,0.0235939824257012,0.0773219113347701,0.0403930849696031,0.0145173367238062,0.0246157119182608,0.0272479336903629,0.023865727852163,0.0213977190071152,0.0317547049966025,0.0300802117605254,0.0541459628274642,0.0422753209050103,0.0198572522991167,0.0433324341959527,0.0416946382450705,0.0193797311033978
"SPEECH_531",NA,NA,NA,NA,NA,NA,NA,NA,NA,NA,NA,NA,NA,NA,NA,NA,NA,NA,NA,NA,NA,NA,NA,NA,NA,NA,NA,NA,NA,NA,NA,NA,NA,NA,NA,NA,NA,NA,NA,NA,NA,NA,NA,NA,NA,NA,NA,NA,NA,NA,NA,NA,NA,NA,NA,NA,NA,NA,NA,NA,0.0304069593339942,0.0541232453223093,0.0173469822508907,0.0363790118704075,0.0428226143736195,0.0256761932000426,0.0254206169339776,0.0153283051974421,0.0415472739117153,0.0597186614037402,0.022509242446326,0.0266904406920214,0.0154211425927194,0.0215909771853118,0.0234397378720724,0.0457605796295595,0.0348796328663859,0.0184491209913961,0.0223036272310191,0.026318554340649,0.0215341148785266,0.0329027903896026,0.0427934950882191,0.0279280291153631,0.0768561336548481,0.0537077003017496,0.0269208198983167,0.0587081122767411,0.0290820692257568,0.0234338155252766,0.0538306773640113,0.0391983076785062,0.0146595509828618,0.0184217568536478,0.0228924973332932,0.0486510246352595,0.047330727675526,0.013691737604387,0.0335595536674884,0.0247304072314507,0.0505964798448183,0.0343822908217868,0.018720539655277,0.0438607843967634,0.0235939824257012,0.0773219113347701,0.0403930849696031,0.0145173367238062,0.0246157119182608,0.0272479336903629,0.023865727852163,0.0213977190071152,0.0317547049966025,0.0300802117605254,0.0541459628274642,0.0422753209050103,0.0198572522991167,0.0433324341959527,0.0416946382450705,0.0193797311033978
"SPEECH_748",NA,NA,NA,NA,NA,NA,NA,NA,NA,NA,NA,NA,NA,NA,NA,NA,NA,NA,NA,NA,NA,NA,NA,NA,NA,NA,NA,NA,NA,NA,NA,NA,NA,NA,NA,NA,NA,NA,NA,NA,NA,NA,NA,NA,NA,NA,NA,NA,NA,NA,NA,NA,NA,NA,NA,NA,NA,NA,NA,NA,0.0314905624092339,0.0302751238814514,0.0150549285263382,0.0373048818091831,0.0259810183631498,0.0574739823632142,0.0301556535632451,0.013715395043942,0.0299844376037871,0.0258648739829639,0.0222455986640002,0.0783030783204027,0.0149471395126913,0.0172585987271264,0.0137600072222688,0.0318033139617591,0.087179317199269,0.0160718120314583,0.0269732915797156,0.019297081192755,0.0499966314044458,0.0249200950865132,0.0342052916123823,0.0230926555291941,0.0557168121447349,0.0580469065767656,0.0263454403513209,0.0410983400447282,0.0270906106138894,0.0343471206780705,0.045703156768264,0.037501709187604,0.0130965365483247,0.023827065538838,0.0839356881641771,0.0315180633545139,0.033811882976916,0.0140155890596882,0.036627489885655,0.0186704609633376,0.0386523823095621,0.045513729622224,0.0300067501419808,0.0377220332576653,0.0276927226089932,0.0604818086964873,0.0505391594196491,0.0162549707474366,0.0376335586800522,0.0314385724495513,0.0220810793793005,0.0198804536480913,0.0184701355204545,0.0299359998378661,0.0350924183136316,0.0272654740085761,0.022065297445522,0.0479672565991232,0.0238835417329884,0.0387150131335259
"SPEECH_179",NA,NA,NA,NA,NA,NA,NA,NA,NA,NA,NA,NA,NA,NA,NA,NA,NA,NA,NA,NA,NA,NA,NA,NA,NA,NA,NA,NA,NA,NA,NA,NA,NA,NA,NA,NA,NA,NA,NA,NA,NA,NA,NA,NA,NA,NA,NA,NA,NA,NA,NA,NA,NA,NA,NA,NA,NA,NA,NA,NA,0.0347017786613788,0.0334503902972594,0.0108922120153821,0.0416591473478548,0.035419733447635,0.0414586680065494,0.0390243788634507,0.0074706659268931,0.0475843903168347,0.0176760864696892,0.0085607445292094,0.018443428513495,0.00741524428434436,0.0406476968550007,0.0329612269160372,0.044435440085761,0.0415367439526884,0.0106706465886026,0.0213517125740679,0.00865770703323181,0.0242385390797439,0.025571817949393,0.0357053957881254,0.0413233893949898,0.0402131756503591,0.0495551949397621,0.0532144954947401,0.101997875431177,0.0490508578900295,0.0351112156963146,0.0330962435753731,0.0199466048605549,0.0200921291938884,0.0211007392361503,0.101759991593202,0.0397362363205404,0.0502493864397205,0.0187135090478131,0.0634373932923261,0.0202500291170718,0.0209424113242439,0.0411020768007471,0.0406014958805569,0.0631563760667257,0.0131268318995407,0.0251935336203778,0.0203992282715551,0.0197950763180007,0.0250833445738339,0.0154487284784262,0.0111552017493093,0.0183301996800377,0.0623326230788422,0.0161149195193894,0.0241851670338195,0.0862311138635966,0.0391672262775306,0.0275064086784093,0.0180727026769371,0.0236730715314801
"SPEECH_358",NA,NA,NA,NA,NA,NA,NA,NA,NA,NA,NA,NA,NA,NA,NA,NA,NA,NA,NA,NA,NA,NA,NA,NA,NA,NA,NA,NA,NA,NA,NA,NA,NA,NA,NA,NA,NA,NA,NA,NA,NA,NA,NA,NA,NA,NA,NA,NA,NA,NA,NA,NA,NA,NA,NA,NA,NA,NA,NA,NA,0.0347017786613788,0.0334503902972594,0.0108922120153821,0.0416591473478548,0.035419733447635,0.0414586680065494,0.0390243788634507,0.0074706659268931,0.0475843903168347,0.0176760864696892,0.0085607445292094,0.018443428513495,0.00741524428434436,0.0406476968550007,0.0329612269160372,0.044435440085761,0.0415367439526884,0.0106706465886026,0.0213517125740679,0.00865770703323181,0.0242385390797439,0.025571817949393,0.0357053957881254,0.0413233893949898,0.0402131756503591,0.0495551949397621,0.0532144954947401,0.101997875431177,0.0490508578900295,0.0351112156963146,0.0330962435753731,0.0199466048605549,0.0200921291938884,0.0211007392361503,0.101759991593202,0.0397362363205404,0.0502493864397205,0.0187135090478131,0.0634373932923261,0.0202500291170718,0.0209424113242439,0.0411020768007471,0.0406014958805569,0.0631563760667257,0.0131268318995407,0.0251935336203778,0.0203992282715551,0.0197950763180007,0.0250833445738339,0.0154487284784262,0.0111552017493093,0.0183301996800377,0.0623326230788422,0.0161149195193894,0.0241851670338195,0.0862311138635966,0.0391672262775306,0.0275064086784093,0.0180727026769371,0.0236730715314801
"SPEECH_291",NA,NA,NA,NA,NA,NA,NA,NA,NA,NA,NA,NA,NA,NA,NA,NA,NA,NA,NA,NA,NA,NA,NA,NA,NA,NA,NA,NA,NA,NA,NA,NA,NA,NA,NA,NA,NA,NA,NA,NA,NA,NA,NA,NA,NA,NA,NA,NA,NA,NA,NA,NA,NA,NA,NA,NA,NA,NA,NA,NA,0.0264157771899252,0.0405544488738921,0.0152079592568486,0.0149098594036969,0.0321182851698149,0.0413325905079252,0.0355891251581682,0.0121744830190369,0.023741578366511,0.0165885893955427,0.0497239251682347,0.0462639336422929,0.0172127664680888,0.0300859872756608,0.0143566902745413,0.0735585915915139,0.11074567111359,0.0172117945845495,0.0458994580713215,0.0271652973164229,0.01076548078462,0.0322918030217303,0.0164260888463812,0.0152987522479078,0.0428585013005075,0.0475296377130566,0.0256124116011541,0.0602153482140748,0.0295737954920359,0.028571368930954,0.0360539231938481,0.0167975713640409,0.00876289723423525,0.0601893165856227,0.0524132053381365,0.0163788912529133,0.0184237496906441,0.0108766244237966,0.0589480501567148,0.0360941525024279,0.019819164720981,0.0455164092995166,0.0232493012954023,0.0372199936376776,0.0102146867467778,0.0509664845812083,0.0676412123163008,0.0213538197825616,0.0089312593026468,0.0237718759265783,0.0891248617629475,0.0137061804770033,0.0122153970502867,0.0284505499844664,0.0582199882470758,0.0687965199138355,0.0114305735152104,0.0509104117114391,0.0250621362645113,0.0184607917211924
"SPEECH_196",NA,NA,NA,NA,NA,NA,NA,NA,NA,NA,NA,NA,NA,NA,NA,NA,NA,NA,NA,NA,NA,NA,NA,NA,NA,NA,NA,NA,NA,NA,NA,NA,NA,NA,NA,NA,NA,NA,NA,NA,NA,NA,NA,NA,NA,NA,NA,NA,NA,NA,NA,NA,NA,NA,NA,NA,NA,NA,NA,NA,0.0512199431088897,0.0391982609755543,0.0117240510009063,0.0188306534991857,0.0291665851270701,0.0224724913729079,0.0348777001114455,0.0119449045186087,0.0263978552970223,0.0469816527314479,0.0388006170706678,0.0287723441621546,0.0207153012978814,0.0265023417285437,0.0156463077971085,0.0773104712843438,0.0659985606786634,0.0182551891977434,0.0309996622030341,0.0261924809607239,0.0157006629564173,0.0237140337031852,0.0304316099294104,0.0250782437980003,0.0522726097162,0.0291082866292902,0.0141483753944024,0.0875433344391397,0.0385168069991383,0.0414786623109136,0.0202521530586098,0.0282165496264476,0.0166549068195464,0.0192573074285034,0.0672501901481897,0.0433551929336718,0.0269096403655432,0.0194780240218584,0.0291454355700688,0.0193134995150571,0.0268635210388083,0.0882219855778338,0.0391364347054212,0.0798197394513246,0.0162268182729683,0.0440349546133197,0.0221343491107723,0.0189299154850644,0.0217714142489036,0.0221224788997906,0.0608901840654086,0.0207594320185235,0.0239918808913414,0.0237628033355412,0.0534396302850757,0.0326735950362271,0.0340623664327475,0.0150807246531116,0.0331675880264712,0.0330772843638492
"SPEECH_742",NA,NA,NA,NA,NA,NA,NA,NA,NA,NA,NA,NA,NA,NA,NA,NA,NA,NA,NA,NA,NA,NA,NA,NA,NA,NA,NA,NA,NA,NA,NA,NA,NA,NA,NA,NA,NA,NA,NA,NA,NA,NA,NA,NA,NA,NA,NA,NA,NA,NA,NA,NA,NA,NA,NA,NA,NA,NA,NA,NA,0.0351546548359528,0.0571838295880334,0.0210804732691916,0.026692044503224,0.0330358661005268,0.0292785687372229,0.0406943784693178,0.0321167534546632,0.0235912376337476,0.0220279872597382,0.0368739653460798,0.0292948375398721,0.012906320340405,0.0737250227796027,0.0246837537929895,0.0555642672249625,0.0508693157374898,0.0294139271995555,0.0313965708696887,0.0224046600367045,0.019390478826732,0.0220768717733525,0.011835776709903,0.0285346372972443,0.0427506947173889,0.0289100075889332,0.0677188169431143,0.0424618286024105,0.0269550153062627,0.0213774375156902,0.0304232433226104,0.0451627714778669,0.0192657690792683,0.0198020092130445,0.0499011384277648,0.0393247553071638,0.0434419641810831,0.0284723009628624,0.0303102300801943,0.0234536316870517,0.016739141542369,0.0567815003553314,0.0152161572380395,0.0314731614342533,0.026261103502222,0.0428221515619417,0.0228029511745819,0.0229488226108901,0.0172487537280721,0.0245400762326809,0.0472746759003077,0.0437209854718709,0.0222147864425615,0.0371468636894404,0.0510366164480465,0.0433568681112366,0.0685176899555021,0.0257836414837097,0.0284523292288025,0.0261039101492301
"SPEECH_743",NA,NA,NA,NA,NA,NA,NA,NA,NA,NA,NA,NA,NA,NA,NA,NA,NA,NA,NA,NA,NA,NA,NA,NA,NA,NA,NA,NA,NA,NA,NA,NA,NA,NA,NA,NA,NA,NA,NA,NA,NA,NA,NA,NA,NA,NA,NA,NA,NA,NA,NA,NA,NA,NA,NA,NA,NA,NA,NA,NA,0.0265828192883148,0.0344224898966588,0.0138604870501797,0.0439396608138565,0.0298777965278191,0.0136120512754281,0.0282792452821368,0.0115877597774524,0.0224142275217387,0.185502278094956,0.0386604071748479,0.02121455327611,0.028012124886028,0.105932077274066,0.0183266316675419,0.0486226034332367,0.0262940864437162,0.0148034270888644,0.0155771214795801,0.0148726327991675,0.0489087254858761,0.0139296927604828,0.009245826794422,0.0115185540671493,0.103361677349242,0.0222451016750794,0.012917547011495,0.0147140129429829,0.0115185540671493,0.009245826794422,0.0241174904058152,0.03143877428922,0.0178732062043668,0.0225293950684549,0.0364289102402751,0.0577998991617666,0.0273680943662313,0.0139344980896252,0.043438000423312,0.0318815344677516,0.0140870908988823,0.0493760296257775,0.0302618194347672,0.0389574493518631,0.0237754711322469,0.0279356054683832,0.0586323507207764,0.0132841389241637,0.030680480965585,0.0171039467733886,0.0407998721964636,0.0213781732705061,0.022222521994004,0.0858132442582251,0.0533156330477942,0.0514256453287027,0.0285253846321261,0.0421741289945153,0.0278705442153717,0.0155706660496387
"SPEECH_730",NA,NA,NA,NA,NA,NA,NA,NA,NA,NA,NA,NA,NA,NA,NA,NA,NA,NA,NA,NA,NA,NA,NA,NA,NA,NA,NA,NA,NA,NA,NA,NA,NA,NA,NA,NA,NA,NA,NA,NA,NA,NA,NA,NA,NA,NA,NA,NA,NA,NA,NA,NA,NA,NA,NA,NA,NA,NA,NA,NA,0.037284376338163,0.0455236346966539,0.0167941617128328,0.024131948927536,0.0355776602856226,0.0407301936609998,0.0308658915421804,0.0201732419596831,0.0654626839460492,0.023259510752625,0.0342002902000168,0.0553868904943757,0.0189805869646525,0.0542968120052172,0.0203226250761984,0.0429291106448413,0.0353060849912392,0.0191303073324009,0.0220620271487718,0.0217791574461147,0.0444830201112632,0.026183647840799,0.0164352045450458,0.0356474368247137,0.0530450443901232,0.0425974702467923,0.0341678254152928,0.0375939274640859,0.0302693185161713,0.0153799085195386,0.0235096645530655,0.0446475616723946,0.0183716645493561,0.0255722455422434,0.099782463667011,0.0310384210881922,0.0261458812490986,0.0193171596249629,0.0421751131535866,0.042444125999808,0.0277734183045328,0.0336997261932196,0.0171037717673137,0.0468383629608747,0.0436774842046032,0.026179542969656,0.034632265220397,0.0253971553151341,0.022298157890021,0.0341362033849933,0.0227650113976764,0.0160716879667822,0.0294749127547144,0.0143085431675746,0.0563219205747531,0.0626304461117476,0.03603954822701,0.0174876447540846,0.0186857630984449,0.0414741326367479
"SPEECH_747",NA,NA,NA,NA,NA,NA,NA,NA,NA,NA,NA,NA,NA,NA,NA,NA,NA,NA,NA,NA,NA,NA,NA,NA,NA,NA,NA,NA,NA,NA,NA,NA,NA,NA,NA,NA,NA,NA,NA,NA,NA,NA,NA,NA,NA,NA,NA,NA,NA,NA,NA,NA,NA,NA,NA,NA,NA,NA,NA,NA,0.0287096036302083,0.0339514967120943,0.0155346931789269,0.0255098279287232,0.0373829836616286,0.0457445098772886,0.0518292540543737,0.0151928332667205,0.0487473115818583,0.034191732980397,0.022521216292963,0.0365853424843864,0.0214000015696884,0.054845227173611,0.020759460431073,0.041024838255918,0.0221331782733932,0.0173796447162014,0.0174500398698794,0.0286506326431131,0.0341266685202984,0.0263224594403043,0.0225283739013752,0.0540077922677349,0.0847455895620997,0.035565646787307,0.0359438818014892,0.0314625707924085,0.0265348317448792,0.029218356599657,0.0250649002336737,0.0318628001727754,0.0133569165435598,0.0222350950181944,0.0644072997530316,0.0431196475549669,0.0430278734202796,0.0230012719921059,0.0344852318090849,0.0170805506944223,0.0190847874320617,0.0535467660543032,0.017392849101046,0.0664711691011522,0.0176242829269306,0.0418426307758604,0.03822415268173,0.0173481047057042,0.074162587082654,0.0170831855220794,0.0195213314317615,0.0196277255543494,0.0311767264149206,0.0426856955354978,0.0405578928757119,0.0406010809601412,0.0340965274418927,0.0313967339303592,0.0235012231059343,0.0364129601738149
"SPEECH_137",NA,NA,NA,NA,NA,NA,NA,NA,NA,NA,NA,NA,NA,NA,NA,NA,NA,NA,NA,NA,NA,NA,NA,NA,NA,NA,NA,NA,NA,NA,NA,NA,NA,NA,NA,NA,NA,NA,NA,NA,NA,NA,NA,NA,NA,NA,NA,NA,NA,NA,NA,NA,NA,NA,NA,NA,NA,NA,NA,NA,0.0480671837383536,0.0453456072740457,0.0235689752311532,0.0284998046098295,0.0576940841075856,0.0491683977471727,0.0219890174423576,0.0203041150431388,0.0496719895952346,0.0307004271347196,0.0370776598471254,0.0657784574733774,0.0244175675049895,0.0554532352418725,0.0151772080017804,0.0312223680318368,0.0159365258809633,0.0139918032886439,0.0239165047752381,0.021143711331758,0.0165003708699204,0.0127666679668955,0.039074730880716,0.0352422443331535,0.0302914309194477,0.0651775617286281,0.0291401158251411,0.0345970244000216,0.0247084745586535,0.0333767352162462,0.0526537437960482,0.0428777075429845,0.0105914520963475,0.0375597242389013,0.0637489055980673,0.0406337829857234,0.0459507652049464,0.0116095963405189,0.0187983687661519,0.0238996626951052,0.034915100555921,0.0367099036392263,0.0333586589478699,0.0387995613202788,0.0143602389161445,0.0625321901292866,0.0311094501755126,0.0156288282380644,0.0207528412749892,0.0410431400466522,0.0213753315072356,0.020421707189196,0.0184320144848912,0.0325508913907305,0.0464785485291255,0.054426600891729,0.0338372313826387,0.0353391008939082,0.0379627861097203,0.0216421651120849
"SPEECH_169",NA,NA,NA,NA,NA,NA,NA,NA,NA,NA,NA,NA,NA,NA,NA,NA,NA,NA,NA,NA,NA,NA,NA,NA,NA,NA,NA,NA,NA,NA,NA,NA,NA,NA,NA,NA,NA,NA,NA,NA,NA,NA,NA,NA,NA,NA,NA,NA,NA,NA,NA,NA,NA,NA,NA,NA,NA,NA,NA,NA,0.0336995920279696,0.0354280926082337,0.01640863387489,0.0297214712366871,0.079839745977559,0.0542741797513046,0.0294879322095794,0.0216519091765089,0.0414646110917456,0.0313346841801773,0.0166116541679185,0.0213609290370663,0.0260012582935047,0.0286151803173945,0.018119013336843,0.0428593515845564,0.0264178569126443,0.0185257658195577,0.0241485769567616,0.0381686686956838,0.0413419382472572,0.0300443688934593,0.0368324414806746,0.0496872973233348,0.041819273834406,0.0525209752755951,0.0228347044123839,0.0374813736204146,0.024001151003092,0.0292973686527965,0.0176992071542457,0.0404897861453663,0.0188535371656558,0.0434258629809487,0.0310835217808865,0.0329456265076786,0.0248728226536068,0.0169322733238071,0.0234135548061867,0.0349102832908327,0.0366331402818299,0.0144304202576984,0.0178025822266168,0.0401923206067646,0.0145670442180294,0.0660771144977281,0.0710173353154995,0.0159246854048232,0.0301286755970431,0.0152425352703169,0.0412706396328232,0.0376792702689843,0.0116627264944578,0.0307275836123155,0.0821650211882782,0.0543133286734724,0.0255525886710982,0.0460561538901518,0.0486732887623074,0.0152570693205463
"SPEECH_143",NA,NA,NA,NA,NA,NA,NA,NA,NA,NA,NA,NA,NA,NA,NA,NA,NA,NA,NA,NA,NA,NA,NA,NA,NA,NA,NA,NA,NA,NA,NA,NA,NA,NA,NA,NA,NA,NA,NA,NA,NA,NA,NA,NA,NA,NA,NA,NA,NA,NA,NA,NA,NA,NA,NA,NA,NA,NA,NA,NA,0.00737463126843658,0.00737463126843658,0.00737463126843658,0.00737463126843658,0.0162241887905605,0.0162241887905605,0.0737463126843658,0.0117994100294985,0.0117994100294985,0.58259587020649,0.0206489675516224,0.0162241887905605,0.00737463126843658,0.00737463126843658,0.00737463126843658,0.0117994100294985,0.0383480825958702,0.00737463126843658,0.0162241887905605,0.00737463126843658,0.0117994100294985,0.0206489675516224,0.0117994100294985,0.0162241887905605,0.00737463126843658,0.00737463126843658,0.00737463126843658,0.0206489675516224,0.00737463126843658,0.00737463126843658,0.0249515991173803,0.0229181631083366,0.0170154229852746,0.0277797407826765,0.0292443760663464,0.0482383237909626,0.0431184622081663,0.0163681026206817,0.0442140126872615,0.0245789742304031,0.020921081027861,0.0307558520584324,0.0190268109028898,0.0531916041565476,0.0346172978819412,0.0360193539238645,0.0649654810882023,0.0235576521734763,0.0328690254883876,0.0165168338678404,0.0201137045601391,0.0475465922992195,0.0245167212327374,0.0276851479872545,0.0615779849306044,0.0535229197936551,0.0240215763303542,0.0726393789759803,0.021882668270238,0.0156251354528847
"SPEECH_149",NA,NA,NA,NA,NA,NA,NA,NA,NA,NA,NA,NA,NA,NA,NA,NA,NA,NA,NA,NA,NA,NA,NA,NA,NA,NA,NA,NA,NA,NA,NA,NA,NA,NA,NA,NA,NA,NA,NA,NA,NA,NA,NA,NA,NA,NA,NA,NA,NA,NA,NA,NA,NA,NA,NA,NA,NA,NA,NA,NA,0.00737463126843658,0.00737463126843658,0.00737463126843658,0.00737463126843658,0.0162241887905605,0.0162241887905605,0.0737463126843658,0.0117994100294985,0.0117994100294985,0.58259587020649,0.0206489675516224,0.0162241887905605,0.00737463126843658,0.00737463126843658,0.00737463126843658,0.0117994100294985,0.0383480825958702,0.00737463126843658,0.0162241887905605,0.00737463126843658,0.0117994100294985,0.0206489675516224,0.0117994100294985,0.0162241887905605,0.00737463126843658,0.00737463126843658,0.00737463126843658,0.0206489675516224,0.00737463126843658,0.00737463126843658,0.0249515991173803,0.0229181631083366,0.0170154229852746,0.0277797407826765,0.0292443760663464,0.0482383237909626,0.0431184622081663,0.0163681026206817,0.0442140126872615,0.0245789742304031,0.020921081027861,0.0307558520584324,0.0190268109028898,0.0531916041565476,0.0346172978819412,0.0360193539238645,0.0649654810882023,0.0235576521734763,0.0328690254883876,0.0165168338678404,0.0201137045601391,0.0475465922992195,0.0245167212327374,0.0276851479872545,0.0615779849306044,0.0535229197936551,0.0240215763303542,0.0726393789759803,0.021882668270238,0.0156251354528847
"SPEECH_722",NA,NA,NA,NA,NA,NA,NA,NA,NA,NA,NA,NA,NA,NA,NA,NA,NA,NA,NA,NA,NA,NA,NA,NA,NA,NA,NA,NA,NA,NA,NA,NA,NA,NA,NA,NA,NA,NA,NA,NA,NA,NA,NA,NA,NA,NA,NA,NA,NA,NA,NA,NA,NA,NA,NA,NA,NA,NA,NA,NA,0.0305344771188327,0.0318905911735577,0.0132104184129179,0.047189553906891,0.0447415404388216,0.0419586992933718,0.0242770938084687,0.0171260165183839,0.0222027341792762,0.0292818121496349,0.0240801409999611,0.0273256089297183,0.0349005477272822,0.0556279202922527,0.0243997525909965,0.0343372090144553,0.0256377218789637,0.0208717443731373,0.0244163788052835,0.0174230453515305,0.0404548234945997,0.0213892877233936,0.0368509333753807,0.0463008742947141,0.0930113232187501,0.0391217454907897,0.041718921034889,0.0435810689906823,0.027769593610973,0.0183684218020904,0.023369780289399,0.0298485675372668,0.0190068454253121,0.0344058754050457,0.0434449250722109,0.0527064298597259,0.0247697631691385,0.0225981101893691,0.0236506756450226,0.0368511778394859,0.0222229565635869,0.0244284233396742,0.0189128859605845,0.051674924911226,0.0178376318427047,0.0439736123673766,0.057657295503368,0.0229754464924143,0.0234963708099032,0.0280372402219289,0.0391979537792004,0.0242422584922546,0.0392742570395976,0.0617284053885967,0.0512851044952707,0.0408524011115666,0.0380564724690182,0.0313732087641723,0.0336875001789334,0.0184334998366456
"SPEECH_728",NA,NA,NA,NA,NA,NA,NA,NA,NA,NA,NA,NA,NA,NA,NA,NA,NA,NA,NA,NA,NA,NA,NA,NA,NA,NA,NA,NA,NA,NA,NA,NA,NA,NA,NA,NA,NA,NA,NA,NA,NA,NA,NA,NA,NA,NA,NA,NA,NA,NA,NA,NA,NA,NA,NA,NA,NA,NA,NA,NA,0.0305344771188327,0.0318905911735577,0.0132104184129179,0.047189553906891,0.0447415404388216,0.0419586992933718,0.0242770938084687,0.0171260165183839,0.0222027341792762,0.0292818121496349,0.0240801409999611,0.0273256089297183,0.0349005477272822,0.0556279202922527,0.0243997525909965,0.0343372090144553,0.0256377218789637,0.0208717443731373,0.0244163788052835,0.0174230453515305,0.0404548234945997,0.0213892877233936,0.0368509333753807,0.0463008742947141,0.0930113232187501,0.0391217454907897,0.041718921034889,0.0435810689906823,0.027769593610973,0.0183684218020904,0.023369780289399,0.0298485675372668,0.0190068454253121,0.0344058754050457,0.0434449250722109,0.0527064298597259,0.0247697631691385,0.0225981101893691,0.0236506756450226,0.0368511778394859,0.0222229565635869,0.0244284233396742,0.0189128859605845,0.051674924911226,0.0178376318427047,0.0439736123673766,0.057657295503368,0.0229754464924143,0.0234963708099032,0.0280372402219289,0.0391979537792004,0.0242422584922546,0.0392742570395976,0.0617284053885967,0.0512851044952707,0.0408524011115666,0.0380564724690182,0.0313732087641723,0.0336875001789334,0.0184334998366456
"SPEECH_731",NA,NA,NA,NA,NA,NA,NA,NA,NA,NA,NA,NA,NA,NA,NA,NA,NA,NA,NA,NA,NA,NA,NA,NA,NA,NA,NA,NA,NA,NA,NA,NA,NA,NA,NA,NA,NA,NA,NA,NA,NA,NA,NA,NA,NA,NA,NA,NA,NA,NA,NA,NA,NA,NA,NA,NA,NA,NA,NA,NA,0.0305344771188327,0.0318905911735577,0.0132104184129179,0.047189553906891,0.0447415404388216,0.0419586992933718,0.0242770938084687,0.0171260165183839,0.0222027341792762,0.0292818121496349,0.0240801409999611,0.0273256089297183,0.0349005477272822,0.0556279202922527,0.0243997525909965,0.0343372090144553,0.0256377218789637,0.0208717443731373,0.0244163788052835,0.0174230453515305,0.0404548234945997,0.0213892877233936,0.0368509333753807,0.0463008742947141,0.0930113232187501,0.0391217454907897,0.041718921034889,0.0435810689906823,0.027769593610973,0.0183684218020904,0.023369780289399,0.0298485675372668,0.0190068454253121,0.0344058754050457,0.0434449250722109,0.0527064298597259,0.0247697631691385,0.0225981101893691,0.0236506756450226,0.0368511778394859,0.0222229565635869,0.0244284233396742,0.0189128859605845,0.051674924911226,0.0178376318427047,0.0439736123673766,0.057657295503368,0.0229754464924143,0.0234963708099032,0.0280372402219289,0.0391979537792004,0.0242422584922546,0.0392742570395976,0.0617284053885967,0.0512851044952707,0.0408524011115666,0.0380564724690182,0.0313732087641723,0.0336875001789334,0.0184334998366456
"SPEECH_737",NA,NA,NA,NA,NA,NA,NA,NA,NA,NA,NA,NA,NA,NA,NA,NA,NA,NA,NA,NA,NA,NA,NA,NA,NA,NA,NA,NA,NA,NA,NA,NA,NA,NA,NA,NA,NA,NA,NA,NA,NA,NA,NA,NA,NA,NA,NA,NA,NA,NA,NA,NA,NA,NA,NA,NA,NA,NA,NA,NA,0.023369780289399,0.0298485675372668,0.0190068454253121,0.0344058754050457,0.0434449250722109,0.0527064298597259,0.0247697631691385,0.0225981101893691,0.0236506756450226,0.0368511778394859,0.0222229565635869,0.0244284233396742,0.0189128859605845,0.051674924911226,0.0178376318427047,0.0439736123673766,0.057657295503368,0.0229754464924143,0.0234963708099032,0.0280372402219289,0.0391979537792004,0.0242422584922546,0.0392742570395976,0.0617284053885967,0.0512851044952707,0.0408524011115666,0.0380564724690182,0.0313732087641723,0.0336875001789334,0.0184334998366456,0.0197888429151161,0.0330365649275344,0.0284591222690506,0.0409543908949417,0.0629974708340483,0.0369474718877695,0.0320780945274755,0.0106994843293128,0.0317685214040367,0.0312198956556043,0.0175573663380937,0.0170465469860642,0.00951820167847553,0.012723904691388,0.0534787592347185,0.0194174995350905,0.00859908403141671,0.0237459601131403,0.0131337534915232,0.0386433345137223,0.0868853821960169,0.0122238745732153,0.0135269989229365,0.0415037198155894,0.0159520252078873,0.137025881812529,0.083388875987027,0.0315229514719628,0.0250783470057116,0.0110776727486016
"SPEECH_136",NA,NA,NA,NA,NA,NA,NA,NA,NA,NA,NA,NA,NA,NA,NA,NA,NA,NA,NA,NA,NA,NA,NA,NA,NA,NA,NA,NA,NA,NA,NA,NA,NA,NA,NA,NA,NA,NA,NA,NA,NA,NA,NA,NA,NA,NA,NA,NA,NA,NA,NA,NA,NA,NA,NA,NA,NA,NA,NA,NA,0.0514229297369639,0.0492906502416052,0.0128767467570353,0.0176281225305726,0.0378257838156953,0.0362958385241534,0.0394730515255133,0.0150683710398462,0.0154012247499974,0.0191888349228729,0.0527122754657438,0.0170325929705839,0.0120568518255509,0.0441847587574584,0.0173939424004289,0.073564436812231,0.0638901093865587,0.020612952677923,0.0709582034933547,0.0194386899514829,0.0508599337257161,0.0198266620036841,0.0408797550881772,0.014017788917933,0.042885405245828,0.0469046973070858,0.0144942001490719,0.0277521549823313,0.0183018777338209,0.0377611572607799,0.032701985453552,0.0274912112652095,0.0178341783797914,0.0309265788209852,0.0648002063274695,0.0345457211721688,0.0282495513337692,0.0166302628844965,0.0400844136168927,0.0332518702147957,0.0302396083351696,0.022846999916202,0.0299314007920692,0.0430901646796467,0.0213926421113368,0.0444185684889149,0.0623611377235521,0.0158786704256979,0.0279361860309183,0.0189377271734557,0.0443689595982908,0.0224476111371861,0.0530975951526372,0.0263476862906996,0.0512128115932584,0.0231901512661126,0.0291244876862614,0.0636197518741119,0.020191288409528,0.0228505718458201
"SPEECH_292",NA,NA,NA,NA,NA,NA,NA,NA,NA,NA,NA,NA,NA,NA,NA,NA,NA,NA,NA,NA,NA,NA,NA,NA,NA,NA,NA,NA,NA,NA,NA,NA,NA,NA,NA,NA,NA,NA,NA,NA,NA,NA,NA,NA,NA,NA,NA,NA,NA,NA,NA,NA,NA,NA,NA,NA,NA,NA,NA,NA,0.0174522442876873,0.0184337972692403,0.013325499097651,0.047715172677198,0.0181680559402078,0.0177699435420954,0.0769425917780348,0.0128347226068745,0.0546704100121822,0.233270348105791,0.0584337972692403,0.0190569448290967,0.0196281344635775,0.0626125003846523,0.0115477213198732,0.0355477213198732,0.0354438054691219,0.0146125003846523,0.0119458337179856,0.013325499097651,0.0228782417136848,0.0150106127827647,0.023091025926469,0.0157671306025736,0.0504337972692403,0.0190976509963852,0.013325499097651,0.0159921657643177,0.0128347226068745,0.0188319096673527,0.0297700207893837,0.0309748369278281,0.0168380688242624,0.0362882356301984,0.0792578509138915,0.0357450339972083,0.0429206458747062,0.0172848643979245,0.0272579978760295,0.0249296845901038,0.0219957415723004,0.0335488406022032,0.038155315891994,0.0435470860380873,0.0394081154353467,0.021791115539092,0.0484618860691709,0.0248832315943135,0.0317613361740339,0.0369427580986414,0.0204094494368818,0.022899477616509,0.0341776015651279,0.0187072810448506,0.0227259720785178,0.0634159081664003,0.0513629507057909,0.0335517361939434,0.019198835173535,0.0317881211817237
"SPEECH_658",NA,NA,NA,NA,NA,NA,NA,NA,NA,NA,NA,NA,NA,NA,NA,NA,NA,NA,NA,NA,NA,NA,NA,NA,NA,NA,NA,NA,NA,NA,NA,NA,NA,NA,NA,NA,NA,NA,NA,NA,NA,NA,NA,NA,NA,NA,NA,NA,NA,NA,NA,NA,NA,NA,NA,NA,NA,NA,NA,NA,0.0174209482147128,0.04990822997984,0.0182780749180683,0.0292051503478242,0.0793059434583482,0.0653185227690948,0.0181460798463199,0.0259629894440096,0.0370692029829531,0.0225667405956703,0.0207686880189903,0.045552531369606,0.0175980715114359,0.0300012905450855,0.0313906633511554,0.0345984951754259,0.0269305226847581,0.0111282306721577,0.026756467524702,0.026433549621192,0.0283762072905566,0.0250877333396975,0.0140339702576152,0.0272482148614695,0.0681280189511955,0.0796771421453583,0.042874506338363,0.04005403819721,0.0212618144241464,0.0189179611630376,0.0351268785968629,0.0308494266504667,0.021471314058152,0.0334372674825201,0.0818353859277894,0.0425811144395963,0.0222183930791489,0.0208283615469746,0.0464450409038367,0.0565940531754316,0.0194462738791896,0.0242181816503724,0.032955357097097,0.0229623546912739,0.0172341531805311,0.0284976920930362,0.0203918192650196,0.0257063143273043,0.0254020560822703,0.0243456660427659,0.0226692251583931,0.0284344773930797,0.0323204021524117,0.032748838501024,0.0452125867686212,0.0513193186004279,0.0598727395151895,0.0490414025325062,0.0232047104897962,0.0226291947189111
"SPEECH_156",NA,NA,NA,NA,NA,NA,NA,NA,NA,NA,NA,NA,NA,NA,NA,NA,NA,NA,NA,NA,NA,NA,NA,NA,NA,NA,NA,NA,NA,NA,NA,NA,NA,NA,NA,NA,NA,NA,NA,NA,NA,NA,NA,NA,NA,NA,NA,NA,NA,NA,NA,NA,NA,NA,NA,NA,NA,NA,NA,NA,0.0326533256433759,0.0453281585206235,0.0103619944986081,0.0139065148150805,0.0379565787137811,0.042685168405228,0.0623298277252938,0.0172653089703168,0.0297244527866969,0.0312821502454384,0.0415679369435356,0.0352339661626659,0.0174274934221808,0.0574013004855986,0.0210966405059635,0.0666442526362561,0.0463004049628233,0.0165651211461744,0.0232942411059017,0.0177785539663906,0.0249520976579013,0.0285178247824715,0.0415755607247711,0.0158241609052846,0.0702663764809973,0.0294747309085433,0.0249960425188873,0.0428331139544697,0.0328488026767862,0.0219078977279541,0.0209836132314795,0.0463445949711575,0.0154799914054876,0.0213457166406871,0.0360692971969445,0.0512121053275075,0.04052411414954,0.0240983928952706,0.0220075025664117,0.0265642154129962,0.0403068960069727,0.0420612244964263,0.0193192756173109,0.0598598501552208,0.0289898129561438,0.0601801552637274,0.0299497955822064,0.019556050075152,0.0262770579852906,0.0256418498084065,0.0170160016233566,0.0233120125109659,0.0266114561158191,0.0455712327600078,0.0771362277935956,0.0196901665477371,0.0437070333093171,0.0318038093513124,0.0318441088718876,0.0265364393716613
"SPEECH_138",NA,NA,NA,NA,NA,NA,NA,NA,NA,NA,NA,NA,NA,NA,NA,NA,NA,NA,NA,NA,NA,NA,NA,NA,NA,NA,NA,NA,NA,NA,NA,NA,NA,NA,NA,NA,NA,NA,NA,NA,NA,NA,NA,NA,NA,NA,NA,NA,NA,NA,NA,NA,NA,NA,NA,NA,NA,NA,NA,NA,0.0343069236881735,0.0404547681155301,0.0143704340862144,0.0392695407893134,0.0530048040325953,0.03823941625223,0.0352010364651374,0.0131618887359886,0.0523197571461903,0.0195986705884281,0.0263821512693768,0.0459532724387498,0.0327639315207654,0.0275032571311755,0.0205575926144671,0.0367749796045067,0.0729382194396428,0.0137608203771921,0.0391891116615944,0.0244522417087345,0.0368671841068424,0.0274306764048624,0.030792596513411,0.0345991392190779,0.0375721641027662,0.0337601209888819,0.0224715770819802,0.0417363391516277,0.0325014818113704,0.0220659029531737,0.051177828938367,0.0362480716757525,0.0161185581973245,0.0191941101201766,0.0525795099637197,0.029935326876071,0.0265916781764444,0.0191020442720031,0.0818166066247838,0.0434965738442832,0.0558531627398182,0.0333670659310869,0.0187681752446496,0.0359263110360917,0.0316637196420332,0.0228400928326379,0.0267134535677374,0.0198448187552672,0.0216501604192003,0.0314534171470986,0.0257100628029284,0.0278082559802878,0.0470606895300576,0.0225855079967806,0.0145212644200378,0.0567093746882837,0.026718337904503,0.0327591983818896,0.0351806041863495,0.0366060181043353
"SPEECH_198",NA,NA,NA,NA,NA,NA,NA,NA,NA,NA,NA,NA,NA,NA,NA,NA,NA,NA,NA,NA,NA,NA,NA,NA,NA,NA,NA,NA,NA,NA,NA,NA,NA,NA,NA,NA,NA,NA,NA,NA,NA,NA,NA,NA,NA,NA,NA,NA,NA,NA,NA,NA,NA,NA,NA,NA,NA,NA,NA,NA,0.028740921835228,0.0359973714917548,0.022093069114454,0.0211066706839625,0.0635395974678912,0.0364128050619857,0.0205218004043087,0.0251344932301142,0.0311882826025434,0.0348481391201984,0.0268083609295139,0.0602419217113457,0.0353571520098636,0.0200608275536299,0.0214885873843738,0.0596898623070662,0.0482258152190015,0.0215178484147367,0.0202293061156086,0.0368221761743692,0.0400411327947404,0.022638012391528,0.018761778936711,0.0282807131142351,0.0357484291847327,0.0572960341574241,0.0578945416045719,0.0219954003417246,0.0209719075577057,0.0263470410846764,0.0225601212223286,0.0225601212223286,0.0203171012535561,0.0434739859489023,0.0322514693752152,0.0284772809856422,0.023034560158306,0.016642961459015,0.0417837441248812,0.214337208317141,0.0202465650626186,0.0200759802766492,0.0126981882834726,0.051159726745011,0.0176291547529006,0.0334082474550702,0.0195014927456399,0.0126981882834726,0.0339159071600543,0.0126981882834726,0.0271204057157234,0.0264048458028391,0.0435150097357455,0.0628234614856688,0.0205877346345574,0.0136843815773582,0.0186153480467862,0.0288516713265877,0.0186153480467862,0.0403116005122694
"SPEECH_360",NA,NA,NA,NA,NA,NA,NA,NA,NA,NA,NA,NA,NA,NA,NA,NA,NA,NA,NA,NA,NA,NA,NA,NA,NA,NA,NA,NA,NA,NA,NA,NA,NA,NA,NA,NA,NA,NA,NA,NA,NA,NA,NA,NA,NA,NA,NA,NA,NA,NA,NA,NA,NA,NA,NA,NA,NA,NA,NA,NA,0.0581240553480132,0.0427389349745967,0.0154352201212319,0.0434908000827538,0.0238581657448375,0.0217878728010722,0.0231855300603674,0.0135046881321745,0.0199962635309923,0.0304489715917531,0.0693408666349346,0.0156164863738557,0.0183474788180036,0.0230184809011894,0.015991418165294,0.115589688645299,0.067698619374634,0.013583527371859,0.0352731570533232,0.0168003661430558,0.0150694182326258,0.0328160249495322,0.047476958899371,0.038768119205451,0.0366432113618584,0.0171208445914184,0.0246976893201237,0.0254548778397296,0.044831075361571,0.0332911883690785,0.0200933564101234,0.0226711975280066,0.0241731814389172,0.0480388145329721,0.0600022662473111,0.0435754671700164,0.0319410739265017,0.0208833026862844,0.0367837235363354,0.0450234397649154,0.0307086312739796,0.0203529534960164,0.0293130408609318,0.0238072404163228,0.0221698889116235,0.0354087973427766,0.0254072988406814,0.0244376449260102,0.018748421870955,0.0273091795736187,0.0277587915004243,0.018295109384059,0.0369527752139851,0.0291221217029111,0.0454829939787876,0.0691068559359096,0.0227829063416291,0.0476457426604324,0.0289122736653802,0.063091508862182
"SPEECH_525",NA,NA,NA,NA,NA,NA,NA,NA,NA,NA,NA,NA,NA,NA,NA,NA,NA,NA,NA,NA,NA,NA,NA,NA,NA,NA,NA,NA,NA,NA,NA,NA,NA,NA,NA,NA,NA,NA,NA,NA,NA,NA,NA,NA,NA,NA,NA,NA,NA,NA,NA,NA,NA,NA,NA,NA,NA,NA,NA,NA,0.0407532805307677,0.0383729887194851,0.0140246401280073,0.0566023464805826,0.0273143916428229,0.0607996601662354,0.0220220611637997,0.0211088371834436,0.0341931841211056,0.0171393863218414,0.0187048289187982,0.0379505710699378,0.0184166594156337,0.0401373966450732,0.0280455180996609,0.0314860066940632,0.034844268599272,0.0223150065575516,0.0223287386421498,0.0198339128325366,0.0475403407381805,0.0325266899866855,0.0119518245589876,0.033846642148351,0.0871640715100105,0.051367450501657,0.0177581798940639,0.0520945389053095,0.036994275812246,0.0223623020117402,0.0395043730976919,0.0280815445410765,0.0156416394577425,0.0245691025798596,0.069855168770425,0.0375024359663964,0.0355599142535231,0.0131551944278189,0.0256283775749763,0.0204299890446353,0.0336561644374167,0.0278899476239622,0.0294938683245155,0.0379252797775604,0.0282005976708723,0.0436899727954418,0.0619038337420992,0.0177498928063663,0.0299105891049669,0.0273658509947218,0.0240879223488266,0.0235944599914929,0.0184073157786751,0.0329893785906054,0.0458895719343222,0.0507832231750302,0.0441447401762348,0.0404692186380936,0.0438893333240504,0.0280310990506002
"SPEECH_173",NA,NA,NA,NA,NA,NA,NA,NA,NA,NA,NA,NA,NA,NA,NA,NA,NA,NA,NA,NA,NA,NA,NA,NA,NA,NA,NA,NA,NA,NA,NA,NA,NA,NA,NA,NA,NA,NA,NA,NA,NA,NA,NA,NA,NA,NA,NA,NA,NA,NA,NA,NA,NA,NA,NA,NA,NA,NA,NA,NA,0.0290878815124468,0.0349949081310342,0.0102532662133955,0.0681590773934333,0.0480640498098738,0.0397234400078132,0.0446221884126312,0.0109808790602683,0.0221157709412914,0.0276226142702878,0.0611746724507357,0.0289783541673965,0.0234871824562624,0.0333709244777127,0.0169042801946203,0.0417691968920898,0.0541604234430708,0.017787826454807,0.0257100981571089,0.0311728139496123,0.020960606672671,0.0185813345414926,0.0226433703517311,0.053317939699753,0.0357698471054822,0.0492243340612828,0.0163315910140268,0.0382115137360044,0.0338165083862806,0.0410031060353837,0.0227497879150324,0.0395645092564315,0.0199927904488778,0.0279684220688584,0.0688713760239878,0.0282055569698184,0.0287307676619124,0.0175639672957405,0.0378467616710021,0.0257757760877077,0.0227254934006073,0.0443457693081298,0.0328194904098518,0.0588728386518805,0.0190561292716418,0.0390954933415524,0.0584401638664353,0.0178516124150755,0.0216746642402743,0.0251511906938143,0.0402883732062244,0.0235650114820949,0.031193846674846,0.0280115472906629,0.0269107428656345,0.0539252978764946,0.0298631517784058,0.0296095781673602,0.0210813633932419,0.0582485262664028
"SPEECH_738",NA,NA,NA,NA,NA,NA,NA,NA,NA,NA,NA,NA,NA,NA,NA,NA,NA,NA,NA,NA,NA,NA,NA,NA,NA,NA,NA,NA,NA,NA,NA,NA,NA,NA,NA,NA,NA,NA,NA,NA,NA,NA,NA,NA,NA,NA,NA,NA,NA,NA,NA,NA,NA,NA,NA,NA,NA,NA,NA,NA,0.0290878815124468,0.0349949081310342,0.0102532662133955,0.0681590773934333,0.0480640498098738,0.0397234400078132,0.0446221884126312,0.0109808790602683,0.0221157709412914,0.0276226142702878,0.0611746724507357,0.0289783541673965,0.0234871824562624,0.0333709244777127,0.0169042801946203,0.0417691968920898,0.0541604234430708,0.017787826454807,0.0257100981571089,0.0311728139496123,0.020960606672671,0.0185813345414926,0.0226433703517311,0.053317939699753,0.0357698471054822,0.0492243340612828,0.0163315910140268,0.0382115137360044,0.0338165083862806,0.0410031060353837,0.0227497879150324,0.0395645092564315,0.0199927904488778,0.0279684220688584,0.0688713760239878,0.0282055569698184,0.0287307676619124,0.0175639672957405,0.0378467616710021,0.0257757760877077,0.0227254934006073,0.0443457693081298,0.0328194904098518,0.0588728386518805,0.0190561292716418,0.0390954933415524,0.0584401638664353,0.0178516124150755,0.0216746642402743,0.0251511906938143,0.0402883732062244,0.0235650114820949,0.031193846674846,0.0280115472906629,0.0269107428656345,0.0539252978764946,0.0298631517784058,0.0296095781673602,0.0210813633932419,0.0582485262664028
"SPEECH_666",NA,NA,NA,NA,NA,NA,NA,NA,NA,NA,NA,NA,NA,NA,NA,NA,NA,NA,NA,NA,NA,NA,NA,NA,NA,NA,NA,NA,NA,NA,NA,NA,NA,NA,NA,NA,NA,NA,NA,NA,NA,NA,NA,NA,NA,NA,NA,NA,NA,NA,NA,NA,NA,NA,NA,NA,NA,NA,NA,NA,0.0422535484223343,0.0518540283236632,0.0112113337301179,0.0410547796588176,0.0338584771707952,0.029531085027111,0.0207154921590035,0.0158505111002444,0.0345637062562789,0.0238770785090985,0.0304938933618639,0.0400423433413683,0.0169061411844025,0.0357671127458774,0.018523927739016,0.0575111968182033,0.0308836068606781,0.0226101494431771,0.030701415859639,0.020133980556158,0.0510308974769447,0.0379726176446464,0.039163916948608,0.0297683773689104,0.0685784159401665,0.0550276968445357,0.0203581244183348,0.0404228386291639,0.0245204432197104,0.0248128632411313,0.0453597448616613,0.0359874492365858,0.0149462761428051,0.0415733227845025,0.0344127913637707,0.033324300497595,0.0554061716969238,0.0149763153076466,0.0184428312721606,0.0204661346801962,0.042901674336014,0.031866679229366,0.0150887161192952,0.0486077797347919,0.0185178231121557,0.0751379195435412,0.0720647793792495,0.0191745052426203,0.0328652765178791,0.0176522326321018,0.0238404493632275,0.0174136105339816,0.0166176611877157,0.0556944245877013,0.0520894232490931,0.0207083199017581,0.0196624459196468,0.0526782263998324,0.0328158487384109,0.0197068664277703
"SPEECH_150",NA,NA,NA,NA,NA,NA,NA,NA,NA,NA,NA,NA,NA,NA,NA,NA,NA,NA,NA,NA,NA,NA,NA,NA,NA,NA,NA,NA,NA,NA,NA,NA,NA,NA,NA,NA,NA,NA,NA,NA,NA,NA,NA,NA,NA,NA,NA,NA,NA,NA,NA,NA,NA,NA,NA,NA,NA,NA,NA,NA,0.0453597448616613,0.0359874492365858,0.0149462761428051,0.0415733227845025,0.0344127913637707,0.033324300497595,0.0554061716969238,0.0149763153076466,0.0184428312721606,0.0204661346801962,0.042901674336014,0.031866679229366,0.0150887161192952,0.0486077797347919,0.0185178231121557,0.0751379195435412,0.0720647793792495,0.0191745052426203,0.0328652765178791,0.0176522326321018,0.0238404493632275,0.0174136105339816,0.0166176611877157,0.0556944245877013,0.0520894232490931,0.0207083199017581,0.0196624459196468,0.0526782263998324,0.0328158487384109,0.0197068664277703,0.0268451897177843,0.0260574745928772,0.0169231198802051,0.0286046239096539,0.0541801696843729,0.0304758119775766,0.0269830945647268,0.022694758388424,0.0267196630164418,0.0354519605339002,0.0459633912249318,0.0497475956233615,0.0299258688347322,0.0506428839280102,0.03170744557895,0.0393844750206894,0.0624740009988085,0.0180587088521406,0.0273623131146625,0.0167299577332176,0.0159371586032608,0.0235513829819836,0.0236542832738741,0.0403092147579086,0.0265191292088104,0.0654323375957397,0.0331439347205057,0.034338057475089,0.0402875876512335,0.0298944065561274
"SPEECH_514",NA,NA,NA,NA,NA,NA,NA,NA,NA,NA,NA,NA,NA,NA,NA,NA,NA,NA,NA,NA,NA,NA,NA,NA,NA,NA,NA,NA,NA,NA,NA,NA,NA,NA,NA,NA,NA,NA,NA,NA,NA,NA,NA,NA,NA,NA,NA,NA,NA,NA,NA,NA,NA,NA,NA,NA,NA,NA,NA,NA,0.0268451897177843,0.0260574745928772,0.0169231198802051,0.0286046239096539,0.0541801696843729,0.0304758119775766,0.0269830945647268,0.022694758388424,0.0267196630164418,0.0354519605339002,0.0459633912249318,0.0497475956233615,0.0299258688347322,0.0506428839280102,0.03170744557895,0.0393844750206894,0.0624740009988085,0.0180587088521406,0.0273623131146625,0.0167299577332176,0.0159371586032608,0.0235513829819836,0.0236542832738741,0.0403092147579086,0.0265191292088104,0.0654323375957397,0.0331439347205057,0.034338057475089,0.0402875876512335,0.0298944065561274,0.0421412793125915,0.0385884016095605,0.0191337787520368,0.0160501692780978,0.110790292901327,0.0349972225627553,0.0209591726595173,0.0124081856311129,0.0367670371285985,0.0187392355468858,0.0575548548904192,0.0521536881458464,0.02171676019469,0.0296998071060514,0.0189712987565293,0.039215657106034,0.0144020245419318,0.0216500522999334,0.01993568666689,0.0592949485166097,0.016972605997825,0.0189693144573604,0.0281271021907093,0.0169768098706799,0.0265909262652159,0.0686035071613756,0.0210960879511081,0.0402807821599544,0.0345380183053221,0.0426752920330302
"SPEECH_359",NA,NA,NA,NA,NA,NA,NA,NA,NA,NA,NA,NA,NA,NA,NA,NA,NA,NA,NA,NA,NA,NA,NA,NA,NA,NA,NA,NA,NA,NA,NA,NA,NA,NA,NA,NA,NA,NA,NA,NA,NA,NA,NA,NA,NA,NA,NA,NA,NA,NA,NA,NA,NA,NA,NA,NA,NA,NA,NA,NA,0.0419973070251221,0.0419535135959311,0.0132110890357295,0.0185273924744899,0.0515202257912778,0.0541641923237204,0.0470554727798722,0.0147071489462875,0.0233375122092126,0.0425263184563152,0.0345801640852193,0.0785043122958485,0.0201578307126376,0.0462431835167117,0.0123276543768417,0.0398224627682556,0.0690960889615457,0.0125934644663835,0.0224642498460724,0.0314457829473312,0.0159601497663868,0.0242954523745761,0.0359701714562921,0.0170189067614962,0.0491605989584471,0.0475954409527071,0.0253683305099556,0.0158511030034699,0.0272894149256003,0.025255064676263,0.0369760665249307,0.0389555362385582,0.0135933094896147,0.033041067313868,0.0405957090931331,0.0397314732143716,0.0333050657636607,0.0139316936584202,0.0401079668435883,0.0146883844605347,0.0233540355773319,0.0380777198320559,0.0196032414894093,0.0725488548830975,0.0145707771159887,0.0475755177423144,0.0229006120528133,0.01789754128008,0.0185490518731092,0.0259431278932113,0.0509909839017938,0.0248228121860271,0.0297544837361636,0.0507475318264403,0.0756748019601147,0.0197690363909538,0.0260064561096003,0.0364048559666824,0.0411644501714322,0.0387178354107004
"SPEECH_720",NA,NA,NA,NA,NA,NA,NA,NA,NA,NA,NA,NA,NA,NA,NA,NA,NA,NA,NA,NA,NA,NA,NA,NA,NA,NA,NA,NA,NA,NA,NA,NA,NA,NA,NA,NA,NA,NA,NA,NA,NA,NA,NA,NA,NA,NA,NA,NA,NA,NA,NA,NA,NA,NA,NA,NA,NA,NA,NA,NA,0.0227405791572022,0.0524319267269778,0.0165971536313047,0.0393134983375227,0.0753392707792075,0.0378235668984937,0.0309812150856802,0.0186914006959854,0.0685575989406414,0.0194313537962944,0.0235174210876533,0.0191211829005133,0.0204800201702376,0.0170839577299031,0.0215515342759444,0.028018590567804,0.0226688360342217,0.0138401362337233,0.0210602290133476,0.0413921865677269,0.0202968918878496,0.0226560179584793,0.0364867920244605,0.0541888814336224,0.0196495445834072,0.0513074400505974,0.0333733292244186,0.0281234457221449,0.0552611180515645,0.0680148804330705,0.0354945019683116,0.0197008617614928,0.0180613535393826,0.0247788660327021,0.0934162737641354,0.0782818451675232,0.0351422831479256,0.0160215869783521,0.0139505477097195,0.0224843034304463,0.0213213057123806,0.0380173863447636,0.0363472269474162,0.034394176424405,0.0164289674811473,0.0434921520927255,0.06845670163795,0.0196695629334898,0.018846085307821,0.0161014156372513,0.0291800602336973,0.0155233637659092,0.0244090855266279,0.023112113284016,0.0250926353311842,0.0702360300637958,0.0255740371151281,0.0545307749259329,0.0259956699722747,0.0359388257620922
"SPEECH_725",NA,NA,NA,NA,NA,NA,NA,NA,NA,NA,NA,NA,NA,NA,NA,NA,NA,NA,NA,NA,NA,NA,NA,NA,NA,NA,NA,NA,NA,NA,NA,NA,NA,NA,NA,NA,NA,NA,NA,NA,NA,NA,NA,NA,NA,NA,NA,NA,NA,NA,NA,NA,NA,NA,NA,NA,NA,NA,NA,NA,0.0252014208097673,0.0292119770862603,0.0269489839520872,0.0551910936981468,0.0369446410450088,0.0375417708734031,0.0309367811626941,0.0146242714888112,0.0232397945657666,0.0132718844120248,0.020762351131874,0.022017159236072,0.0303852268446741,0.036264987273415,0.0135735240469265,0.101629159635756,0.0377994711874626,0.0180303492646899,0.0276783387308112,0.0399838813345676,0.0367920454967973,0.0132966393669236,0.00988665391480861,0.0142490051636208,0.0179101842129777,0.0155555092118514,0.0170962535489824,0.138102763776969,0.0583213354025586,0.0375525421242916,0.0447622750450581,0.0288221339114105,0.0151399207319721,0.0753101914634128,0.0436139211971142,0.0437560008718583,0.0282150490285351,0.0233781313460205,0.0333876941810697,0.0233012845776582,0.0379638774909994,0.0376181064507799,0.0287872327491681,0.0590396835372634,0.0196383256464858,0.0542687317764245,0.0227080233034847,0.0213952279481401,0.0229414620529303,0.0199924481953224,0.026748331637669,0.0284730797327701,0.0388831093290999,0.0304594135604665,0.0616809309618125,0.0285912247795052,0.0196551193694719,0.0253476844323654,0.0349388277813931,0.0211825569103383
"SPEECH_734",NA,NA,NA,NA,NA,NA,NA,NA,NA,NA,NA,NA,NA,NA,NA,NA,NA,NA,NA,NA,NA,NA,NA,NA,NA,NA,NA,NA,NA,NA,NA,NA,NA,NA,NA,NA,NA,NA,NA,NA,NA,NA,NA,NA,NA,NA,NA,NA,NA,NA,NA,NA,NA,NA,NA,NA,NA,NA,NA,NA,0.0252014208097673,0.0292119770862603,0.0269489839520872,0.0551910936981468,0.0369446410450088,0.0375417708734031,0.0309367811626941,0.0146242714888112,0.0232397945657666,0.0132718844120248,0.020762351131874,0.022017159236072,0.0303852268446741,0.036264987273415,0.0135735240469265,0.101629159635756,0.0377994711874626,0.0180303492646899,0.0276783387308112,0.0399838813345676,0.0367920454967973,0.0132966393669236,0.00988665391480861,0.0142490051636208,0.0179101842129777,0.0155555092118514,0.0170962535489824,0.138102763776969,0.0583213354025586,0.0375525421242916,0.0447622750450581,0.0288221339114105,0.0151399207319721,0.0753101914634128,0.0436139211971142,0.0437560008718583,0.0282150490285351,0.0233781313460205,0.0333876941810697,0.0233012845776582,0.0379638774909994,0.0376181064507799,0.0287872327491681,0.0590396835372634,0.0196383256464858,0.0542687317764245,0.0227080233034847,0.0213952279481401,0.0229414620529303,0.0199924481953224,0.026748331637669,0.0284730797327701,0.0388831093290999,0.0304594135604665,0.0616809309618125,0.0285912247795052,0.0196551193694719,0.0253476844323654,0.0349388277813931,0.0211825569103383
"SPEECH_735",NA,NA,NA,NA,NA,NA,NA,NA,NA,NA,NA,NA,NA,NA,NA,NA,NA,NA,NA,NA,NA,NA,NA,NA,NA,NA,NA,NA,NA,NA,NA,NA,NA,NA,NA,NA,NA,NA,NA,NA,NA,NA,NA,NA,NA,NA,NA,NA,NA,NA,NA,NA,NA,NA,NA,NA,NA,NA,NA,NA,0.0252014208097673,0.0292119770862603,0.0269489839520872,0.0551910936981468,0.0369446410450088,0.0375417708734031,0.0309367811626941,0.0146242714888112,0.0232397945657666,0.0132718844120248,0.020762351131874,0.022017159236072,0.0303852268446741,0.036264987273415,0.0135735240469265,0.101629159635756,0.0377994711874626,0.0180303492646899,0.0276783387308112,0.0399838813345676,0.0367920454967973,0.0132966393669236,0.00988665391480861,0.0142490051636208,0.0179101842129777,0.0155555092118514,0.0170962535489824,0.138102763776969,0.0583213354025586,0.0375525421242916,0.0447622750450581,0.0288221339114105,0.0151399207319721,0.0753101914634128,0.0436139211971142,0.0437560008718583,0.0282150490285351,0.0233781313460205,0.0333876941810697,0.0233012845776582,0.0379638774909994,0.0376181064507799,0.0287872327491681,0.0590396835372634,0.0196383256464858,0.0542687317764245,0.0227080233034847,0.0213952279481401,0.0229414620529303,0.0199924481953224,0.026748331637669,0.0284730797327701,0.0388831093290999,0.0304594135604665,0.0616809309618125,0.0285912247795052,0.0196551193694719,0.0253476844323654,0.0349388277813931,0.0211825569103383
"SPEECH_736",NA,NA,NA,NA,NA,NA,NA,NA,NA,NA,NA,NA,NA,NA,NA,NA,NA,NA,NA,NA,NA,NA,NA,NA,NA,NA,NA,NA,NA,NA,NA,NA,NA,NA,NA,NA,NA,NA,NA,NA,NA,NA,NA,NA,NA,NA,NA,NA,NA,NA,NA,NA,NA,NA,NA,NA,NA,NA,NA,NA,0.0293341316963209,0.0346786691109487,0.0197549549881705,0.0633328394627831,0.0441095862322123,0.0328048941543618,0.0162631371844193,0.0151230030523381,0.04075112970937,0.0283598843362771,0.048585572099724,0.0188064671613264,0.0216527400852904,0.0295566185640371,0.0247509877139231,0.0270481898228812,0.0626793752873984,0.0214119759824019,0.028920134625418,0.019550752100218,0.0202655022848926,0.0195794509548283,0.0297921712361993,0.0665816553725889,0.0298435010737369,0.0506158723805678,0.0345827442385966,0.0526193077345753,0.0446760102226306,0.0239687411315633,0.023549868826854,0.0350806485168032,0.0137549167746376,0.0347923244802913,0.076823259933628,0.0261615596020067,0.0311231950486457,0.0178774038964551,0.0487521617538491,0.0218709400096695,0.0226808932191668,0.0234402161936613,0.0230867270228708,0.0745040454120698,0.0381844674409949,0.0762967083348122,0.0218120719005011,0.0154733104401511,0.0194925237801354,0.030059370637059,0.0281062712641239,0.0196404229859302,0.0159496035169685,0.0348160797595765,0.0457742334963288,0.0480057869599225,0.0310627628116896,0.0193232711020368,0.0364919856135319,0.0460129692656286
"SPEECH_721",NA,NA,NA,NA,NA,NA,NA,NA,NA,NA,NA,NA,NA,NA,NA,NA,NA,NA,NA,NA,NA,NA,NA,NA,NA,NA,NA,NA,NA,NA,NA,NA,NA,NA,NA,NA,NA,NA,NA,NA,NA,NA,NA,NA,NA,NA,NA,NA,NA,NA,NA,NA,NA,NA,NA,NA,NA,NA,NA,NA,0.028271962230887,0.0287060483246289,0.0118610352433033,0.0641462756312412,0.0857276619851643,0.0338253922935417,0.0266590077745344,0.0228992850160321,0.071321041158678,0.0166416624557539,0.0364806244816927,0.00912477021696013,0.0291789215065025,0.0478427638216132,0.0196904278083859,0.0245030980349439,0.017612211317869,0.0177453006932359,0.0146126240414037,0.0219481181546973,0.0334755835056116,0.0306415938492223,0.0201215072382543,0.0894322852235007,0.0387479915400594,0.0206734266066084,0.0483936400912344,0.022414917617733,0.0471320896686618,0.0201687324680453,0.0249012984598891,0.0262611167561918,0.018012095828822,0.061190737071579,0.0630341916995321,0.0277911312232864,0.0280733794881779,0.0219061772935344,0.0372357529017242,0.0274966376571609,0.0351641827074285,0.0293607168753265,0.0249620775236797,0.0455280385992499,0.0199678740745985,0.0244149669604747,0.02301564880903,0.0250403886763765,0.0460296673263021,0.0263886450132323,0.0222643705247416,0.0262313445329686,0.0411703202762631,0.0332266635585901,0.076555755135675,0.0592467255092189,0.0198054287540472,0.0287768725906528,0.0249228232398018,0.0320249709324444
"SPEECH_744",NA,NA,NA,NA,NA,NA,NA,NA,NA,NA,NA,NA,NA,NA,NA,NA,NA,NA,NA,NA,NA,NA,NA,NA,NA,NA,NA,NA,NA,NA,NA,NA,NA,NA,NA,NA,NA,NA,NA,NA,NA,NA,NA,NA,NA,NA,NA,NA,NA,NA,NA,NA,NA,NA,NA,NA,NA,NA,NA,NA,0.028271962230887,0.0287060483246289,0.0118610352433033,0.0641462756312412,0.0857276619851643,0.0338253922935417,0.0266590077745344,0.0228992850160321,0.071321041158678,0.0166416624557539,0.0364806244816927,0.00912477021696013,0.0291789215065025,0.0478427638216132,0.0196904278083859,0.0245030980349439,0.017612211317869,0.0177453006932359,0.0146126240414037,0.0219481181546973,0.0334755835056116,0.0306415938492223,0.0201215072382543,0.0894322852235007,0.0387479915400594,0.0206734266066084,0.0483936400912344,0.022414917617733,0.0471320896686618,0.0201687324680453,0.0249012984598891,0.0262611167561918,0.018012095828822,0.061190737071579,0.0630341916995321,0.0277911312232864,0.0280733794881779,0.0219061772935344,0.0372357529017242,0.0274966376571609,0.0351641827074285,0.0293607168753265,0.0249620775236797,0.0455280385992499,0.0199678740745985,0.0244149669604747,0.02301564880903,0.0250403886763765,0.0460296673263021,0.0263886450132323,0.0222643705247416,0.0262313445329686,0.0411703202762631,0.0332266635585901,0.076555755135675,0.0592467255092189,0.0198054287540472,0.0287768725906528,0.0249228232398018,0.0320249709324444
"SPEECH_724",NA,NA,NA,NA,NA,NA,NA,NA,NA,NA,NA,NA,NA,NA,NA,NA,NA,NA,NA,NA,NA,NA,NA,NA,NA,NA,NA,NA,NA,NA,NA,NA,NA,NA,NA,NA,NA,NA,NA,NA,NA,NA,NA,NA,NA,NA,NA,NA,NA,NA,NA,NA,NA,NA,NA,NA,NA,NA,NA,NA,0.0350327056104323,0.0295856973934533,0.0130093067813256,0.029852387582672,0.0279303902777643,0.0571051370685207,0.0250038067662645,0.0196308998294217,0.0405917830976713,0.0202287698022047,0.0387757175478524,0.0418255243522789,0.0158225637561082,0.057091929042509,0.0256972701339459,0.0492806207925325,0.0338174666046899,0.0204627726571952,0.022181729925946,0.0169438370038193,0.0485646455351339,0.0356342532749303,0.0458161653782572,0.022921362010689,0.0618648778949015,0.0274770326651788,0.0225947501379559,0.0394075615560434,0.049939231669774,0.0259098038505284,0.047940982979848,0.03002463754879,0.0154428253956398,0.0745248566929217,0.0158745469375791,0.0395752060579229,0.030889044855891,0.0110289950072546,0.0179199142691196,0.0310872811053243,0.0302704909852132,0.0204478886930611,0.00906329635571962,0.0385903850253981,0.0190165885904421,0.0703237736991371,0.0488377162561197,0.0202834169934994,0.0188046031367069,0.0108556690769752,0.046052884503417,0.0251316476325447,0.0237539530509977,0.039027726016742,0.0953468389339526,0.0147590125980109,0.0125870219337553,0.067017942446918,0.0560343888863594,0.019486464334739
"SPEECH_741",NA,NA,NA,NA,NA,NA,NA,NA,NA,NA,NA,NA,NA,NA,NA,NA,NA,NA,NA,NA,NA,NA,NA,NA,NA,NA,NA,NA,NA,NA,NA,NA,NA,NA,NA,NA,NA,NA,NA,NA,NA,NA,NA,NA,NA,NA,NA,NA,NA,NA,NA,NA,NA,NA,NA,NA,NA,NA,NA,NA,0.0393254656517394,0.0625765377930074,0.0128652681212773,0.0210409848904491,0.0333030555428486,0.0347744049916969,0.0570421749316908,0.0130318032029067,0.0235316220811542,0.0144290624835818,0.029553615212605,0.0432342069567661,0.0218072906583355,0.0459635099219837,0.0153998660745446,0.063342896521342,0.0333031210938874,0.0161030228044181,0.0428547076503094,0.0171334144747572,0.0132150729115157,0.0223061501549873,0.0133552766984899,0.0237995370378851,0.0429837789681092,0.046183389166812,0.0122076320619532,0.0778722717770947,0.0417330524920561,0.0657278076717956,0.0320252390428764,0.0222944583561767,0.0157890183247799,0.037018010713786,0.0321432722062862,0.0469941725812631,0.022916134401515,0.017246449730968,0.0386396723192615,0.0190666258742037,0.0564295036774467,0.0212220149259135,0.0214056590658706,0.0368799179491863,0.0188622457564119,0.0410306557333893,0.0201504048337421,0.0194125802303893,0.0213099918992712,0.0273385054194872,0.0527503490946996,0.0141768605923209,0.0173132800222484,0.052108620276589,0.0698122459955786,0.0691184091271571,0.0351876488009187,0.0471478709118391,0.037916149142052,0.0362940329943721
"SPEECH_199",NA,NA,NA,NA,NA,NA,NA,NA,NA,NA,NA,NA,NA,NA,NA,NA,NA,NA,NA,NA,NA,NA,NA,NA,NA,NA,NA,NA,NA,NA,NA,NA,NA,NA,NA,NA,NA,NA,NA,NA,NA,NA,NA,NA,NA,NA,NA,NA,NA,NA,NA,NA,NA,NA,NA,NA,NA,NA,NA,NA,0.0320252390428764,0.0222944583561767,0.0157890183247799,0.037018010713786,0.0321432722062862,0.0469941725812631,0.022916134401515,0.017246449730968,0.0386396723192615,0.0190666258742037,0.0564295036774467,0.0212220149259135,0.0214056590658706,0.0368799179491863,0.0188622457564119,0.0410306557333893,0.0201504048337421,0.0194125802303893,0.0213099918992712,0.0273385054194872,0.0527503490946996,0.0141768605923209,0.0173132800222484,0.052108620276589,0.0698122459955786,0.0691184091271571,0.0351876488009187,0.0471478709118391,0.037916149142052,0.0362940329943721,0.0148013210794616,0.0297714086905328,0.017258265684309,0.0386702075973651,0.0852576505716938,0.0266783569352048,0.0255658212026166,0.018524995114361,0.0448395407290141,0.0310768058004377,0.0187672306395239,0.0264739136568608,0.022221378006052,0.0364145153919365,0.0372031557241187,0.0292021878978296,0.0165001279152168,0.014377939017962,0.0198107228451214,0.0509119043271062,0.0219061895233313,0.0242328193029138,0.029423883369926,0.0219433287674689,0.0773125159019201,0.0727950722881202,0.0629239882602719,0.0467785001648305,0.0187692656719921,0.0195869879225009
"SPEECH_503",NA,NA,NA,NA,NA,NA,NA,NA,NA,NA,NA,NA,NA,NA,NA,NA,NA,NA,NA,NA,NA,NA,NA,NA,NA,NA,NA,NA,NA,NA,NA,NA,NA,NA,NA,NA,NA,NA,NA,NA,NA,NA,NA,NA,NA,NA,NA,NA,NA,NA,NA,NA,NA,NA,NA,NA,NA,NA,NA,NA,0.0343979958647378,0.0257761895516085,0.0150280257752118,0.0441091935490617,0.0247967834147483,0.0425304030459122,0.0267525772646817,0.0139829341492509,0.0173003155052536,0.016881679774237,0.0387449688818512,0.0309301746803212,0.0106284708895144,0.0839627291833556,0.0259685002613805,0.0716985374844418,0.0412498883842039,0.0206483026999095,0.0250344019516967,0.0158634502195263,0.0496911776883081,0.0427393813553377,0.0150587635814471,0.0221147668859549,0.100276957047608,0.018674296235146,0.0155045663435794,0.0636827051696549,0.0323524395709417,0.0136194235911177,0.0274463462291224,0.0518375760004037,0.0282952370996349,0.0252926667726991,0.0937751455716101,0.0235241186782867,0.0345623026098736,0.0212998253812194,0.0226467457589238,0.0220459841851454,0.0172077602099598,0.0362252527602855,0.0203419114034725,0.02064537077644,0.0207993831204478,0.0196099439815013,0.0148429349555897,0.0250650459511954,0.0175528009857102,0.0376004131138706,0.0463884994292223,0.0323662290437262,0.0388752762412457,0.0357329920685759,0.0245887904386865,0.0527004090517001,0.103720876060808,0.0251919540468884,0.0153719403750547,0.0444462676987003
"SPEECH_723",NA,NA,NA,NA,NA,NA,NA,NA,NA,NA,NA,NA,NA,NA,NA,NA,NA,NA,NA,NA,NA,NA,NA,NA,NA,NA,NA,NA,NA,NA,NA,NA,NA,NA,NA,NA,NA,NA,NA,NA,NA,NA,NA,NA,NA,NA,NA,NA,NA,NA,NA,NA,NA,NA,NA,NA,NA,NA,NA,NA,0.0343979958647378,0.0257761895516085,0.0150280257752118,0.0441091935490617,0.0247967834147483,0.0425304030459122,0.0267525772646817,0.0139829341492509,0.0173003155052536,0.016881679774237,0.0387449688818512,0.0309301746803212,0.0106284708895144,0.0839627291833556,0.0259685002613805,0.0716985374844418,0.0412498883842039,0.0206483026999095,0.0250344019516967,0.0158634502195263,0.0496911776883081,0.0427393813553377,0.0150587635814471,0.0221147668859549,0.100276957047608,0.018674296235146,0.0155045663435794,0.0636827051696549,0.0323524395709417,0.0136194235911177,0.0274463462291224,0.0518375760004037,0.0282952370996349,0.0252926667726991,0.0937751455716101,0.0235241186782867,0.0345623026098736,0.0212998253812194,0.0226467457589238,0.0220459841851454,0.0172077602099598,0.0362252527602855,0.0203419114034725,0.02064537077644,0.0207993831204478,0.0196099439815013,0.0148429349555897,0.0250650459511954,0.0175528009857102,0.0376004131138706,0.0463884994292223,0.0323662290437262,0.0388752762412457,0.0357329920685759,0.0245887904386865,0.0527004090517001,0.103720876060808,0.0251919540468884,0.0153719403750547,0.0444462676987003
"SPEECH_312",NA,NA,NA,NA,NA,NA,NA,NA,NA,NA,NA,NA,NA,NA,NA,NA,NA,NA,NA,NA,NA,NA,NA,NA,NA,NA,NA,NA,NA,NA,NA,NA,NA,NA,NA,NA,NA,NA,NA,NA,NA,NA,NA,NA,NA,NA,NA,NA,NA,NA,NA,NA,NA,NA,NA,NA,NA,NA,NA,NA,0.0535039968433315,0.0326537749070315,0.014364175518287,0.0169795130066711,0.029531109039114,0.0425353334678047,0.0463376903167835,0.0140254677768883,0.0445662498379396,0.0136662999791472,0.0467635508036261,0.0420955502478738,0.021670246903124,0.0553440453409585,0.0125642320384242,0.0497198068375942,0.0687385871099554,0.015468197811423,0.029227458935213,0.0246847618168711,0.0222527017514454,0.019820315739431,0.0129397638614183,0.0301171333304424,0.0467875934766643,0.0466912584220069,0.0167348623685982,0.0667905681789776,0.0324498794206751,0.0309758749122793,0.0329190090466218,0.0343291753654931,0.0111096296788086,0.0328298426372874,0.0454496918537058,0.057098153100952,0.0168574634617445,0.0187844121618185,0.0807402298216889,0.0163136566727452,0.0205574489654744,0.0338846497288775,0.0222184868631141,0.0273440445102511,0.0363496658333243,0.0242198312983843,0.023726680057822,0.0184534053572558,0.0505880556768905,0.052699319181474,0.050932610712009,0.0358918583222115,0.0178299991914907,0.0391152022015389,0.0483761741610125,0.0331508741776115,0.0238214192590247,0.0329860350654448,0.0409816727233595,0.020441302912563
"SPEECH_739",NA,NA,NA,NA,NA,NA,NA,NA,NA,NA,NA,NA,NA,NA,NA,NA,NA,NA,NA,NA,NA,NA,NA,NA,NA,NA,NA,NA,NA,NA,NA,NA,NA,NA,NA,NA,NA,NA,NA,NA,NA,NA,NA,NA,NA,NA,NA,NA,NA,NA,NA,NA,NA,NA,NA,NA,NA,NA,NA,NA,0.0227871747699616,0.041084407245354,0.0179492548260388,0.0373356463313352,0.0370078976147954,0.0395729643821117,0.0329421749087579,0.0155069448489482,0.0310288487810463,0.0418373268905021,0.0440422034860401,0.0224670557847602,0.0222491081926465,0.0277141574497096,0.0248704553297771,0.0564875885779715,0.0282419136813493,0.0200897596772951,0.0357818481586457,0.0389774788463355,0.0487716803699313,0.02959031408483,0.0168307985518495,0.038689083859419,0.0577833642523744,0.058753143806319,0.0195836472496729,0.0208907555098511,0.022333296647367,0.048799705885004,0.027694280320894,0.02324932678458,0.015542438452071,0.0201238243492464,0.104644675175956,0.0166373928191207,0.090811162275909,0.0115789921003426,0.0582833741671875,0.0285562388889102,0.0186017376434457,0.0674561850827988,0.0309093935757292,0.0189714150240466,0.0495998729613427,0.0216107964965959,0.0244186447761423,0.0114082823069913,0.0174684799709626,0.0274006216459047,0.0133995813092139,0.017806710810683,0.0158784263054372,0.0125337374542936,0.023440133991276,0.0946401828129733,0.0289145479711517,0.0209043133074911,0.0577237203155773,0.0297915109037254
"SPEECH_502",NA,NA,NA,NA,NA,NA,NA,NA,NA,NA,NA,NA,NA,NA,NA,NA,NA,NA,NA,NA,NA,NA,NA,NA,NA,NA,NA,NA,NA,NA,NA,NA,NA,NA,NA,NA,NA,NA,NA,NA,NA,NA,NA,NA,NA,NA,NA,NA,NA,NA,NA,NA,NA,NA,NA,NA,NA,NA,NA,NA,0.0315182839948332,0.0348832828936323,0.0163382574693979,0.0318743291974118,0.0384702208592283,0.0591525660250644,0.0326317945419766,0.01556645760806,0.0203979777338194,0.026148414521337,0.0345705928852474,0.0773770399495414,0.0152311288380368,0.0509652226036835,0.0435271931507103,0.0227967307459712,0.0295746144883742,0.0177404834063732,0.0171608805276272,0.0170740674689722,0.0494567028766369,0.0147225809320259,0.015524316356715,0.0818917531628458,0.0657272856518046,0.020900541363568,0.0159475680533153,0.0329653967703672,0.0433977971909911,0.0264665187324321,0.0189135356168167,0.0268069785502739,0.011638536739136,0.0824109018104714,0.0944937707780905,0.0441320772365833,0.0238836203415071,0.0225289927835747,0.0236444346365895,0.0160964199671492,0.0209447342736609,0.0223540931086771,0.0252320489334683,0.0296391873974741,0.0147351036360238,0.0292718163372503,0.0493105200817399,0.0204252597360689,0.0164222759772238,0.0335374711391055,0.0354055090764037,0.0182003291446536,0.0266294247090576,0.0640019292511006,0.0400665379645867,0.0647287398422402,0.022997911109247,0.0266498741202411,0.0381583490866569,0.0367396166149278
"SPEECH_295",NA,NA,NA,NA,NA,NA,NA,NA,NA,NA,NA,NA,NA,NA,NA,NA,NA,NA,NA,NA,NA,NA,NA,NA,NA,NA,NA,NA,NA,NA,NA,NA,NA,NA,NA,NA,NA,NA,NA,NA,NA,NA,NA,NA,NA,NA,NA,NA,NA,NA,NA,NA,NA,NA,NA,NA,NA,NA,NA,NA,0.0477625537531753,0.0231471622474057,0.0175844247981021,0.0270444391259615,0.0612929791160859,0.0545358520308212,0.0303295335492858,0.0240614881167716,0.0233283177108706,0.0301367583003604,0.0250122790388831,0.0158695272065481,0.0252143296251345,0.0368532361127248,0.019415660447924,0.0675460802296919,0.017039064808781,0.0181671293670581,0.0554148084530942,0.0255351952573299,0.0270280788410912,0.0353126428308023,0.0427196799574818,0.0284136601387294,0.0363319272506764,0.0689897999287616,0.0212335177620501,0.0444465855428711,0.0355799838249905,0.0146533046265361,0.0270437448331197,0.0196537555354456,0.0175475246949322,0.0199295189110505,0.0548084793820456,0.0472259684740945,0.0278883382166576,0.0229814474439494,0.0577430855858509,0.0355853535187382,0.0347880914302735,0.0213501854964342,0.0231498234982035,0.0676729658417007,0.022163101121916,0.0273649915922096,0.0312465059429075,0.0186478768076083,0.0268750568915012,0.0277115564722147,0.0351844320480273,0.0337122631289042,0.0436657313519989,0.0290586097723649,0.0518192256727899,0.0692900610252254,0.0208287702271724,0.0316646101381048,0.0222222501096446,0.0311766748349139
"SPEECH_664",NA,NA,NA,NA,NA,NA,NA,NA,NA,NA,NA,NA,NA,NA,NA,NA,NA,NA,NA,NA,NA,NA,NA,NA,NA,NA,NA,NA,NA,NA,NA,NA,NA,NA,NA,NA,NA,NA,NA,NA,NA,NA,NA,NA,NA,NA,NA,NA,NA,NA,NA,NA,NA,NA,NA,NA,NA,NA,NA,NA,0.0189135356168167,0.0268069785502739,0.011638536739136,0.0824109018104714,0.0944937707780905,0.0441320772365833,0.0238836203415071,0.0225289927835747,0.0236444346365895,0.0160964199671492,0.0209447342736609,0.0223540931086771,0.0252320489334683,0.0296391873974741,0.0147351036360238,0.0292718163372503,0.0493105200817399,0.0204252597360689,0.0164222759772238,0.0335374711391055,0.0354055090764037,0.0182003291446536,0.0266294247090576,0.0640019292511006,0.0400665379645867,0.0647287398422402,0.022997911109247,0.0266498741202411,0.0381583490866569,0.0367396166149278,0.0901455503799382,0.0278017490142365,0.0130262146907882,0.0219781266962953,0.0336572273748961,0.0218168424269071,0.0500784982055113,0.012480377533378,0.0196907488250343,0.0333453219156459,0.0647022677594242,0.0677912695505354,0.0094107655450272,0.0321653352372321,0.0094139463218003,0.0847384939550538,0.0722602790499791,0.0144677756430701,0.0288087956684801,0.0143038747367439,0.016423918276599,0.0570371501033938,0.0157425030964217,0.0125510077055077,0.0354645588455961,0.0117897701460312,0.018589112417416,0.0368781252477249,0.0571259851660255,0.0163144084653069
"SPEECH_293",NA,NA,NA,NA,NA,NA,NA,NA,NA,NA,NA,NA,NA,NA,NA,NA,NA,NA,NA,NA,NA,NA,NA,NA,NA,NA,NA,NA,NA,NA,NA,NA,NA,NA,NA,NA,NA,NA,NA,NA,NA,NA,NA,NA,NA,NA,NA,NA,NA,NA,NA,NA,NA,NA,NA,NA,NA,NA,NA,NA,0.0624348114200957,0.0527225562952024,0.0120175101167039,0.0349825161423519,0.0549395451510254,0.0206195159907317,0.030004197383052,0.0112201846781291,0.0327062575323262,0.0112543267313231,0.0574524512067321,0.0314020654081553,0.0157300835309359,0.0247531525642573,0.0219245088733158,0.0635192710952677,0.0230102816623149,0.0130922502825234,0.0320167232633329,0.064660349683602,0.0263672480834655,0.0189407336717002,0.0525782912084155,0.0291229502403119,0.0243053099530936,0.0187333319988272,0.0144192506574124,0.0424681365654692,0.0684010581861403,0.0342011304237852,0.0161555627681025,0.0557650443285927,0.0221629919540133,0.0706945682023339,0.0295007125193276,0.0287109583685464,0.0170193003074309,0.0129855684822907,0.0129164348007208,0.0282309477047254,0.0234171161705495,0.0270315682889237,0.0182347892581099,0.0618882405305984,0.0233937995701004,0.0438416241387945,0.110599883458172,0.019627802363535,0.0159210652270475,0.0596420899591009,0.0272621186093972,0.0213436511946559,0.0305734338334239,0.0541727244612457,0.0347988618455466,0.0223989930257262,0.0260667990588036,0.027441410635368,0.0365361000080106,0.0216658389268059
"SPEECH_493",NA,NA,NA,NA,NA,NA,NA,NA,NA,NA,NA,NA,NA,NA,NA,NA,NA,NA,NA,NA,NA,NA,NA,NA,NA,NA,NA,NA,NA,NA,NA,NA,NA,NA,NA,NA,NA,NA,NA,NA,NA,NA,NA,NA,NA,NA,NA,NA,NA,NA,NA,NA,NA,NA,NA,NA,NA,NA,NA,NA,0.0263416104794785,0.0264788151037013,0.0272337721738967,0.0407641277121556,0.0698119723037852,0.0329862520750802,0.0321712630816452,0.0285434536499474,0.0349398257467985,0.022195832862007,0.0241975988921568,0.031388723626223,0.0242240690033692,0.0401479707651789,0.0261772303117766,0.051104580860589,0.0430837739411007,0.0222496268248506,0.0237401126498397,0.0267807419988402,0.0180566331951955,0.0367512392857445,0.0243198623665428,0.0299667448036173,0.0233738120797497,0.0349025111105513,0.0532705320228324,0.0509395540865089,0.0343141997168711,0.0395435572699664,0.0211864932213257,0.0515697814181066,0.0133446722383303,0.0492096325148777,0.0660726784225843,0.024692442852069,0.0220218414069805,0.0181130046007758,0.0347899287657159,0.0190820936286897,0.0291785450767739,0.02884927068077,0.0182233790556451,0.0752510815438819,0.0175060963273709,0.0542685093459009,0.0149220967448986,0.023237624902479,0.0206780013670074,0.0221578918931338,0.016210524619284,0.0355740933806518,0.0126602643347911,0.03971872541664,0.0382381446634556,0.0605554543888213,0.0784002080950165,0.055873881475604,0.0161926449541275,0.0222209926642912
"SPEECH_159",NA,NA,NA,NA,NA,NA,NA,NA,NA,NA,NA,NA,NA,NA,NA,NA,NA,NA,NA,NA,NA,NA,NA,NA,NA,NA,NA,NA,NA,NA,NA,NA,NA,NA,NA,NA,NA,NA,NA,NA,NA,NA,NA,NA,NA,NA,NA,NA,NA,NA,NA,NA,NA,NA,NA,NA,NA,NA,NA,NA,0.0295606832752898,0.0828309461836296,0.0145606349073217,0.063933181992371,0.0534927186416866,0.00562120819832065,0.0127421497563081,0.00888346392683138,0.0423402413435108,0.0312330835839606,0.0182966894753133,0.0132867432397145,0.0147386934760547,0.0149084653833415,0.0609385260705184,0.0306173807616126,0.00900385044001383,0.0205223488773429,0.0173141481193213,0.0279601084652648,0.0203064472605629,0.0739874550163346,0.00835448450741192,0.065527434930741,0.0262689659957286,0.135168123272911,0.0385184170069404,0.0262267181692663,0.0254606329456472,0.0073960547767279,0.0249897265131029,0.070525979756368,0.0136471226612554,0.0433909191543887,0.0447671100125496,0.0273680296157398,0.026432783844881,0.0150278495288834,0.0129647496436056,0.0237896680684122,0.0321860058310474,0.0394761059133248,0.0177207860495375,0.0741198025636843,0.0172093297262127,0.0690589952579519,0.100699207856493,0.0159237238830805,0.0260626561545833,0.020163949761537,0.00894143385892152,0.0411722328783427,0.00938068418451755,0.0163498063238325,0.0360354618805341,0.030818326666958,0.0476583593457265,0.0270071373450383,0.0371165242811293,0.0299955314383606
"SPEECH_534",NA,NA,NA,NA,NA,NA,NA,NA,NA,NA,NA,NA,NA,NA,NA,NA,NA,NA,NA,NA,NA,NA,NA,NA,NA,NA,NA,NA,NA,NA,NA,NA,NA,NA,NA,NA,NA,NA,NA,NA,NA,NA,NA,NA,NA,NA,NA,NA,NA,NA,NA,NA,NA,NA,NA,NA,NA,NA,NA,NA,0.0295606832752898,0.0828309461836296,0.0145606349073217,0.063933181992371,0.0534927186416866,0.00562120819832065,0.0127421497563081,0.00888346392683138,0.0423402413435108,0.0312330835839606,0.0182966894753133,0.0132867432397145,0.0147386934760547,0.0149084653833415,0.0609385260705184,0.0306173807616126,0.00900385044001383,0.0205223488773429,0.0173141481193213,0.0279601084652648,0.0203064472605629,0.0739874550163346,0.00835448450741192,0.065527434930741,0.0262689659957286,0.135168123272911,0.0385184170069404,0.0262267181692663,0.0254606329456472,0.0073960547767279,0.0249897265131029,0.070525979756368,0.0136471226612554,0.0433909191543887,0.0447671100125496,0.0273680296157398,0.026432783844881,0.0150278495288834,0.0129647496436056,0.0237896680684122,0.0321860058310474,0.0394761059133248,0.0177207860495375,0.0741198025636843,0.0172093297262127,0.0690589952579519,0.100699207856493,0.0159237238830805,0.0260626561545833,0.020163949761537,0.00894143385892152,0.0411722328783427,0.00938068418451755,0.0163498063238325,0.0360354618805341,0.030818326666958,0.0476583593457265,0.0270071373450383,0.0371165242811293,0.0299955314383606
"SPEECH_691",NA,NA,NA,NA,NA,NA,NA,NA,NA,NA,NA,NA,NA,NA,NA,NA,NA,NA,NA,NA,NA,NA,NA,NA,NA,NA,NA,NA,NA,NA,NA,NA,NA,NA,NA,NA,NA,NA,NA,NA,NA,NA,NA,NA,NA,NA,NA,NA,NA,NA,NA,NA,NA,NA,NA,NA,NA,NA,NA,NA,0.0295606832752898,0.0828309461836296,0.0145606349073217,0.063933181992371,0.0534927186416866,0.00562120819832065,0.0127421497563081,0.00888346392683138,0.0423402413435108,0.0312330835839606,0.0182966894753133,0.0132867432397145,0.0147386934760547,0.0149084653833415,0.0609385260705184,0.0306173807616126,0.00900385044001383,0.0205223488773429,0.0173141481193213,0.0279601084652648,0.0203064472605629,0.0739874550163346,0.00835448450741192,0.065527434930741,0.0262689659957286,0.135168123272911,0.0385184170069404,0.0262267181692663,0.0254606329456472,0.0073960547767279,0.0249897265131029,0.070525979756368,0.0136471226612554,0.0433909191543887,0.0447671100125496,0.0273680296157398,0.026432783844881,0.0150278495288834,0.0129647496436056,0.0237896680684122,0.0321860058310474,0.0394761059133248,0.0177207860495375,0.0741198025636843,0.0172093297262127,0.0690589952579519,0.100699207856493,0.0159237238830805,0.0260626561545833,0.020163949761537,0.00894143385892152,0.0411722328783427,0.00938068418451755,0.0163498063238325,0.0360354618805341,0.030818326666958,0.0476583593457265,0.0270071373450383,0.0371165242811293,0.0299955314383606
"SPEECH_165",NA,NA,NA,NA,NA,NA,NA,NA,NA,NA,NA,NA,NA,NA,NA,NA,NA,NA,NA,NA,NA,NA,NA,NA,NA,NA,NA,NA,NA,NA,NA,NA,NA,NA,NA,NA,NA,NA,NA,NA,NA,NA,NA,NA,NA,NA,NA,NA,NA,NA,NA,NA,NA,NA,NA,NA,NA,NA,NA,NA,0.0328057656105709,0.0220217877358968,0.0151562483221704,0.0210533272349246,0.0970120612620221,0.0250978352502257,0.0262076857903108,0.0171679653039908,0.0451956743530233,0.0293308367371094,0.0449804805854019,0.0142959989524098,0.032364231851203,0.0248600147774431,0.0160610310716901,0.056985904307705,0.0245181391653587,0.015218661251983,0.0153664935767795,0.0302930254904811,0.0169174595887782,0.0317796660363468,0.0607259503829283,0.0219505177876065,0.0234521371684324,0.0659189307765817,0.0245359277099892,0.0729593785488599,0.0344137836713797,0.0413530796983974,0.0210432174920682,0.0453907923801182,0.0184615961591331,0.0193538039863208,0.03542193822066,0.0448165912701104,0.0208281466883115,0.0352419174284448,0.0213948292448151,0.0253876364132539,0.0223634991338584,0.0281403247980466,0.0212520055870723,0.0181631675569531,0.0467462676919798,0.0448160673614362,0.025557556739501,0.0294276242212062,0.0227757136824143,0.0294116382051116,0.0298041757304054,0.0299161740815696,0.0427851425689101,0.0435387514433178,0.0265750681132214,0.0377716192973505,0.078193161337449,0.0578974258318072,0.0351708072189205,0.0423533401162331
"SPEECH_302",NA,NA,NA,NA,NA,NA,NA,NA,NA,NA,NA,NA,NA,NA,NA,NA,NA,NA,NA,NA,NA,NA,NA,NA,NA,NA,NA,NA,NA,NA,NA,NA,NA,NA,NA,NA,NA,NA,NA,NA,NA,NA,NA,NA,NA,NA,NA,NA,NA,NA,NA,NA,NA,NA,NA,NA,NA,NA,NA,NA,0.0328057656105709,0.0220217877358968,0.0151562483221704,0.0210533272349246,0.0970120612620221,0.0250978352502257,0.0262076857903108,0.0171679653039908,0.0451956743530233,0.0293308367371094,0.0449804805854019,0.0142959989524098,0.032364231851203,0.0248600147774431,0.0160610310716901,0.056985904307705,0.0245181391653587,0.015218661251983,0.0153664935767795,0.0302930254904811,0.0169174595887782,0.0317796660363468,0.0607259503829283,0.0219505177876065,0.0234521371684324,0.0659189307765817,0.0245359277099892,0.0729593785488599,0.0344137836713797,0.0413530796983974,0.0210432174920682,0.0453907923801182,0.0184615961591331,0.0193538039863208,0.03542193822066,0.0448165912701104,0.0208281466883115,0.0352419174284448,0.0213948292448151,0.0253876364132539,0.0223634991338584,0.0281403247980466,0.0212520055870723,0.0181631675569531,0.0467462676919798,0.0448160673614362,0.025557556739501,0.0294276242212062,0.0227757136824143,0.0294116382051116,0.0298041757304054,0.0299161740815696,0.0427851425689101,0.0435387514433178,0.0265750681132214,0.0377716192973505,0.078193161337449,0.0578974258318072,0.0351708072189205,0.0423533401162331
"SPEECH_571",NA,NA,NA,NA,NA,NA,NA,NA,NA,NA,NA,NA,NA,NA,NA,NA,NA,NA,NA,NA,NA,NA,NA,NA,NA,NA,NA,NA,NA,NA,NA,NA,NA,NA,NA,NA,NA,NA,NA,NA,NA,NA,NA,NA,NA,NA,NA,NA,NA,NA,NA,NA,NA,NA,NA,NA,NA,NA,NA,NA,0.0134463392464145,0.0384910790669634,0.0219897112774813,0.027778438541915,0.084532047142884,0.0530332438926347,0.0216820894247835,0.0194094770565267,0.041009361571942,0.0227837956489248,0.0332284830127834,0.045918858820881,0.0305711565085174,0.0281358855986142,0.0276732168204396,0.0297431183257521,0.0613841075116755,0.0218115205361036,0.0386788843507076,0.0310404463978187,0.0296769269609704,0.0197751740642099,0.0187544766086097,0.0544184587401591,0.0188215162429718,0.0638753308498652,0.0407105806357041,0.0148350983640701,0.0261325503966893,0.0206586263829874,0.0646890251005645,0.0424888843336551,0.0118845883054193,0.0298063011095895,0.0290958111261868,0.0370946369107368,0.0343604942268482,0.0135204627972961,0.0404563638935655,0.0221231186799465,0.0267228751688352,0.0707946525144543,0.0112495406464566,0.036962115936716,0.0130302599953225,0.0494628167670922,0.0298675627654029,0.0191256250451926,0.0393780688416423,0.016346701759369,0.017459767079313,0.0565906662832356,0.0325372472528734,0.0380258010331221,0.0524491552562164,0.0498683310612914,0.0136027841375537,0.0560932274428309,0.0255042067904817,0.0194089077387901
"SPEECH_518",NA,NA,NA,NA,NA,NA,NA,NA,NA,NA,NA,NA,NA,NA,NA,NA,NA,NA,NA,NA,NA,NA,NA,NA,NA,NA,NA,NA,NA,NA,NA,NA,NA,NA,NA,NA,NA,NA,NA,NA,NA,NA,NA,NA,NA,NA,NA,NA,NA,NA,NA,NA,NA,NA,NA,NA,NA,NA,NA,NA,0.0228482067568003,0.0298706463318295,0.0165985504215499,0.0254537147939056,0.0404991865096436,0.0532386614831755,0.0242667934271384,0.0173362857748373,0.0114982451221296,0.128066187813571,0.0210761588938608,0.0509829450087566,0.00766588578239482,0.099188504925426,0.00770367057824413,0.0496504912270088,0.0214404847087372,0.0252005506919328,0.0161158659105735,0.0259841437923457,0.0403990192870099,0.0193260006878077,0.0152739577169808,0.0216837310902936,0.081386810391902,0.00755475060488796,0.0150519466070656,0.020705864960099,0.0127004875578698,0.0712322511422229,0.0306411331548287,0.0309869049224587,0.0172578740814316,0.0455567202174332,0.0357911459029769,0.0619419441241388,0.0323353414403527,0.0162750904723913,0.0221854633075511,0.0252091227858259,0.0323764597491411,0.0367127924490127,0.0192713852862345,0.0511127951848983,0.0334438169927613,0.0558973761591985,0.0361369198428929,0.0146646422462882,0.0249882330684737,0.012753798677568,0.0554743614649755,0.0396320908373642,0.0409151079107586,0.0495585381887976,0.0337513788032339,0.0436243761026926,0.0252559305237713,0.031904439580917,0.0224873628152033,0.021857453706428
"SPEECH_504",NA,NA,NA,NA,NA,NA,NA,NA,NA,NA,NA,NA,NA,NA,NA,NA,NA,NA,NA,NA,NA,NA,NA,NA,NA,NA,NA,NA,NA,NA,NA,NA,NA,NA,NA,NA,NA,NA,NA,NA,NA,NA,NA,NA,NA,NA,NA,NA,NA,NA,NA,NA,NA,NA,NA,NA,NA,NA,NA,NA,0.065602442595634,0.0370527722453696,0.0161475505804149,0.0474263650943503,0.026177884005519,0.0401601682462419,0.0478076005114894,0.0196295402909227,0.0294083748458654,0.0152586068346661,0.0454601560061924,0.0473761978685987,0.0184232393204295,0.0428765912084868,0.0146298024254389,0.0543874088962899,0.0853410848651906,0.0227497477072328,0.0231632846566234,0.0159569842442002,0.0209373245524598,0.0227104004253178,0.0311898497824413,0.0204993351201374,0.0495665536777912,0.0139669423417206,0.0272063096995804,0.0416215452258263,0.0248624416208558,0.0324034951047129,0.0230975983775643,0.0463815825173332,0.0138518241735653,0.0460206321987521,0.0826440715724696,0.0198832622401045,0.0185152975955785,0.0127074370157548,0.0484676155343576,0.0393591680253442,0.0157956823897333,0.063783920971192,0.0272072763113438,0.025139806131651,0.0294550631028319,0.0291273215416546,0.0316451187244414,0.0208189509800746,0.0437528697434223,0.0271982085872083,0.0186904260180377,0.0406069735879971,0.0174216076904338,0.0505922193701382,0.0347853165109296,0.0527249092339978,0.0250314615162087,0.0329528235613966,0.0348987904599186,0.0274427643165644
"SPEECH_200",NA,NA,NA,NA,NA,NA,NA,NA,NA,NA,NA,NA,NA,NA,NA,NA,NA,NA,NA,NA,NA,NA,NA,NA,NA,NA,NA,NA,NA,NA,NA,NA,NA,NA,NA,NA,NA,NA,NA,NA,NA,NA,NA,NA,NA,NA,NA,NA,NA,NA,NA,NA,NA,NA,NA,NA,NA,NA,NA,NA,0.0326637033050607,0.0278740562783121,0.0164555395213929,0.0323060649921955,0.046790174638547,0.0223871539974724,0.0567329394539962,0.0160609041748603,0.0312210197711942,0.016856157414872,0.0338111439758195,0.117313903050416,0.0396047132930022,0.0395624833282403,0.0458402851416931,0.0369073282726985,0.0392943447358043,0.019189885958224,0.0199198217771657,0.0313253799894032,0.0177885255361499,0.0169724356234493,0.0174993001930787,0.0469928572995297,0.0441512533469191,0.0242870119675473,0.0252901166013895,0.0201811222272452,0.0483398561588313,0.0163805179754895,0.0195761846966498,0.0485007781946399,0.0213596508329275,0.0273693808913242,0.0640835488530871,0.0162500490928945,0.031557619030664,0.012205748971095,0.0283566304829118,0.0088674119123325,0.0404218624623515,0.0187370018670885,0.0569427027899551,0.017930010078977,0.0167883308576893,0.0418405813313972,0.0710027126347096,0.014940797484671,0.0393070943928607,0.0295215469627835,0.0726728068106186,0.0251038298309045,0.0196208084002066,0.0375904329660348,0.0180856301449197,0.0727229729401547,0.0218668225501317,0.0605082276414534,0.02643648003318,0.0198323448613866
"SPEECH_204",NA,NA,NA,NA,NA,NA,NA,NA,NA,NA,NA,NA,NA,NA,NA,NA,NA,NA,NA,NA,NA,NA,NA,NA,NA,NA,NA,NA,NA,NA,NA,NA,NA,NA,NA,NA,NA,NA,NA,NA,NA,NA,NA,NA,NA,NA,NA,NA,NA,NA,NA,NA,NA,NA,NA,NA,NA,NA,NA,NA,0.0199797147409494,0.0315738204872859,0.0144029468389205,0.0373120396926888,0.0494480324460687,0.0166775397554497,0.0397359209421941,0.00827290429579808,0.0297959665215279,0.0207657488259268,0.0342831764154498,0.0236839127233322,0.030463183161476,0.0360263775543256,0.0224749988677309,0.038828573952829,0.0815537717531701,0.0127316790747283,0.0491585333225351,0.033557310175188,0.0159865443235838,0.031410423468206,0.00996220729048137,0.0523414335184305,0.0412177998296283,0.0208160967635855,0.0119186583419264,0.0704590374983885,0.0589946942879598,0.0561669531302349,0.0329482659110773,0.0209042073953876,0.0165960037282096,0.0220281976935459,0.132075354674691,0.0272748023598178,0.0347442509619724,0.0131881580126716,0.0502932066384512,0.0218117966540407,0.0208722513132406,0.0196356395283473,0.030180880465705,0.0314928517176653,0.0331607812402048,0.0223332784152933,0.0230384027347112,0.0185682718018143,0.0737952322592712,0.0161321276233078,0.0130794766362597,0.0166178453062432,0.0294597256481235,0.00965647276453787,0.0173094065535873,0.121097758515016,0.0215629305043289,0.0321995031212616,0.0381730795135505,0.0397698403076654
"SPEECH_174",NA,NA,NA,NA,NA,NA,NA,NA,NA,NA,NA,NA,NA,NA,NA,NA,NA,NA,NA,NA,NA,NA,NA,NA,NA,NA,NA,NA,NA,NA,NA,NA,NA,NA,NA,NA,NA,NA,NA,NA,NA,NA,NA,NA,NA,NA,NA,NA,NA,NA,NA,NA,NA,NA,NA,NA,NA,NA,NA,NA,0.0200246421272436,0.0328751372541444,0.0197313903544412,0.0569944590819409,0.0677589652291431,0.0458336242466811,0.0367051317420926,0.0225405434591945,0.0283516762427684,0.0213939606829549,0.0389128411617207,0.0302662030392666,0.0295236542021105,0.0505043430263563,0.039751391953346,0.0252869249741282,0.0201899586816176,0.0184186710541731,0.0400389544250359,0.0252882521518207,0.0385194156303513,0.0172875322990771,0.0254247449554325,0.0351495453191806,0.0605996223628101,0.0332740796133396,0.0236795982552629,0.0442757785263776,0.0222411405457431,0.0291578174022449,0.0200920020652469,0.0433563639226843,0.0217905730920343,0.0337890915965387,0.0533115120402775,0.0208879043322227,0.0604789355452625,0.0169412863457293,0.0287885003022079,0.0374251262557911,0.026362958837781,0.0281475544377961,0.0184453227856166,0.0530305789558571,0.0705284575022963,0.0538983647868826,0.0354633153038665,0.0212091623388333,0.0184984153308885,0.0228772840825876,0.0184545478631486,0.0191616469328617,0.0196619632879714,0.0405616525513306,0.0255312682983252,0.0600032191355564,0.0375902383977119,0.0318823618882356,0.0244388457661118,0.0373915460183461
"SPEECH_501",NA,NA,NA,NA,NA,NA,NA,NA,NA,NA,NA,NA,NA,NA,NA,NA,NA,NA,NA,NA,NA,NA,NA,NA,NA,NA,NA,NA,NA,NA,NA,NA,NA,NA,NA,NA,NA,NA,NA,NA,NA,NA,NA,NA,NA,NA,NA,NA,NA,NA,NA,NA,NA,NA,NA,NA,NA,NA,NA,NA,0.0200246421272436,0.0328751372541444,0.0197313903544412,0.0569944590819409,0.0677589652291431,0.0458336242466811,0.0367051317420926,0.0225405434591945,0.0283516762427684,0.0213939606829549,0.0389128411617207,0.0302662030392666,0.0295236542021105,0.0505043430263563,0.039751391953346,0.0252869249741282,0.0201899586816176,0.0184186710541731,0.0400389544250359,0.0252882521518207,0.0385194156303513,0.0172875322990771,0.0254247449554325,0.0351495453191806,0.0605996223628101,0.0332740796133396,0.0236795982552629,0.0442757785263776,0.0222411405457431,0.0291578174022449,0.0200920020652469,0.0433563639226843,0.0217905730920343,0.0337890915965387,0.0533115120402775,0.0208879043322227,0.0604789355452625,0.0169412863457293,0.0287885003022079,0.0374251262557911,0.026362958837781,0.0281475544377961,0.0184453227856166,0.0530305789558571,0.0705284575022963,0.0538983647868826,0.0354633153038665,0.0212091623388333,0.0184984153308885,0.0228772840825876,0.0184545478631486,0.0191616469328617,0.0196619632879714,0.0405616525513306,0.0255312682983252,0.0600032191355564,0.0375902383977119,0.0318823618882356,0.0244388457661118,0.0373915460183461
"SPEECH_539",NA,NA,NA,NA,NA,NA,NA,NA,NA,NA,NA,NA,NA,NA,NA,NA,NA,NA,NA,NA,NA,NA,NA,NA,NA,NA,NA,NA,NA,NA,NA,NA,NA,NA,NA,NA,NA,NA,NA,NA,NA,NA,NA,NA,NA,NA,NA,NA,NA,NA,NA,NA,NA,NA,NA,NA,NA,NA,NA,NA,0.0517010917188521,0.0396656847025904,0.0201396884924157,0.040111132279159,0.028117183873837,0.0173294909326411,0.0198510347044899,0.0164099771105313,0.0257328800977048,0.020795048501982,0.0817578253041767,0.0141210923826438,0.0190426540327317,0.0305918124760133,0.0242991835022379,0.0909864089264114,0.0559961386005988,0.0162903883042147,0.0528435769067463,0.0248621469288105,0.0116608634363545,0.046502501060902,0.0124193159382814,0.0196405122908895,0.0200288161608762,0.027102180543299,0.030853781788165,0.0389932706019735,0.0441356469787855,0.058018671421685,0.0353643267063653,0.0350776700918199,0.0206724823058873,0.0655060575417557,0.0478488310752263,0.026079165337652,0.0354530307748066,0.0147567917939518,0.0326280909622099,0.0202250665085511,0.0349058342236894,0.0175415040164318,0.0214206916223576,0.0372520572525742,0.0287192323869053,0.027304731093678,0.0259583546017677,0.0202432236781192,0.0155797110606213,0.0560498003085213,0.023648243967631,0.0223151381592254,0.0449285768131268,0.0383344558773217,0.0242367619648652,0.0569159956067413,0.0341256766072233,0.0536800875368306,0.0331583049715594,0.0500701051525838
"SPEECH_210",NA,NA,NA,NA,NA,NA,NA,NA,NA,NA,NA,NA,NA,NA,NA,NA,NA,NA,NA,NA,NA,NA,NA,NA,NA,NA,NA,NA,NA,NA,NA,NA,NA,NA,NA,NA,NA,NA,NA,NA,NA,NA,NA,NA,NA,NA,NA,NA,NA,NA,NA,NA,NA,NA,NA,NA,NA,NA,NA,NA,0.0353643267063653,0.0350776700918199,0.0206724823058873,0.0655060575417557,0.0478488310752263,0.026079165337652,0.0354530307748066,0.0147567917939518,0.0326280909622099,0.0202250665085511,0.0349058342236894,0.0175415040164318,0.0214206916223576,0.0372520572525742,0.0287192323869053,0.027304731093678,0.0259583546017677,0.0202432236781192,0.0155797110606213,0.0560498003085213,0.023648243967631,0.0223151381592254,0.0449285768131268,0.0383344558773217,0.0242367619648652,0.0569159956067413,0.0341256766072233,0.0536800875368306,0.0331583049715594,0.0500701051525838,0.0329935195840078,0.0359375819541806,0.0149094801388157,0.0382940831062055,0.037876941189629,0.0406258199034122,0.0233013829142785,0.0164089099700268,0.0283628456318165,0.0339744156200642,0.0350003929783731,0.0488452445512183,0.0176672687663726,0.0609651327943705,0.031896084419099,0.0355578453494217,0.0329585278071464,0.0198444293480491,0.0446263905779941,0.0159028281065935,0.04102879053964,0.0174069815156573,0.0146616659258648,0.0297082244665467,0.0507407832073927,0.0458647140509666,0.0300453511796254,0.0415864621806955,0.0608931269028173,0.0221147753197187
"SPEECH_213",NA,NA,NA,NA,NA,NA,NA,NA,NA,NA,NA,NA,NA,NA,NA,NA,NA,NA,NA,NA,NA,NA,NA,NA,NA,NA,NA,NA,NA,NA,NA,NA,NA,NA,NA,NA,NA,NA,NA,NA,NA,NA,NA,NA,NA,NA,NA,NA,NA,NA,NA,NA,NA,NA,NA,NA,NA,NA,NA,NA,0.0196680776012392,0.0378592025025673,0.0271224063273757,0.0245511537112368,0.0574112153838356,0.0538890019461394,0.029080283583131,0.0186969779674245,0.0292213473736852,0.028597576594923,0.0192513295638107,0.017115283238432,0.0161613276012221,0.0450398353719597,0.0234397126835376,0.0327792068087232,0.019631124073922,0.0275337994942375,0.021396347729368,0.0331694021468384,0.0177608016990809,0.0123134474712388,0.0701944549193216,0.050542223177076,0.0297548592114849,0.107140137856337,0.0407728774435359,0.0513985322536985,0.0150297577337923,0.0234782965308247,0.0474682157587761,0.0231021327624366,0.0142291620123912,0.0312337663443846,0.0522888479531496,0.0440937207129262,0.0298464019201759,0.0152592771518948,0.0272277500721711,0.0151359450257715,0.0219735042780504,0.0866849668528275,0.0454358294239908,0.0588146166217515,0.0162068441954126,0.024684880479379,0.0320993402878511,0.0151885588851994,0.0184985958538039,0.0247685918507353,0.0229799324289704,0.0174275569766374,0.0260898852051967,0.0303033250305417,0.0204485297697778,0.0684215776125451,0.0322368158179421,0.0377636238833188,0.0614766605656488,0.0386111442663422
"SPEECH_522",NA,NA,NA,NA,NA,NA,NA,NA,NA,NA,NA,NA,NA,NA,NA,NA,NA,NA,NA,NA,NA,NA,NA,NA,NA,NA,NA,NA,NA,NA,NA,NA,NA,NA,NA,NA,NA,NA,NA,NA,NA,NA,NA,NA,NA,NA,NA,NA,NA,NA,NA,NA,NA,NA,NA,NA,NA,NA,NA,NA,0.0329935195840078,0.0359375819541806,0.0149094801388157,0.0382940831062055,0.037876941189629,0.0406258199034122,0.0233013829142785,0.0164089099700268,0.0283628456318165,0.0339744156200642,0.0350003929783731,0.0488452445512183,0.0176672687663726,0.0609651327943705,0.031896084419099,0.0355578453494217,0.0329585278071464,0.0198444293480491,0.0446263905779941,0.0159028281065935,0.04102879053964,0.0174069815156573,0.0146616659258648,0.0297082244665467,0.0507407832073927,0.0458647140509666,0.0300453511796254,0.0415864621806955,0.0608931269028173,0.0221147753197187,0.0196698733861579,0.0248387397507619,0.0243344557402531,0.0150338442933973,0.10142559042939,0.0323463272780175,0.0294944286627719,0.0156578068045664,0.069686347914731,0.0300744912322069,0.0545875614277186,0.0605130746083618,0.0336843074484142,0.0217436538077525,0.0193736197391664,0.0234277457289678,0.0248714155453977,0.0156505969177634,0.019519469720972,0.0598735220944836,0.0214004936379223,0.0246937528067094,0.0191047460256278,0.0266956344020674,0.0178968249366808,0.0727232680036579,0.0262568516489113,0.0233195240089474,0.0272492347020136,0.0448527972962109
"SPEECH_657",NA,NA,NA,NA,NA,NA,NA,NA,NA,NA,NA,NA,NA,NA,NA,NA,NA,NA,NA,NA,NA,NA,NA,NA,NA,NA,NA,NA,NA,NA,NA,NA,NA,NA,NA,NA,NA,NA,NA,NA,NA,NA,NA,NA,NA,NA,NA,NA,NA,NA,NA,NA,NA,NA,NA,NA,NA,NA,NA,NA,0.0329935195840078,0.0359375819541806,0.0149094801388157,0.0382940831062055,0.037876941189629,0.0406258199034122,0.0233013829142785,0.0164089099700268,0.0283628456318165,0.0339744156200642,0.0350003929783731,0.0488452445512183,0.0176672687663726,0.0609651327943705,0.031896084419099,0.0355578453494217,0.0329585278071464,0.0198444293480491,0.0446263905779941,0.0159028281065935,0.04102879053964,0.0174069815156573,0.0146616659258648,0.0297082244665467,0.0507407832073927,0.0458647140509666,0.0300453511796254,0.0415864621806955,0.0608931269028173,0.0221147753197187,0.0196698733861579,0.0248387397507619,0.0243344557402531,0.0150338442933973,0.10142559042939,0.0323463272780175,0.0294944286627719,0.0156578068045664,0.069686347914731,0.0300744912322069,0.0545875614277186,0.0605130746083618,0.0336843074484142,0.0217436538077525,0.0193736197391664,0.0234277457289678,0.0248714155453977,0.0156505969177634,0.019519469720972,0.0598735220944836,0.0214004936379223,0.0246937528067094,0.0191047460256278,0.0266956344020674,0.0178968249366808,0.0727232680036579,0.0262568516489113,0.0233195240089474,0.0272492347020136,0.0448527972962109
"SPEECH_676",NA,NA,NA,NA,NA,NA,NA,NA,NA,NA,NA,NA,NA,NA,NA,NA,NA,NA,NA,NA,NA,NA,NA,NA,NA,NA,NA,NA,NA,NA,NA,NA,NA,NA,NA,NA,NA,NA,NA,NA,NA,NA,NA,NA,NA,NA,NA,NA,NA,NA,NA,NA,NA,NA,NA,NA,NA,NA,NA,NA,0.0658852838839057,0.0640414857969399,0.00968695993815497,0.0352753066695489,0.0396781891234339,0.0282391791588808,0.0321822043993278,0.0102186233574846,0.0186688358423583,0.0318712163182431,0.0308775769984902,0.0776546548517411,0.0160093426344022,0.0205684990487144,0.0157978482080172,0.0855797716331113,0.0374160980985926,0.0103413340783192,0.032296925503717,0.0315786194319076,0.00976298767837739,0.0303412142040963,0.045682373455203,0.0385683146138737,0.0267478619486044,0.0432430995300917,0.0224926187485472,0.0411598663212164,0.0253936803793914,0.0227400281453075,0.0330354911154027,0.0377539308526294,0.0156375158934383,0.0729759909723496,0.0400722520309333,0.0304075634269346,0.0244590249493463,0.0147692696773639,0.0220853005514441,0.0210121525677709,0.0485492540420081,0.058276981730553,0.0180908753204728,0.0520346027471492,0.0306529310191814,0.0422155591420763,0.017057128123529,0.0202225150636058,0.0156042951975268,0.0205361901334718,0.018649053814183,0.0361096815216189,0.0174652231613134,0.0246741299199986,0.0693732173076726,0.0710829329198717,0.0338708139379671,0.0410809509816005,0.0201031327491371,0.0321420391294497
"SPEECH_167",NA,NA,NA,NA,NA,NA,NA,NA,NA,NA,NA,NA,NA,NA,NA,NA,NA,NA,NA,NA,NA,NA,NA,NA,NA,NA,NA,NA,NA,NA,NA,NA,NA,NA,NA,NA,NA,NA,NA,NA,NA,NA,NA,NA,NA,NA,NA,NA,NA,NA,NA,NA,NA,NA,NA,NA,NA,NA,NA,NA,0.0239314410687967,0.0310274330813484,0.0122783245376313,0.0176983787381733,0.0463533494984073,0.0258284600389864,0.087075072505111,0.0166143678980649,0.0290804925593116,0.0147173489278752,0.0519445633052822,0.0307564303713213,0.0350211572291162,0.0947130699377169,0.0270622355346361,0.0258284600389864,0.0363975657300433,0.0214924166785528,0.0161222840298578,0.0308562734750155,0.027454476299149,0.0136333380877668,0.0182903057100746,0.0163433651880378,0.0665287880948985,0.0223553463604812,0.0334165359197452,0.0161222840298578,0.0223054248086341,0.0887510103171207,0.0304168214082146,0.0317547320713255,0.0115226311842687,0.0602028633036219,0.0302924847565217,0.0314236084409669,0.0262123449911157,0.0174563881257898,0.029872064132704,0.0239361969297835,0.0424945580565449,0.0259687839679975,0.0190287077161716,0.0508905141041905,0.0140359847138178,0.0435627969853302,0.0212436550486665,0.0244729164778875,0.0217253126737553,0.0260024655857735,0.0369047778737708,0.0248699764292897,0.0168843773583549,0.0758308060078692,0.0543758044473717,0.0616858930055877,0.0643324099653737,0.0353856101340573,0.0183286638142266,0.0288858502896508
"SPEECH_717",NA,NA,NA,NA,NA,NA,NA,NA,NA,NA,NA,NA,NA,NA,NA,NA,NA,NA,NA,NA,NA,NA,NA,NA,NA,NA,NA,NA,NA,NA,NA,NA,NA,NA,NA,NA,NA,NA,NA,NA,NA,NA,NA,NA,NA,NA,NA,NA,NA,NA,NA,NA,NA,NA,NA,NA,NA,NA,NA,NA,0.0239314410687967,0.0310274330813484,0.0122783245376313,0.0176983787381733,0.0463533494984073,0.0258284600389864,0.087075072505111,0.0166143678980649,0.0290804925593116,0.0147173489278752,0.0519445633052822,0.0307564303713213,0.0350211572291162,0.0947130699377169,0.0270622355346361,0.0258284600389864,0.0363975657300433,0.0214924166785528,0.0161222840298578,0.0308562734750155,0.027454476299149,0.0136333380877668,0.0182903057100746,0.0163433651880378,0.0665287880948985,0.0223553463604812,0.0334165359197452,0.0161222840298578,0.0223054248086341,0.0887510103171207,0.0304168214082146,0.0317547320713255,0.0115226311842687,0.0602028633036219,0.0302924847565217,0.0314236084409669,0.0262123449911157,0.0174563881257898,0.029872064132704,0.0239361969297835,0.0424945580565449,0.0259687839679975,0.0190287077161716,0.0508905141041905,0.0140359847138178,0.0435627969853302,0.0212436550486665,0.0244729164778875,0.0217253126737553,0.0260024655857735,0.0369047778737708,0.0248699764292897,0.0168843773583549,0.0758308060078692,0.0543758044473717,0.0616858930055877,0.0643324099653737,0.0353856101340573,0.0183286638142266,0.0288858502896508
"SPEECH_507",NA,NA,NA,NA,NA,NA,NA,NA,NA,NA,NA,NA,NA,NA,NA,NA,NA,NA,NA,NA,NA,NA,NA,NA,NA,NA,NA,NA,NA,NA,NA,NA,NA,NA,NA,NA,NA,NA,NA,NA,NA,NA,NA,NA,NA,NA,NA,NA,NA,NA,NA,NA,NA,NA,NA,NA,NA,NA,NA,NA,0.0221973109312853,0.0333030751802966,0.0121579344079535,0.0457341160531632,0.0295089987159532,0.0232706292110342,0.033267561660489,0.0163074669163486,0.0309474166320508,0.0187738433479727,0.0398339595903725,0.0418891232003492,0.0257289930538845,0.0440464580745359,0.020382900738166,0.083225571248571,0.0764405209824565,0.0138370350832736,0.028618840124977,0.0195660933336512,0.0355718963625633,0.0187001428324821,0.0194695280186813,0.0546835071050188,0.0477272992460008,0.0219097584128419,0.016498866108656,0.0645729717598749,0.0289836978265708,0.0328444838405254,0.0287374775797348,0.0229857067289675,0.0267497501475037,0.0285789290185721,0.0960911946412971,0.0277882363953712,0.0274018453604141,0.0196815102069503,0.0470706683215934,0.0522218222434764,0.0255150141659645,0.0301015049199695,0.0293966913140327,0.0196576986955653,0.028259097189355,0.0268941799086314,0.0252042646574113,0.0156377490797626,0.0129969316243844,0.0327036037858654,0.026281018472685,0.0409990084450877,0.0180254632653322,0.0257862815512432,0.0459087564866184,0.0672735768004354,0.0264536823316879,0.0413888458873219,0.0465430009622286,0.0376664898125373
"SPEECH_490",NA,NA,NA,NA,NA,NA,NA,NA,NA,NA,NA,NA,NA,NA,NA,NA,NA,NA,NA,NA,NA,NA,NA,NA,NA,NA,NA,NA,NA,NA,NA,NA,NA,NA,NA,NA,NA,NA,NA,NA,NA,NA,NA,NA,NA,NA,NA,NA,NA,NA,NA,NA,NA,NA,NA,NA,NA,NA,NA,NA,0.0146527997412658,0.0783478625737914,0.0109086459602364,0.0424333914302913,0.0619405594694206,0.0435537736054801,0.0148422357469734,0.0135880979618898,0.0274638580454337,0.0219958572831817,0.0309493510984818,0.0531101687166206,0.0327518915658856,0.0605666954256608,0.0165133802483325,0.032503091700083,0.0168696431947943,0.0163825502282589,0.0153301266457251,0.0409826780065719,0.0316331088170179,0.032304580213282,0.051456288606976,0.0206928871985138,0.0347096714510785,0.0561291115320157,0.0342002522203857,0.0353634868196104,0.0196796313592926,0.0381443231334486,0.0267508949410487,0.0180093763179355,0.0118585748655758,0.0482838192545093,0.0522415096783334,0.0451494296604158,0.0447790016581979,0.0165969630647292,0.0354865171798525,0.0149136069315877,0.0334157930434354,0.0900876415652394,0.0124417595488637,0.0367341642340576,0.0764193562201519,0.0376660181129537,0.0183129195559764,0.0183886377581015,0.0124571265381761,0.0229167798708604,0.0208676629934133,0.0224011620296643,0.00934765927924885,0.0391307750012151,0.0532474075781039,0.0594572688903793,0.0269900678471194,0.046961906448844,0.0257201728400834,0.0229660270919265
"SPEECH_536",NA,NA,NA,NA,NA,NA,NA,NA,NA,NA,NA,NA,NA,NA,NA,NA,NA,NA,NA,NA,NA,NA,NA,NA,NA,NA,NA,NA,NA,NA,NA,NA,NA,NA,NA,NA,NA,NA,NA,NA,NA,NA,NA,NA,NA,NA,NA,NA,NA,NA,NA,NA,NA,NA,NA,NA,NA,NA,NA,NA,0.0415881577796952,0.0541039878702222,0.0146508814955029,0.0382367370158893,0.0548642803762332,0.0264679517958448,0.0554090174783588,0.0146433278813599,0.0210673487720531,0.0174853988085469,0.0531844545407646,0.062214186983576,0.0125321562928772,0.0437262929130298,0.0164461807231059,0.0963149050724182,0.010201820368694,0.0230547597344743,0.0155706906116127,0.0595170817285555,0.0422062100751896,0.023684535890101,0.0307033046374512,0.0513577288701486,0.0411617311641001,0.0111537407535345,0.0114407763867851,0.0125626164539755,0.0227932757060425,0.0216564618198573,0.0461508147533645,0.0189522201128804,0.0153726671722205,0.0376418150524485,0.0698916430634738,0.0641564039613484,0.0487387686857992,0.0167548782508515,0.0429517438196826,0.0224859903256084,0.0236371240826994,0.0663170487880347,0.0126393449106365,0.0513697212766562,0.0223896041027287,0.0476741426981575,0.023389780832392,0.0121212478007221,0.0173675552839079,0.0329239310596697,0.015433038625432,0.0195953718835865,0.0143194105188716,0.0359778817830651,0.0556907866896897,0.0597899883214539,0.0182799474177929,0.0419805727380995,0.0242377340225865,0.0217688219661397
"SPEECH_565",NA,NA,NA,NA,NA,NA,NA,NA,NA,NA,NA,NA,NA,NA,NA,NA,NA,NA,NA,NA,NA,NA,NA,NA,NA,NA,NA,NA,NA,NA,NA,NA,NA,NA,NA,NA,NA,NA,NA,NA,NA,NA,NA,NA,NA,NA,NA,NA,NA,NA,NA,NA,NA,NA,NA,NA,NA,NA,NA,NA,0.0415881577796952,0.0541039878702222,0.0146508814955029,0.0382367370158893,0.0548642803762332,0.0264679517958448,0.0554090174783588,0.0146433278813599,0.0210673487720531,0.0174853988085469,0.0531844545407646,0.062214186983576,0.0125321562928772,0.0437262929130298,0.0164461807231059,0.0963149050724182,0.010201820368694,0.0230547597344743,0.0155706906116127,0.0595170817285555,0.0422062100751896,0.023684535890101,0.0307033046374512,0.0513577288701486,0.0411617311641001,0.0111537407535345,0.0114407763867851,0.0125626164539755,0.0227932757060425,0.0216564618198573,0.0461508147533645,0.0189522201128804,0.0153726671722205,0.0376418150524485,0.0698916430634738,0.0641564039613484,0.0487387686857992,0.0167548782508515,0.0429517438196826,0.0224859903256084,0.0236371240826994,0.0663170487880347,0.0126393449106365,0.0513697212766562,0.0223896041027287,0.0476741426981575,0.023389780832392,0.0121212478007221,0.0173675552839079,0.0329239310596697,0.015433038625432,0.0195953718835865,0.0143194105188716,0.0359778817830651,0.0556907866896897,0.0597899883214539,0.0182799474177929,0.0419805727380995,0.0242377340225865,0.0217688219661397
"SPEECH_365",NA,NA,NA,NA,NA,NA,NA,NA,NA,NA,NA,NA,NA,NA,NA,NA,NA,NA,NA,NA,NA,NA,NA,NA,NA,NA,NA,NA,NA,NA,NA,NA,NA,NA,NA,NA,NA,NA,NA,NA,NA,NA,NA,NA,NA,NA,NA,NA,NA,NA,NA,NA,NA,NA,NA,NA,NA,NA,NA,NA,0.0316739852645771,0.0254305527189975,0.0145317696403114,0.0319049697049018,0.077336248732954,0.0402567640309838,0.0299063330279863,0.0157077147737427,0.0313877120170872,0.0190365459198622,0.0194056521136486,0.0274119709102439,0.0406428447236379,0.0235412220828753,0.0153213713138141,0.0471737105539264,0.0528682577484424,0.0167039070609472,0.0554239153072239,0.0304296381551195,0.0272375500811922,0.0284563885132921,0.0617548499222371,0.0285302525373161,0.0389465946567006,0.030601025571046,0.0711031716775644,0.0292904362043153,0.0195631934023036,0.0184214516327493,0.025597461572552,0.0379924183011985,0.0158660402271152,0.0204356916686317,0.0688380499132669,0.0541361414238119,0.0272006662717897,0.0114571041362766,0.0356215219914795,0.0163516025872568,0.0206147615477329,0.0419106023504674,0.0124461871185052,0.0620312404906882,0.0203173292691284,0.0391662332374638,0.042217877371849,0.0147445426480792,0.0330216604957546,0.0608933763025512,0.0140001655494816,0.0211239013262954,0.0540128779072974,0.02977329437117,0.0191732740654199,0.101311917807117,0.0226607509007346,0.033593538151908,0.0175443234738434,0.0259454475211337
"SPEECH_567",NA,NA,NA,NA,NA,NA,NA,NA,NA,NA,NA,NA,NA,NA,NA,NA,NA,NA,NA,NA,NA,NA,NA,NA,NA,NA,NA,NA,NA,NA,NA,NA,NA,NA,NA,NA,NA,NA,NA,NA,NA,NA,NA,NA,NA,NA,NA,NA,NA,NA,NA,NA,NA,NA,NA,NA,NA,NA,NA,NA,0.0316739852645771,0.0254305527189975,0.0145317696403114,0.0319049697049018,0.077336248732954,0.0402567640309838,0.0299063330279863,0.0157077147737427,0.0313877120170872,0.0190365459198622,0.0194056521136486,0.0274119709102439,0.0406428447236379,0.0235412220828753,0.0153213713138141,0.0471737105539264,0.0528682577484424,0.0167039070609472,0.0554239153072239,0.0304296381551195,0.0272375500811922,0.0284563885132921,0.0617548499222371,0.0285302525373161,0.0389465946567006,0.030601025571046,0.0711031716775644,0.0292904362043153,0.0195631934023036,0.0184214516327493,0.025597461572552,0.0379924183011985,0.0158660402271152,0.0204356916686317,0.0688380499132669,0.0541361414238119,0.0272006662717897,0.0114571041362766,0.0356215219914795,0.0163516025872568,0.0206147615477329,0.0419106023504674,0.0124461871185052,0.0620312404906882,0.0203173292691284,0.0391662332374638,0.042217877371849,0.0147445426480792,0.0330216604957546,0.0608933763025512,0.0140001655494816,0.0211239013262954,0.0540128779072974,0.02977329437117,0.0191732740654199,0.101311917807117,0.0226607509007346,0.033593538151908,0.0175443234738434,0.0259454475211337
"SPEECH_166",NA,NA,NA,NA,NA,NA,NA,NA,NA,NA,NA,NA,NA,NA,NA,NA,NA,NA,NA,NA,NA,NA,NA,NA,NA,NA,NA,NA,NA,NA,NA,NA,NA,NA,NA,NA,NA,NA,NA,NA,NA,NA,NA,NA,NA,NA,NA,NA,NA,NA,NA,NA,NA,NA,NA,NA,NA,NA,NA,NA,0.0461508147533645,0.0189522201128804,0.0153726671722205,0.0376418150524485,0.0698916430634738,0.0641564039613484,0.0487387686857992,0.0167548782508515,0.0429517438196826,0.0224859903256084,0.0236371240826994,0.0663170487880347,0.0126393449106365,0.0513697212766562,0.0223896041027287,0.0476741426981575,0.023389780832392,0.0121212478007221,0.0173675552839079,0.0329239310596697,0.015433038625432,0.0195953718835865,0.0143194105188716,0.0359778817830651,0.0556907866896897,0.0597899883214539,0.0182799474177929,0.0419805727380995,0.0242377340225865,0.0217688219661397,0.0324079274084434,0.0370369498218002,0.0115388335341333,0.0586140882109257,0.0159702020745576,0.0211224751658468,0.0204033694245728,0.0138992903166629,0.0190888190865037,0.0209587377400727,0.0415526479207264,0.0291982198236696,0.00991579022300664,0.0375005332531985,0.0344655915428195,0.0967911434890443,0.150486086933411,0.014614808866645,0.07425654492745,0.0107110560989375,0.0125765620019504,0.0292542155989566,0.0219538631080183,0.0125167004651318,0.046406941080383,0.0271769716057951,0.0146243721668877,0.0309763246756665,0.0331498992709705,0.0208310341638127
"SPEECH_175",NA,NA,NA,NA,NA,NA,NA,NA,NA,NA,NA,NA,NA,NA,NA,NA,NA,NA,NA,NA,NA,NA,NA,NA,NA,NA,NA,NA,NA,NA,NA,NA,NA,NA,NA,NA,NA,NA,NA,NA,NA,NA,NA,NA,NA,NA,NA,NA,NA,NA,NA,NA,NA,NA,NA,NA,NA,NA,NA,NA,0.022456584544654,0.0334680644024106,0.0225569765195166,0.0500231599516494,0.0510456810932528,0.0622950973295414,0.0333927967043693,0.0145925551825132,0.0285361018648913,0.0143966975563299,0.0266701371824179,0.0219800688004107,0.0148252741807872,0.0797530874084671,0.0112861169911454,0.0680852246048092,0.0654573495540682,0.0272321841151578,0.0158616609046028,0.0226922030239114,0.0378367991953674,0.0166654115661183,0.018529563056529,0.0163647192708064,0.101822129370353,0.0223584003050587,0.0163485360474379,0.0186165211011837,0.0329805603088665,0.0318703378633733,0.0264318303579799,0.0556181808801691,0.0186144911495999,0.0312847038823268,0.0650628614196917,0.040622690587729,0.0274216385183021,0.015323793606936,0.0303174782503853,0.0204481207573289,0.0242118429750118,0.0642286841744531,0.0198723817690224,0.0573896668329827,0.0229143098576896,0.040678957753122,0.0198513784167252,0.0162272202018702,0.0177646341041271,0.031050401630935,0.0197594543871453,0.017443147662726,0.0147699030533098,0.0452152271642065,0.0656259476320973,0.0495301159384914,0.0175285973870564,0.0397981589939668,0.033345193203159,0.0516489874514538
"SPEECH_161",NA,NA,NA,NA,NA,NA,NA,NA,NA,NA,NA,NA,NA,NA,NA,NA,NA,NA,NA,NA,NA,NA,NA,NA,NA,NA,NA,NA,NA,NA,NA,NA,NA,NA,NA,NA,NA,NA,NA,NA,NA,NA,NA,NA,NA,NA,NA,NA,NA,NA,NA,NA,NA,NA,NA,NA,NA,NA,NA,NA,0.0264318303579799,0.0556181808801691,0.0186144911495999,0.0312847038823268,0.0650628614196917,0.040622690587729,0.0274216385183021,0.015323793606936,0.0303174782503853,0.0204481207573289,0.0242118429750118,0.0642286841744531,0.0198723817690224,0.0573896668329827,0.0229143098576896,0.040678957753122,0.0198513784167252,0.0162272202018702,0.0177646341041271,0.031050401630935,0.0197594543871453,0.017443147662726,0.0147699030533098,0.0452152271642065,0.0656259476320973,0.0495301159384914,0.0175285973870564,0.0397981589939668,0.033345193203159,0.0516489874514538,0.0147246663957633,0.0500107106836803,0.012063688353843,0.0295057531379239,0.0894404325621267,0.0177713227652468,0.0289337375984295,0.013710037820875,0.0210909593184532,0.0204371191168953,0.025695495440088,0.0342319546802905,0.0357121161282604,0.0345521588096907,0.0395640371740758,0.0543089368262916,0.0503474961573895,0.0205927679714143,0.0244076219877014,0.0445691273772124,0.0372151246477679,0.0157303906777004,0.0137025413203281,0.0439712204247263,0.0183730910570264,0.0693981555519087,0.0273705422700256,0.0382964615582961,0.0237962965343747,0.0504760356521941
"SPEECH_564",NA,NA,NA,NA,NA,NA,NA,NA,NA,NA,NA,NA,NA,NA,NA,NA,NA,NA,NA,NA,NA,NA,NA,NA,NA,NA,NA,NA,NA,NA,NA,NA,NA,NA,NA,NA,NA,NA,NA,NA,NA,NA,NA,NA,NA,NA,NA,NA,NA,NA,NA,NA,NA,NA,NA,NA,NA,NA,NA,NA,0.0264318303579799,0.0556181808801691,0.0186144911495999,0.0312847038823268,0.0650628614196917,0.040622690587729,0.0274216385183021,0.015323793606936,0.0303174782503853,0.0204481207573289,0.0242118429750118,0.0642286841744531,0.0198723817690224,0.0573896668329827,0.0229143098576896,0.040678957753122,0.0198513784167252,0.0162272202018702,0.0177646341041271,0.031050401630935,0.0197594543871453,0.017443147662726,0.0147699030533098,0.0452152271642065,0.0656259476320973,0.0495301159384914,0.0175285973870564,0.0397981589939668,0.033345193203159,0.0516489874514538,0.0147246663957633,0.0500107106836803,0.012063688353843,0.0295057531379239,0.0894404325621267,0.0177713227652468,0.0289337375984295,0.013710037820875,0.0210909593184532,0.0204371191168953,0.025695495440088,0.0342319546802905,0.0357121161282604,0.0345521588096907,0.0395640371740758,0.0543089368262916,0.0503474961573895,0.0205927679714143,0.0244076219877014,0.0445691273772124,0.0372151246477679,0.0157303906777004,0.0137025413203281,0.0439712204247263,0.0183730910570264,0.0693981555519087,0.0273705422700256,0.0382964615582961,0.0237962965343747,0.0504760356521941
"SPEECH_303",NA,NA,NA,NA,NA,NA,NA,NA,NA,NA,NA,NA,NA,NA,NA,NA,NA,NA,NA,NA,NA,NA,NA,NA,NA,NA,NA,NA,NA,NA,NA,NA,NA,NA,NA,NA,NA,NA,NA,NA,NA,NA,NA,NA,NA,NA,NA,NA,NA,NA,NA,NA,NA,NA,NA,NA,NA,NA,NA,NA,0.0294871764707907,0.0446445788088983,0.0138993681176343,0.0142669134693977,0.0914892220941292,0.0274019052500856,0.0250687794271362,0.0122986370855874,0.0249759796285688,0.0109568657732197,0.0388177608194055,0.0204433812052631,0.0132790006437374,0.0207229091162173,0.0373047650772836,0.0627503725483375,0.0145248535417548,0.0324609901801462,0.0198367086303163,0.0374183642941735,0.0757376781561284,0.0173138732603095,0.0553025984975711,0.032972216120302,0.0143923331734361,0.0227550097499455,0.0214800964095086,0.0380352070368149,0.0409844617106409,0.0889779937032597,0.0442215787722368,0.0313590348688953,0.0178075577717427,0.0281285198924607,0.0727329898478833,0.0268424963966761,0.0372003118395914,0.0152326513738045,0.0299846120211478,0.0153224105706122,0.0483013839621153,0.0525922413275084,0.040523985081153,0.0468333588723154,0.0434012425986717,0.0398786521680489,0.0210449336620508,0.0120807055904682,0.0182225269780302,0.0231846945725359,0.0362931865356989,0.0212071378093671,0.023489231283981,0.0249647861873237,0.0447040858751018,0.051309036450644,0.0233472763888805,0.0331765542360582,0.0320124670972916,0.0446003499677045
"SPEECH_178",NA,NA,NA,NA,NA,NA,NA,NA,NA,NA,NA,NA,NA,NA,NA,NA,NA,NA,NA,NA,NA,NA,NA,NA,NA,NA,NA,NA,NA,NA,NA,NA,NA,NA,NA,NA,NA,NA,NA,NA,NA,NA,NA,NA,NA,NA,NA,NA,NA,NA,NA,NA,NA,NA,NA,NA,NA,NA,NA,NA,0.0251072523319798,0.0439435277295969,0.0123051522093994,0.039724856607841,0.0583548918577891,0.0160441245711699,0.0188958996509547,0.0149599086874009,0.0726652023297938,0.0305198238136107,0.0221291612928491,0.0232208821610689,0.0227631796690269,0.015614743693603,0.0416719860677787,0.033984270107862,0.0180961318350077,0.0229370445091093,0.0136019803608067,0.0439080202025151,0.0409210480095643,0.0389240426675221,0.0292139762913332,0.049210358846085,0.0441102593645961,0.0725417102220582,0.0440095837371735,0.0340517405068099,0.035010009449378,0.0215592312163164,0.0297188488196823,0.0354084364736598,0.0108579471042736,0.0370213719579595,0.0758595164319103,0.0276003261857405,0.0183315746266607,0.0118802589925753,0.0516225451560517,0.0174343242690276,0.0337964825842188,0.018728050367416,0.0232043951572141,0.0178230905322647,0.0512140527281408,0.0430378395530507,0.0296304846160168,0.0205249883026493,0.0325395844118681,0.0303029650757751,0.0136911299745909,0.0359907582853732,0.0380168044682816,0.0270439204348822,0.0248257073665144,0.0390745276113612,0.0486142018409351,0.0605981054104412,0.0637001151810438,0.0319076460804208
"SPEECH_160",NA,NA,NA,NA,NA,NA,NA,NA,NA,NA,NA,NA,NA,NA,NA,NA,NA,NA,NA,NA,NA,NA,NA,NA,NA,NA,NA,NA,NA,NA,NA,NA,NA,NA,NA,NA,NA,NA,NA,NA,NA,NA,NA,NA,NA,NA,NA,NA,NA,NA,NA,NA,NA,NA,NA,NA,NA,NA,NA,NA,0.0159537477427676,0.0200570897281952,0.0140965899312619,0.0374699561216082,0.0468724684938964,0.0360773710384878,0.054059301425841,0.0172638611760679,0.034477741156027,0.0138406154073369,0.0620431087423731,0.0378786218021883,0.0164043748679047,0.0202002918806104,0.0516367521863877,0.0162453444083106,0.037067994342759,0.0168111115777123,0.00970692426709179,0.0419823868568434,0.0220421647663377,0.0333054239865428,0.0335022666328876,0.0611710484572951,0.0138727390401122,0.0814012370452549,0.0623372447085031,0.0364784926121291,0.0257835585354503,0.0299601710618157,0.0367069570567629,0.0311986333163236,0.0159252614009164,0.0157765240250636,0.0441099223616181,0.0437315817960416,0.0653080395757444,0.0165761272661263,0.0280137489532921,0.0272460684701365,0.0393965805974845,0.0292938050632538,0.0180018306549921,0.0553291807563431,0.0366165119507607,0.0319036226881173,0.0183421165957456,0.0209320449079339,0.0370294341654804,0.029526456260707,0.0447336165504825,0.0242174850634501,0.0229591719190589,0.0153858192274159,0.0424562811073271,0.0800484141896434,0.0349616519923242,0.0377507608338224,0.0322690787541273,0.0242532724995048
"SPEECH_494",NA,NA,NA,NA,NA,NA,NA,NA,NA,NA,NA,NA,NA,NA,NA,NA,NA,NA,NA,NA,NA,NA,NA,NA,NA,NA,NA,NA,NA,NA,NA,NA,NA,NA,NA,NA,NA,NA,NA,NA,NA,NA,NA,NA,NA,NA,NA,NA,NA,NA,NA,NA,NA,NA,NA,NA,NA,NA,NA,NA,0.0159537477427676,0.0200570897281952,0.0140965899312619,0.0374699561216082,0.0468724684938964,0.0360773710384878,0.054059301425841,0.0172638611760679,0.034477741156027,0.0138406154073369,0.0620431087423731,0.0378786218021883,0.0164043748679047,0.0202002918806104,0.0516367521863877,0.0162453444083106,0.037067994342759,0.0168111115777123,0.00970692426709179,0.0419823868568434,0.0220421647663377,0.0333054239865428,0.0335022666328876,0.0611710484572951,0.0138727390401122,0.0814012370452549,0.0623372447085031,0.0364784926121291,0.0257835585354503,0.0299601710618157,0.0367069570567629,0.0311986333163236,0.0159252614009164,0.0157765240250636,0.0441099223616181,0.0437315817960416,0.0653080395757444,0.0165761272661263,0.0280137489532921,0.0272460684701365,0.0393965805974845,0.0292938050632538,0.0180018306549921,0.0553291807563431,0.0366165119507607,0.0319036226881173,0.0183421165957456,0.0209320449079339,0.0370294341654804,0.029526456260707,0.0447336165504825,0.0242174850634501,0.0229591719190589,0.0153858192274159,0.0424562811073271,0.0800484141896434,0.0349616519923242,0.0377507608338224,0.0322690787541273,0.0242532724995048
"SPEECH_170",NA,NA,NA,NA,NA,NA,NA,NA,NA,NA,NA,NA,NA,NA,NA,NA,NA,NA,NA,NA,NA,NA,NA,NA,NA,NA,NA,NA,NA,NA,NA,NA,NA,NA,NA,NA,NA,NA,NA,NA,NA,NA,NA,NA,NA,NA,NA,NA,NA,NA,NA,NA,NA,NA,NA,NA,NA,NA,NA,NA,0.0234416532171341,0.0217903380938705,0.0147930663735087,0.0155516833893651,0.0415774139928479,0.0579000271548289,0.0231577558358849,0.0195358607843224,0.0913075542094136,0.0405204561390702,0.0217972001223604,0.0138488766375173,0.023622028658361,0.050498297635648,0.0185892435721052,0.0267496352969797,0.0159977186040231,0.0202228476290524,0.0150936559292642,0.0182749512299241,0.0562959448025174,0.0182507036226881,0.0447681418843142,0.0162051350863021,0.0250318421731193,0.0675984060609479,0.0641060784635518,0.0431530978277181,0.0452943421367157,0.0450260434366435,0.065232852114948,0.0127883199923239,0.0110187663404022,0.0601461899217629,0.0691867554084853,0.0554877135158457,0.0240141819007424,0.0178856307389687,0.0587290802398971,0.0222077354385056,0.0296993259955494,0.0301185259711341,0.0247652485494343,0.0214926786620452,0.0716530214174498,0.038581290020198,0.0172646650248911,0.0155147857735646,0.014371982692016,0.0137777092863012,0.0156154209559917,0.0449109002896867,0.0103265487420755,0.0123793252066204,0.0329890096526222,0.0733513292639679,0.027717964471193,0.0483621251163797,0.026716702328012,0.0336942149689854
"SPEECH_212",NA,NA,NA,NA,NA,NA,NA,NA,NA,NA,NA,NA,NA,NA,NA,NA,NA,NA,NA,NA,NA,NA,NA,NA,NA,NA,NA,NA,NA,NA,NA,NA,NA,NA,NA,NA,NA,NA,NA,NA,NA,NA,NA,NA,NA,NA,NA,NA,NA,NA,NA,NA,NA,NA,NA,NA,NA,NA,NA,NA,0.0234416532171341,0.0217903380938705,0.0147930663735087,0.0155516833893651,0.0415774139928479,0.0579000271548289,0.0231577558358849,0.0195358607843224,0.0913075542094136,0.0405204561390702,0.0217972001223604,0.0138488766375173,0.023622028658361,0.050498297635648,0.0185892435721052,0.0267496352969797,0.0159977186040231,0.0202228476290524,0.0150936559292642,0.0182749512299241,0.0562959448025174,0.0182507036226881,0.0447681418843142,0.0162051350863021,0.0250318421731193,0.0675984060609479,0.0641060784635518,0.0431530978277181,0.0452943421367157,0.0450260434366435,0.065232852114948,0.0127883199923239,0.0110187663404022,0.0601461899217629,0.0691867554084853,0.0554877135158457,0.0240141819007424,0.0178856307389687,0.0587290802398971,0.0222077354385056,0.0296993259955494,0.0301185259711341,0.0247652485494343,0.0214926786620452,0.0716530214174498,0.038581290020198,0.0172646650248911,0.0155147857735646,0.014371982692016,0.0137777092863012,0.0156154209559917,0.0449109002896867,0.0103265487420755,0.0123793252066204,0.0329890096526222,0.0733513292639679,0.027717964471193,0.0483621251163797,0.026716702328012,0.0336942149689854
"SPEECH_171",NA,NA,NA,NA,NA,NA,NA,NA,NA,NA,NA,NA,NA,NA,NA,NA,NA,NA,NA,NA,NA,NA,NA,NA,NA,NA,NA,NA,NA,NA,NA,NA,NA,NA,NA,NA,NA,NA,NA,NA,NA,NA,NA,NA,NA,NA,NA,NA,NA,NA,NA,NA,NA,NA,NA,NA,NA,NA,NA,NA,0.0339774609428757,0.0251462123177887,0.0119218859708632,0.049226534043121,0.0267584253928199,0.0503485241619048,0.0304634753325291,0.0191094189417447,0.0598814112217048,0.0151512251552886,0.0233731006890641,0.034505365630628,0.0175096279253859,0.0577695735437498,0.0347366105846684,0.0418343927716205,0.0455893154381152,0.0159423817195827,0.017088646612755,0.0160968057118339,0.0133402001115021,0.0240680978495313,0.0244575821291325,0.0229807580259605,0.0734102266019589,0.0696210320564393,0.0643090168664014,0.0382609970668854,0.0196171744983602,0.0235045206857846,0.0620475213697109,0.0270722272940696,0.0135594113182173,0.0340817613923269,0.0684038848612066,0.0238593190648876,0.0340331442897524,0.0118414460882645,0.033633437070466,0.0485324957768947,0.0319904031490781,0.0246234722142201,0.0608388259613998,0.0150886507023755,0.016264643924919,0.0413144281952327,0.0212942425748335,0.0143209891663,0.0270017794914415,0.0105857466758831,0.0196879739444941,0.0409643178638398,0.0606924648247027,0.0104967606264131,0.0542435561389906,0.0829254585989234,0.0309206801196522,0.0389713335563248,0.0275897308277923,0.0131198929173871
"SPEECH_300",NA,NA,NA,NA,NA,NA,NA,NA,NA,NA,NA,NA,NA,NA,NA,NA,NA,NA,NA,NA,NA,NA,NA,NA,NA,NA,NA,NA,NA,NA,NA,NA,NA,NA,NA,NA,NA,NA,NA,NA,NA,NA,NA,NA,NA,NA,NA,NA,NA,NA,NA,NA,NA,NA,NA,NA,NA,NA,NA,NA,0.0339774609428757,0.0251462123177887,0.0119218859708632,0.049226534043121,0.0267584253928199,0.0503485241619048,0.0304634753325291,0.0191094189417447,0.0598814112217048,0.0151512251552886,0.0233731006890641,0.034505365630628,0.0175096279253859,0.0577695735437498,0.0347366105846684,0.0418343927716205,0.0455893154381152,0.0159423817195827,0.017088646612755,0.0160968057118339,0.0133402001115021,0.0240680978495313,0.0244575821291325,0.0229807580259605,0.0734102266019589,0.0696210320564393,0.0643090168664014,0.0382609970668854,0.0196171744983602,0.0235045206857846,0.0620475213697109,0.0270722272940696,0.0135594113182173,0.0340817613923269,0.0684038848612066,0.0238593190648876,0.0340331442897524,0.0118414460882645,0.033633437070466,0.0485324957768947,0.0319904031490781,0.0246234722142201,0.0608388259613998,0.0150886507023755,0.016264643924919,0.0413144281952327,0.0212942425748335,0.0143209891663,0.0270017794914415,0.0105857466758831,0.0196879739444941,0.0409643178638398,0.0606924648247027,0.0104967606264131,0.0542435561389906,0.0829254585989234,0.0309206801196522,0.0389713335563248,0.0275897308277923,0.0131198929173871
"SPEECH_197",NA,NA,NA,NA,NA,NA,NA,NA,NA,NA,NA,NA,NA,NA,NA,NA,NA,NA,NA,NA,NA,NA,NA,NA,NA,NA,NA,NA,NA,NA,NA,NA,NA,NA,NA,NA,NA,NA,NA,NA,NA,NA,NA,NA,NA,NA,NA,NA,NA,NA,NA,NA,NA,NA,NA,NA,NA,NA,NA,NA,0.0379620109147276,0.0314724117982764,0.0152405872790231,0.0339219058705246,0.0422338539668694,0.0304833949881189,0.0377210434473038,0.0170992527413548,0.0222128112148696,0.0208231888939007,0.0540103769449371,0.0113479041730082,0.0221480971073838,0.0288236006970133,0.0140722599419207,0.0767691549888457,0.108484977709653,0.023307580308507,0.0317161322801729,0.0191778630350095,0.0223191410940937,0.0203828739152206,0.0188221279849732,0.0213705283183776,0.0336403940341448,0.0356473243446624,0.0427858368427811,0.058484095670462,0.026948219130152,0.0405710503637128,0.0450289635589645,0.0254529840375553,0.0128110815856844,0.0208545107694921,0.0552999786670609,0.0388380885886744,0.0494097193743375,0.014207274865669,0.041286916234238,0.0219392953731987,0.0475895800589006,0.0734856649364509,0.0174749972098865,0.0376176520965862,0.0126883284971231,0.0296412559342565,0.0445700825324195,0.0173557461009456,0.0460278925315805,0.0327273896858345,0.021474438173841,0.0184801350827851,0.025815584747826,0.0196189396062464,0.0736667418734435,0.0555790372140557,0.0157101983117894,0.0298768649840875,0.0205008862158717,0.0349697711511954
"SPEECH_668",NA,NA,NA,NA,NA,NA,NA,NA,NA,NA,NA,NA,NA,NA,NA,NA,NA,NA,NA,NA,NA,NA,NA,NA,NA,NA,NA,NA,NA,NA,NA,NA,NA,NA,NA,NA,NA,NA,NA,NA,NA,NA,NA,NA,NA,NA,NA,NA,NA,NA,NA,NA,NA,NA,NA,NA,NA,NA,NA,NA,0.0379620109147276,0.0314724117982764,0.0152405872790231,0.0339219058705246,0.0422338539668694,0.0304833949881189,0.0377210434473038,0.0170992527413548,0.0222128112148696,0.0208231888939007,0.0540103769449371,0.0113479041730082,0.0221480971073838,0.0288236006970133,0.0140722599419207,0.0767691549888457,0.108484977709653,0.023307580308507,0.0317161322801729,0.0191778630350095,0.0223191410940937,0.0203828739152206,0.0188221279849732,0.0213705283183776,0.0336403940341448,0.0356473243446624,0.0427858368427811,0.058484095670462,0.026948219130152,0.0405710503637128,0.0450289635589645,0.0254529840375553,0.0128110815856844,0.0208545107694921,0.0552999786670609,0.0388380885886744,0.0494097193743375,0.014207274865669,0.041286916234238,0.0219392953731987,0.0475895800589006,0.0734856649364509,0.0174749972098865,0.0376176520965862,0.0126883284971231,0.0296412559342565,0.0445700825324195,0.0173557461009456,0.0460278925315805,0.0327273896858345,0.021474438173841,0.0184801350827851,0.025815584747826,0.0196189396062464,0.0736667418734435,0.0555790372140557,0.0157101983117894,0.0298768649840875,0.0205008862158717,0.0349697711511954
"SPEECH_207",NA,NA,NA,NA,NA,NA,NA,NA,NA,NA,NA,NA,NA,NA,NA,NA,NA,NA,NA,NA,NA,NA,NA,NA,NA,NA,NA,NA,NA,NA,NA,NA,NA,NA,NA,NA,NA,NA,NA,NA,NA,NA,NA,NA,NA,NA,NA,NA,NA,NA,NA,NA,NA,NA,NA,NA,NA,NA,NA,NA,0.0219014729472166,0.0471365669848316,0.0224145491822768,0.0189663245288749,0.0347575681425831,0.0456717182248148,0.0393244677861778,0.0183994311048386,0.0157821983142865,0.0235829147547088,0.0335856337910413,0.0764439630201689,0.0232145486692511,0.0376850211750782,0.0210079472896757,0.047583540646091,0.0652122267359116,0.0289838940786477,0.0425098589956999,0.0251370532699674,0.0202376663989563,0.0312635511118158,0.0145108564442051,0.0422232234422864,0.0359907625091952,0.0284869597060227,0.035119310574013,0.0608208868666305,0.01302484537311,0.0290210379316227,0.0256114776650507,0.0469106833280811,0.010441011945906,0.0242321159082172,0.0519968934560484,0.0559819878158914,0.0320451751811584,0.017022002427138,0.03932533258915,0.0196263033470345,0.0278926762894619,0.0196017970822995,0.0153410107050935,0.0375857327554134,0.020907108991822,0.0312740791980711,0.0505154942734133,0.0217245209404031,0.0402967108741226,0.0222176437184067,0.0451873503417746,0.0223268817724505,0.0292360968855151,0.039057114256182,0.0750486420478737,0.0591030228054246,0.023095411949653,0.0605915263578097,0.017637845663055,0.0181663494280786
"SPEECH_509",NA,NA,NA,NA,NA,NA,NA,NA,NA,NA,NA,NA,NA,NA,NA,NA,NA,NA,NA,NA,NA,NA,NA,NA,NA,NA,NA,NA,NA,NA,NA,NA,NA,NA,NA,NA,NA,NA,NA,NA,NA,NA,NA,NA,NA,NA,NA,NA,NA,NA,NA,NA,NA,NA,NA,NA,NA,NA,NA,NA,0.0219014729472166,0.0471365669848316,0.0224145491822768,0.0189663245288749,0.0347575681425831,0.0456717182248148,0.0393244677861778,0.0183994311048386,0.0157821983142865,0.0235829147547088,0.0335856337910413,0.0764439630201689,0.0232145486692511,0.0376850211750782,0.0210079472896757,0.047583540646091,0.0652122267359116,0.0289838940786477,0.0425098589956999,0.0251370532699674,0.0202376663989563,0.0312635511118158,0.0145108564442051,0.0422232234422864,0.0359907625091952,0.0284869597060227,0.035119310574013,0.0608208868666305,0.01302484537311,0.0290210379316227,0.0256114776650507,0.0469106833280811,0.010441011945906,0.0242321159082172,0.0519968934560484,0.0559819878158914,0.0320451751811584,0.017022002427138,0.03932533258915,0.0196263033470345,0.0278926762894619,0.0196017970822995,0.0153410107050935,0.0375857327554134,0.020907108991822,0.0312740791980711,0.0505154942734133,0.0217245209404031,0.0402967108741226,0.0222176437184067,0.0451873503417746,0.0223268817724505,0.0292360968855151,0.039057114256182,0.0750486420478737,0.0591030228054246,0.023095411949653,0.0605915263578097,0.017637845663055,0.0181663494280786
"SPEECH_674",NA,NA,NA,NA,NA,NA,NA,NA,NA,NA,NA,NA,NA,NA,NA,NA,NA,NA,NA,NA,NA,NA,NA,NA,NA,NA,NA,NA,NA,NA,NA,NA,NA,NA,NA,NA,NA,NA,NA,NA,NA,NA,NA,NA,NA,NA,NA,NA,NA,NA,NA,NA,NA,NA,NA,NA,NA,NA,NA,NA,0.0396871586558993,0.0287417833830968,0.0163976014526766,0.0352137190454871,0.0536714598980572,0.0558698878830927,0.0522093291833705,0.0155010987940847,0.023463540865525,0.0168312966267525,0.0286171379056266,0.0521398910479485,0.017411980705447,0.0359213816090361,0.0376832141632511,0.0317881144377489,0.0419442566549876,0.0201917659411433,0.0348111043486319,0.0247635762077638,0.0204319499938728,0.0206344830820392,0.030712852745911,0.0234539257990725,0.0516541916911823,0.0459029817523666,0.0392114620350374,0.0566450432446718,0.022798630279895,0.0256951805663244,0.0283178123522871,0.0224660219209484,0.0258436317430973,0.0306204773566746,0.0559664035641245,0.0315122420425107,0.0362455369563832,0.0169304126297493,0.0384054234325098,0.0441179095537564,0.037254908165835,0.0508220764445466,0.0201460369229722,0.0399781328179188,0.0231158717715913,0.0345749341189701,0.0362901153478978,0.0156491519352727,0.0236948428104465,0.0275606831923275,0.0183012807161786,0.0218998871689301,0.0432673652184986,0.0275643335942375,0.0251588647085243,0.0547903028830823,0.0449064600337305,0.0435292414551753,0.025994086498656,0.0550755526431668
"SPEECH_202",NA,NA,NA,NA,NA,NA,NA,NA,NA,NA,NA,NA,NA,NA,NA,NA,NA,NA,NA,NA,NA,NA,NA,NA,NA,NA,NA,NA,NA,NA,NA,NA,NA,NA,NA,NA,NA,NA,NA,NA,NA,NA,NA,NA,NA,NA,NA,NA,NA,NA,NA,NA,NA,NA,NA,NA,NA,NA,NA,NA,0.0519503581094409,0.0216935445645822,0.0254632479838934,0.0274033952787444,0.0531903587978033,0.0397210260677715,0.0422668499658395,0.0398784818527047,0.0241794481048608,0.0254330791542718,0.0336550715132447,0.0183156992637231,0.0287379131768056,0.0373025347829293,0.0403950003088782,0.0416761165902023,0.0636793031591496,0.0213224890721909,0.0293564372534639,0.0223883996970604,0.0321576007729893,0.0283581188519938,0.0236162346758888,0.012362365097979,0.0202354520574406,0.039084443034667,0.0598860728874069,0.0452512496014542,0.021132946769059,0.0299067615535609,0.0187028928524427,0.0358344806553483,0.0103334497141429,0.0659545063194304,0.0451819348691,0.0403047662746483,0.0159556818670329,0.0187620296967982,0.0328227932321685,0.024476938332201,0.0196782211827698,0.0394496879319182,0.0205536493051162,0.0201590300903896,0.0183569492616004,0.0140205911522487,0.0159670722160192,0.0208643641123574,0.0330216662297638,0.0454271995837165,0.0415295246931721,0.0375035738502475,0.0768234385698148,0.0349870199423633,0.0250942641266975,0.0781078563563493,0.0652521836813866,0.0438634058512895,0.0257879749017625,0.0152228531477037
"SPEECH_517",NA,NA,NA,NA,NA,NA,NA,NA,NA,NA,NA,NA,NA,NA,NA,NA,NA,NA,NA,NA,NA,NA,NA,NA,NA,NA,NA,NA,NA,NA,NA,NA,NA,NA,NA,NA,NA,NA,NA,NA,NA,NA,NA,NA,NA,NA,NA,NA,NA,NA,NA,NA,NA,NA,NA,NA,NA,NA,NA,NA,0.0519503581094409,0.0216935445645822,0.0254632479838934,0.0274033952787444,0.0531903587978033,0.0397210260677715,0.0422668499658395,0.0398784818527047,0.0241794481048608,0.0254330791542718,0.0336550715132447,0.0183156992637231,0.0287379131768056,0.0373025347829293,0.0403950003088782,0.0416761165902023,0.0636793031591496,0.0213224890721909,0.0293564372534639,0.0223883996970604,0.0321576007729893,0.0283581188519938,0.0236162346758888,0.012362365097979,0.0202354520574406,0.039084443034667,0.0598860728874069,0.0452512496014542,0.021132946769059,0.0299067615535609,0.0187028928524427,0.0358344806553483,0.0103334497141429,0.0659545063194304,0.0451819348691,0.0403047662746483,0.0159556818670329,0.0187620296967982,0.0328227932321685,0.024476938332201,0.0196782211827698,0.0394496879319182,0.0205536493051162,0.0201590300903896,0.0183569492616004,0.0140205911522487,0.0159670722160192,0.0208643641123574,0.0330216662297638,0.0454271995837165,0.0415295246931721,0.0375035738502475,0.0768234385698148,0.0349870199423633,0.0250942641266975,0.0781078563563493,0.0652521836813866,0.0438634058512895,0.0257879749017625,0.0152228531477037
"SPEECH_672",NA,NA,NA,NA,NA,NA,NA,NA,NA,NA,NA,NA,NA,NA,NA,NA,NA,NA,NA,NA,NA,NA,NA,NA,NA,NA,NA,NA,NA,NA,NA,NA,NA,NA,NA,NA,NA,NA,NA,NA,NA,NA,NA,NA,NA,NA,NA,NA,NA,NA,NA,NA,NA,NA,NA,NA,NA,NA,NA,NA,0.0519503581094409,0.0216935445645822,0.0254632479838934,0.0274033952787444,0.0531903587978033,0.0397210260677715,0.0422668499658395,0.0398784818527047,0.0241794481048608,0.0254330791542718,0.0336550715132447,0.0183156992637231,0.0287379131768056,0.0373025347829293,0.0403950003088782,0.0416761165902023,0.0636793031591496,0.0213224890721909,0.0293564372534639,0.0223883996970604,0.0321576007729893,0.0283581188519938,0.0236162346758888,0.012362365097979,0.0202354520574406,0.039084443034667,0.0598860728874069,0.0452512496014542,0.021132946769059,0.0299067615535609,0.0187028928524427,0.0358344806553483,0.0103334497141429,0.0659545063194304,0.0451819348691,0.0403047662746483,0.0159556818670329,0.0187620296967982,0.0328227932321685,0.024476938332201,0.0196782211827698,0.0394496879319182,0.0205536493051162,0.0201590300903896,0.0183569492616004,0.0140205911522487,0.0159670722160192,0.0208643641123574,0.0330216662297638,0.0454271995837165,0.0415295246931721,0.0375035738502475,0.0768234385698148,0.0349870199423633,0.0250942641266975,0.0781078563563493,0.0652521836813866,0.0438634058512895,0.0257879749017625,0.0152228531477037
"SPEECH_515",NA,NA,NA,NA,NA,NA,NA,NA,NA,NA,NA,NA,NA,NA,NA,NA,NA,NA,NA,NA,NA,NA,NA,NA,NA,NA,NA,NA,NA,NA,NA,NA,NA,NA,NA,NA,NA,NA,NA,NA,NA,NA,NA,NA,NA,NA,NA,NA,NA,NA,NA,NA,NA,NA,NA,NA,NA,NA,NA,NA,0.0343931358040141,0.0326642377233764,0.0136976737793845,0.0404038660194422,0.0430962652279678,0.0634230391393246,0.0389314040182511,0.0147122173746841,0.0503592699870068,0.0227746732021585,0.0249408959793582,0.0345019710596423,0.0136588024411082,0.0597068682457942,0.0178340072502365,0.032526436794633,0.0389929454075159,0.0209907468560723,0.030693210076691,0.0238960243543478,0.0282881753781737,0.0243447140429046,0.0396048868810087,0.0235951527595032,0.0447553078543081,0.0569300598015513,0.0253063220136406,0.066469618740241,0.0156230941078564,0.0228849776798029,0.0212211602631368,0.0410501887132179,0.0189120943572041,0.0417122172106771,0.0508285547083295,0.043471859259531,0.0309694348008419,0.0175451903571566,0.0487075781601226,0.015468665578234,0.0270758344738631,0.0297755666133466,0.0195468300707512,0.038837645946787,0.0694566890623542,0.031504728788476,0.0329006519794589,0.0233087963871026,0.0239734623171587,0.0358232191240278,0.0394491339762919,0.0170506855493176,0.0206017549830566,0.0190643317419427,0.0587699895387768,0.0492689005965743,0.0294120408018632,0.0309087459160683,0.0484988535531679,0.0248851951711632
"SPEECH_354",NA,NA,NA,NA,NA,NA,NA,NA,NA,NA,NA,NA,NA,NA,NA,NA,NA,NA,NA,NA,NA,NA,NA,NA,NA,NA,NA,NA,NA,NA,NA,NA,NA,NA,NA,NA,NA,NA,NA,NA,NA,NA,NA,NA,NA,NA,NA,NA,NA,NA,NA,NA,NA,NA,NA,NA,NA,NA,NA,NA,0.0331407229466461,0.0215053465381358,0.0219960075999966,0.029026585040382,0.0603200618271468,0.0328647415443115,0.0305967248929539,0.0208595586452888,0.0582658891987053,0.0169366807395954,0.037999532840249,0.0807215008888671,0.0276241542857433,0.0138817459124951,0.0252768262043635,0.0413281019923051,0.0482422434122866,0.0230502314844463,0.0512776160444154,0.0386335790943709,0.0451323074996027,0.0186884735732762,0.0149712788927396,0.0179575196811789,0.0401166092900041,0.0726297156324381,0.0236211119777816,0.0160085389297893,0.0199772545527223,0.017349338837763,0.0189204305498296,0.0333941153025877,0.0137598500032877,0.0561412919507735,0.0532513735592573,0.0286364360685024,0.0271540710194531,0.0174949896271944,0.0406650929779473,0.0208147548882991,0.023792743803714,0.0183563493883426,0.0270539447678052,0.0460428389476279,0.05038950234864,0.0333877088052678,0.0195946999796937,0.0186888219920756,0.0190323961523857,0.0328644383701659,0.0410945623719062,0.0317645341051304,0.0236031372314071,0.0166059832848324,0.0706142561265102,0.0726191198080697,0.0366782361327709,0.0541443348741168,0.0361026405168077,0.0173373450455982
"SPEECH_185",NA,NA,NA,NA,NA,NA,NA,NA,NA,NA,NA,NA,NA,NA,NA,NA,NA,NA,NA,NA,NA,NA,NA,NA,NA,NA,NA,NA,NA,NA,NA,NA,NA,NA,NA,NA,NA,NA,NA,NA,NA,NA,NA,NA,NA,NA,NA,NA,NA,NA,NA,NA,NA,NA,NA,NA,NA,NA,NA,NA,0.0278219588294737,0.041585400501031,0.0139994474299344,0.0305925397199959,0.0484038836119028,0.0329266563472259,0.0179968228330197,0.0150798029078663,0.0286952100187193,0.0217962782052193,0.0312076057379245,0.0213505898925657,0.0166360640662992,0.0479387824574153,0.0315782218894216,0.0548524221195238,0.0563034904606755,0.0171388269171918,0.058318862750804,0.0150355563207615,0.0150601551242501,0.0786085640688921,0.0180635893551673,0.0179525558573746,0.0845258547604708,0.0494864109518842,0.0367140935391734,0.022313841461346,0.0344050426329673,0.0136114692315028,0.0221683767663887,0.032153027676928,0.0106688831637576,0.0476062469922198,0.0622085019876043,0.0278938043650929,0.0207967686039021,0.019963212896235,0.0739168419047465,0.0290869318640806,0.0224192914814364,0.0258538824265308,0.0163900696789566,0.0420877107221994,0.0367488127078675,0.0244393506549495,0.015836636271384,0.0233141216873711,0.0202645585190619,0.0466738712544342,0.0313655494246516,0.0319672300877338,0.025362885494833,0.0425163188493535,0.0631856694267392,0.0691378144037267,0.021627873828948,0.0469411434888644,0.0311973288368218,0.0162072845331811
"SPEECH_313",NA,NA,NA,NA,NA,NA,NA,NA,NA,NA,NA,NA,NA,NA,NA,NA,NA,NA,NA,NA,NA,NA,NA,NA,NA,NA,NA,NA,NA,NA,NA,NA,NA,NA,NA,NA,NA,NA,NA,NA,NA,NA,NA,NA,NA,NA,NA,NA,NA,NA,NA,NA,NA,NA,NA,NA,NA,NA,NA,NA,0.0278219588294737,0.041585400501031,0.0139994474299344,0.0305925397199959,0.0484038836119028,0.0329266563472259,0.0179968228330197,0.0150798029078663,0.0286952100187193,0.0217962782052193,0.0312076057379245,0.0213505898925657,0.0166360640662992,0.0479387824574153,0.0315782218894216,0.0548524221195238,0.0563034904606755,0.0171388269171918,0.058318862750804,0.0150355563207615,0.0150601551242501,0.0786085640688921,0.0180635893551673,0.0179525558573746,0.0845258547604708,0.0494864109518842,0.0367140935391734,0.022313841461346,0.0344050426329673,0.0136114692315028,0.0221683767663887,0.032153027676928,0.0106688831637576,0.0476062469922198,0.0622085019876043,0.0278938043650929,0.0207967686039021,0.019963212896235,0.0739168419047465,0.0290869318640806,0.0224192914814364,0.0258538824265308,0.0163900696789566,0.0420877107221994,0.0367488127078675,0.0244393506549495,0.015836636271384,0.0233141216873711,0.0202645585190619,0.0466738712544342,0.0313655494246516,0.0319672300877338,0.025362885494833,0.0425163188493535,0.0631856694267392,0.0691378144037267,0.021627873828948,0.0469411434888644,0.0311973288368218,0.0162072845331811
"SPEECH_195",NA,NA,NA,NA,NA,NA,NA,NA,NA,NA,NA,NA,NA,NA,NA,NA,NA,NA,NA,NA,NA,NA,NA,NA,NA,NA,NA,NA,NA,NA,NA,NA,NA,NA,NA,NA,NA,NA,NA,NA,NA,NA,NA,NA,NA,NA,NA,NA,NA,NA,NA,NA,NA,NA,NA,NA,NA,NA,NA,NA,0.0221683767663887,0.032153027676928,0.0106688831637576,0.0476062469922198,0.0622085019876043,0.0278938043650929,0.0207967686039021,0.019963212896235,0.0739168419047465,0.0290869318640806,0.0224192914814364,0.0258538824265308,0.0163900696789566,0.0420877107221994,0.0367488127078675,0.0244393506549495,0.015836636271384,0.0233141216873711,0.0202645585190619,0.0466738712544342,0.0313655494246516,0.0319672300877338,0.025362885494833,0.0425163188493535,0.0631856694267392,0.0691378144037267,0.021627873828948,0.0469411434888644,0.0311973288368218,0.0162072845331811,0.0532981313586391,0.0474016371972272,0.0171277863019314,0.0267927774907339,0.0488208295872612,0.0289130907544183,0.0232095220008799,0.0138707213307464,0.0280481471412196,0.0214484048634837,0.0356814658816614,0.0404046164873867,0.0268854401519638,0.0494661421451683,0.0318485676555657,0.0340150579508825,0.0211194872993355,0.0150486539593682,0.0593714904407796,0.0359148951122759,0.0190616040498818,0.0262843105044661,0.0241128104824971,0.0129973508202984,0.0559104886634089,0.0827955696764444,0.0516373043698797,0.0230319156004371,0.0269604413036162,0.018521339418142
"SPEECH_162",NA,NA,NA,NA,NA,NA,NA,NA,NA,NA,NA,NA,NA,NA,NA,NA,NA,NA,NA,NA,NA,NA,NA,NA,NA,NA,NA,NA,NA,NA,NA,NA,NA,NA,NA,NA,NA,NA,NA,NA,NA,NA,NA,NA,NA,NA,NA,NA,NA,NA,NA,NA,NA,NA,NA,NA,NA,NA,NA,NA,0.0195243447293091,0.0308791681095645,0.0141969277609168,0.0455234666879602,0.0374102107517421,0.022663612363017,0.0187521156654592,0.0125679726633232,0.0306571666324182,0.0266922725073906,0.0390228733577082,0.0166916550961945,0.0150895048560944,0.0909440859807237,0.01870969879161,0.0412931428748825,0.0766800621192525,0.0186693575638666,0.0593634213969977,0.0310973600577142,0.0277786714534003,0.0204071005806386,0.0185673172469675,0.0129057035121769,0.0957166274847079,0.0519514550721341,0.0451835401187717,0.0266274354407948,0.018004699041604,0.016429030082659,0.036522353044506,0.0393408264575459,0.019554628865216,0.0317561016291734,0.0620970207585194,0.0579449553542824,0.0332873984293738,0.0145593760406765,0.0229717947634636,0.0195509822278802,0.0168846329608301,0.0553181808071296,0.0184464936617464,0.0395770197119657,0.0402976376133003,0.0342550614163789,0.0647157775118242,0.0169189609811973,0.0412672973449115,0.0209371047936685,0.0178308528529227,0.0386641915315959,0.0170913412608515,0.0221121970947298,0.0296644961033439,0.0542237673922821,0.0364956733581599,0.0236799149180274,0.0230745802616285,0.0509593808528687
"SPEECH_367",NA,NA,NA,NA,NA,NA,NA,NA,NA,NA,NA,NA,NA,NA,NA,NA,NA,NA,NA,NA,NA,NA,NA,NA,NA,NA,NA,NA,NA,NA,NA,NA,NA,NA,NA,NA,NA,NA,NA,NA,NA,NA,NA,NA,NA,NA,NA,NA,NA,NA,NA,NA,NA,NA,NA,NA,NA,NA,NA,NA,0.0195243447293091,0.0308791681095645,0.0141969277609168,0.0455234666879602,0.0374102107517421,0.022663612363017,0.0187521156654592,0.0125679726633232,0.0306571666324182,0.0266922725073906,0.0390228733577082,0.0166916550961945,0.0150895048560944,0.0909440859807237,0.01870969879161,0.0412931428748825,0.0766800621192525,0.0186693575638666,0.0593634213969977,0.0310973600577142,0.0277786714534003,0.0204071005806386,0.0185673172469675,0.0129057035121769,0.0957166274847079,0.0519514550721341,0.0451835401187717,0.0266274354407948,0.018004699041604,0.016429030082659,0.036522353044506,0.0393408264575459,0.019554628865216,0.0317561016291734,0.0620970207585194,0.0579449553542824,0.0332873984293738,0.0145593760406765,0.0229717947634636,0.0195509822278802,0.0168846329608301,0.0553181808071296,0.0184464936617464,0.0395770197119657,0.0402976376133003,0.0342550614163789,0.0647157775118242,0.0169189609811973,0.0412672973449115,0.0209371047936685,0.0178308528529227,0.0386641915315959,0.0170913412608515,0.0221121970947298,0.0296644961033439,0.0542237673922821,0.0364956733581599,0.0236799149180274,0.0230745802616285,0.0509593808528687
"SPEECH_489",NA,NA,NA,NA,NA,NA,NA,NA,NA,NA,NA,NA,NA,NA,NA,NA,NA,NA,NA,NA,NA,NA,NA,NA,NA,NA,NA,NA,NA,NA,NA,NA,NA,NA,NA,NA,NA,NA,NA,NA,NA,NA,NA,NA,NA,NA,NA,NA,NA,NA,NA,NA,NA,NA,NA,NA,NA,NA,NA,NA,0.0195243447293091,0.0308791681095645,0.0141969277609168,0.0455234666879602,0.0374102107517421,0.022663612363017,0.0187521156654592,0.0125679726633232,0.0306571666324182,0.0266922725073906,0.0390228733577082,0.0166916550961945,0.0150895048560944,0.0909440859807237,0.01870969879161,0.0412931428748825,0.0766800621192525,0.0186693575638666,0.0593634213969977,0.0310973600577142,0.0277786714534003,0.0204071005806386,0.0185673172469675,0.0129057035121769,0.0957166274847079,0.0519514550721341,0.0451835401187717,0.0266274354407948,0.018004699041604,0.016429030082659,0.036522353044506,0.0393408264575459,0.019554628865216,0.0317561016291734,0.0620970207585194,0.0579449553542824,0.0332873984293738,0.0145593760406765,0.0229717947634636,0.0195509822278802,0.0168846329608301,0.0553181808071296,0.0184464936617464,0.0395770197119657,0.0402976376133003,0.0342550614163789,0.0647157775118242,0.0169189609811973,0.0412672973449115,0.0209371047936685,0.0178308528529227,0.0386641915315959,0.0170913412608515,0.0221121970947298,0.0296644961033439,0.0542237673922821,0.0364956733581599,0.0236799149180274,0.0230745802616285,0.0509593808528687
"SPEECH_364",NA,NA,NA,NA,NA,NA,NA,NA,NA,NA,NA,NA,NA,NA,NA,NA,NA,NA,NA,NA,NA,NA,NA,NA,NA,NA,NA,NA,NA,NA,NA,NA,NA,NA,NA,NA,NA,NA,NA,NA,NA,NA,NA,NA,NA,NA,NA,NA,NA,NA,NA,NA,NA,NA,NA,NA,NA,NA,NA,NA,0.0532981313586391,0.0474016371972272,0.0171277863019314,0.0267927774907339,0.0488208295872612,0.0289130907544183,0.0232095220008799,0.0138707213307464,0.0280481471412196,0.0214484048634837,0.0356814658816614,0.0404046164873867,0.0268854401519638,0.0494661421451683,0.0318485676555657,0.0340150579508825,0.0211194872993355,0.0150486539593682,0.0593714904407796,0.0359148951122759,0.0190616040498818,0.0262843105044661,0.0241128104824971,0.0129973508202984,0.0559104886634089,0.0827955696764444,0.0516373043698797,0.0230319156004371,0.0269604413036162,0.018521339418142,0.0249772152638438,0.0346925987119085,0.0193991462382712,0.0219479971756304,0.0735867920124543,0.0313779338408828,0.0448300236452968,0.0195298282840944,0.0367212829749777,0.0519070015247922,0.024909627168111,0.0354093826896303,0.0187939963828464,0.0489544275438192,0.0434745656644505,0.0324659315721124,0.018889608463781,0.0191216320208747,0.0182312959433465,0.038623012426669,0.0161391415754773,0.0197138446216606,0.046062955539095,0.024371702658499,0.0259951041127625,0.0861211426538314,0.0348358235887725,0.0408231033820601,0.0225171332359447,0.0255767490841036
"SPEECH_297",NA,NA,NA,NA,NA,NA,NA,NA,NA,NA,NA,NA,NA,NA,NA,NA,NA,NA,NA,NA,NA,NA,NA,NA,NA,NA,NA,NA,NA,NA,NA,NA,NA,NA,NA,NA,NA,NA,NA,NA,NA,NA,NA,NA,NA,NA,NA,NA,NA,NA,NA,NA,NA,NA,NA,NA,NA,NA,NA,NA,0.036522353044506,0.0393408264575459,0.019554628865216,0.0317561016291734,0.0620970207585194,0.0579449553542824,0.0332873984293738,0.0145593760406765,0.0229717947634636,0.0195509822278802,0.0168846329608301,0.0553181808071296,0.0184464936617464,0.0395770197119657,0.0402976376133003,0.0342550614163789,0.0647157775118242,0.0169189609811973,0.0412672973449115,0.0209371047936685,0.0178308528529227,0.0386641915315959,0.0170913412608515,0.0221121970947298,0.0296644961033439,0.0542237673922821,0.0364956733581599,0.0236799149180274,0.0230745802616285,0.0509593808528687,0.0447348559161681,0.0666718974954561,0.013256706465007,0.0235633663162314,0.0561453901011655,0.0129859819017255,0.0178796058924933,0.01020564458043,0.0197690822919004,0.0124509423971196,0.0376560183330462,0.04061642709519,0.0151813988197054,0.0264573696736261,0.0631891174302943,0.0786692082920545,0.0535321710778198,0.0149757150491602,0.0925709726098918,0.0204929060789436,0.0140331624784469,0.0184872237671127,0.0136072476555955,0.0162582952685922,0.0446268562821157,0.0773365533007923,0.024933506155758,0.02188174699281,0.0326266392204511,0.0152039910608968
"SPEECH_709",NA,NA,NA,NA,NA,NA,NA,NA,NA,NA,NA,NA,NA,NA,NA,NA,NA,NA,NA,NA,NA,NA,NA,NA,NA,NA,NA,NA,NA,NA,NA,NA,NA,NA,NA,NA,NA,NA,NA,NA,NA,NA,NA,NA,NA,NA,NA,NA,NA,NA,NA,NA,NA,NA,NA,NA,NA,NA,NA,NA,0.0330393035934169,0.0286598254078349,0.0144661819204337,0.0991414135814758,0.0307193235142352,0.0263262657713043,0.020879788901527,0.0196932035931643,0.0296897637277836,0.0615792831682384,0.0318047248242712,0.0301301755989139,0.0198949729497938,0.0429640233717338,0.0208012152899078,0.0440821861885974,0.0249210629896181,0.0172256767686458,0.0259511350296556,0.0165642620572903,0.0231231016859318,0.0168015961900319,0.0266110515344546,0.0302571518491486,0.0939912907961132,0.0521074351334896,0.0336812320181829,0.0259372793107665,0.0208403021257803,0.038115771108259,0.0410074260672883,0.0380733094851235,0.0168502075366682,0.0608989267996623,0.0959673460252267,0.0253037250263841,0.0364461412250708,0.0100386379372732,0.0352635051801629,0.0186738304044153,0.0191512787291004,0.0140653643920692,0.0416774731756165,0.0329323782970511,0.0635883715110842,0.0225733721994169,0.0161525769359909,0.0326647162336371,0.0247872839212759,0.0262027413796226,0.0346993632718117,0.0159822978210283,0.0185608669497454,0.0144670290269369,0.0350437069434873,0.0611786574802576,0.0425100796289586,0.0546408710478348,0.0218132095016247,0.0287853058661745
"SPEECH_570",NA,NA,NA,NA,NA,NA,NA,NA,NA,NA,NA,NA,NA,NA,NA,NA,NA,NA,NA,NA,NA,NA,NA,NA,NA,NA,NA,NA,NA,NA,NA,NA,NA,NA,NA,NA,NA,NA,NA,NA,NA,NA,NA,NA,NA,NA,NA,NA,NA,NA,NA,NA,NA,NA,NA,NA,NA,NA,NA,NA,0.0221884027472192,0.0420182094592309,0.0228637099220256,0.0369998410787547,0.051794146656496,0.030295037321336,0.0218299469584768,0.0200374962146683,0.0246762873255293,0.0247352829711903,0.0230391477028516,0.0743994152809238,0.0158096503950297,0.0278951924379045,0.0374333939776857,0.0546352087279437,0.0432238836939743,0.0166992326558879,0.0213352679651702,0.031816450738564,0.0129734283713264,0.022436897420691,0.0127471097049839,0.0675764962619271,0.0446851368788826,0.0410220802903143,0.0653644051785839,0.0265242183895319,0.030488048250262,0.0324569750226344,0.0183153118172673,0.0439062937023399,0.0180589137668287,0.0455475185992801,0.0605435165045673,0.0321685476936969,0.0286854749987734,0.0160575951365475,0.03488828230757,0.0221343375021564,0.04486695512956,0.0234124960637713,0.0123819911553321,0.0365948416996746,0.0344447358830747,0.0522870220614279,0.0246578993696806,0.0191125939783347,0.0191547900861741,0.0402739238582418,0.0353011687705782,0.0351934827644223,0.0233100065870593,0.0178057977515995,0.072930702524875,0.0458179270883576,0.0288477444533908,0.0349950391542026,0.0264642788358898,0.0518408107553257
"SPEECH_495",NA,NA,NA,NA,NA,NA,NA,NA,NA,NA,NA,NA,NA,NA,NA,NA,NA,NA,NA,NA,NA,NA,NA,NA,NA,NA,NA,NA,NA,NA,NA,NA,NA,NA,NA,NA,NA,NA,NA,NA,NA,NA,NA,NA,NA,NA,NA,NA,NA,NA,NA,NA,NA,NA,NA,NA,NA,NA,NA,NA,0.0277725169801889,0.0518787377719744,0.0197902211497897,0.0463125907215732,0.0387986002381898,0.0380832885686544,0.0125370970671234,0.0120967288057438,0.0150190733360523,0.0104306277691943,0.0310493468639303,0.004398272428146,0.0105478649013488,0.0215261404569197,0.0722011056755408,0.12780624469022,0.127448867860816,0.0121808282992837,0.0358242547771467,0.00876950153416534,0.0253714985891387,0.0161247625413058,0.00797126783851317,0.0230916601093054,0.0305800273157761,0.00831226254130584,0.0154552838348803,0.039682127323143,0.0886332440611686,0.0203059559494616,0.0219311165236213,0.0296325354032331,0.0214158587968351,0.0375874349705595,0.0429825713402902,0.0427336191882762,0.038871584854451,0.0205976242823631,0.0242328978444849,0.0382793422759025,0.0260987145542606,0.0237514975022503,0.0205532829104822,0.0470675090693613,0.0436333177448923,0.0411518232947647,0.035330538133739,0.0209862240640102,0.0187464949890733,0.016163401780494,0.0310280283910236,0.022755191423916,0.0353548760961077,0.0328529437042962,0.0828373963148326,0.0427170944723576,0.0618199516619327,0.023027434303481,0.0379492933233021,0.0179104007854058
"SPEECH_670",NA,NA,NA,NA,NA,NA,NA,NA,NA,NA,NA,NA,NA,NA,NA,NA,NA,NA,NA,NA,NA,NA,NA,NA,NA,NA,NA,NA,NA,NA,NA,NA,NA,NA,NA,NA,NA,NA,NA,NA,NA,NA,NA,NA,NA,NA,NA,NA,NA,NA,NA,NA,NA,NA,NA,NA,NA,NA,NA,NA,0.0219311165236213,0.0296325354032331,0.0214158587968351,0.0375874349705595,0.0429825713402902,0.0427336191882762,0.038871584854451,0.0205976242823631,0.0242328978444849,0.0382793422759025,0.0260987145542606,0.0237514975022503,0.0205532829104822,0.0470675090693613,0.0436333177448923,0.0411518232947647,0.035330538133739,0.0209862240640102,0.0187464949890733,0.016163401780494,0.0310280283910236,0.022755191423916,0.0353548760961077,0.0328529437042962,0.0828373963148326,0.0427170944723576,0.0618199516619327,0.023027434303481,0.0379492933233021,0.0179104007854058,0.0213784681686776,0.0420192068449529,0.0188488998114339,0.0663017340709676,0.0593327141350793,0.0538584033373707,0.0226794261815455,0.0179716665797988,0.0241078755460134,0.0166720411688731,0.0401152168680415,0.0125981462151918,0.0217337022133936,0.0545909727393943,0.0607298949141996,0.0380851141295121,0.0182624301609919,0.0226681363215204,0.0132853088976182,0.0261258097792513,0.0209267851877361,0.0163699331021604,0.0166379668340834,0.0298538401854655,0.0551473704409181,0.0500839559677047,0.0529501372206748,0.0275276663839815,0.0517820977158691,0.027355078877579
"SPEECH_663",NA,NA,NA,NA,NA,NA,NA,NA,NA,NA,NA,NA,NA,NA,NA,NA,NA,NA,NA,NA,NA,NA,NA,NA,NA,NA,NA,NA,NA,NA,NA,NA,NA,NA,NA,NA,NA,NA,NA,NA,NA,NA,NA,NA,NA,NA,NA,NA,NA,NA,NA,NA,NA,NA,NA,NA,NA,NA,NA,NA,0.0880415969753878,0.0479797765856986,0.00794914879296631,0.0588011688024396,0.0168780617630535,0.0410411566848217,0.0711751308142209,0.0161458701044417,0.0119342276922656,0.0119728654358213,0.042192073657317,0.0343054812110601,0.0117414240682763,0.0150050939350723,0.00824913685505883,0.0438659479960789,0.0913798466727683,0.0273754617381508,0.0100633136978289,0.0126389493272198,0.00607233002708921,0.0189922266679161,0.0710280249865966,0.00653970552305792,0.0587785766334502,0.0116787821451692,0.0166925749210665,0.0594867641125107,0.0105066850142463,0.0714885971589492,0.0353987964857084,0.0295290649864533,0.0137188791425218,0.0251424273732778,0.0633822928523846,0.0233579721016632,0.0380006079719413,0.0194177903925681,0.0242573577141322,0.0355845812494954,0.0316297757034637,0.0177524970950985,0.0242000967537789,0.0357569704798277,0.0855534951083082,0.0576032491463943,0.0244109414243857,0.0198406105942502,0.0239021264003411,0.0329053693432446,0.0162439032826093,0.0198157722551715,0.0492560324212142,0.0238908167942141,0.0339302283748242,0.0766900582262083,0.045687823117763,0.0212713208078781,0.0295770910720533,0.022292051328825
"SPEECH_158",NA,NA,NA,NA,NA,NA,NA,NA,NA,NA,NA,NA,NA,NA,NA,NA,NA,NA,NA,NA,NA,NA,NA,NA,NA,NA,NA,NA,NA,NA,NA,NA,NA,NA,NA,NA,NA,NA,NA,NA,NA,NA,NA,NA,NA,NA,NA,NA,NA,NA,NA,NA,NA,NA,NA,NA,NA,NA,NA,NA,0.0345765725370625,0.0467752777215633,0.0180846164139123,0.0193802064276057,0.0340193350071179,0.0381253216037004,0.0307334947062439,0.0169846887793465,0.0295102817941271,0.0138624120184022,0.0471914247587387,0.0183700741126184,0.0158982088635422,0.0378017743682754,0.0324257080309746,0.0842499107986039,0.091025781916608,0.0236017819693921,0.0334965464975704,0.0182673055525832,0.0114128141999694,0.0334075975637702,0.0173063325172529,0.0123931343221682,0.0423348628507294,0.0522602884630579,0.0614550594037415,0.03310415742292,0.0246286467747474,0.0273163826036547,0.034984641924043,0.0506287551608896,0.0149604523254598,0.0284976048497376,0.0650045172189299,0.0238258427163039,0.0454016713616985,0.0172297855012972,0.0425572770556131,0.0226755674528062,0.0226273255071588,0.016115953454255,0.0224014678664705,0.0340646095454446,0.0389069684382454,0.0619118272315682,0.0387558287090402,0.0106306988899173,0.0359007446351565,0.029622121533441,0.0141675995451233,0.0286111555711859,0.0241039486739437,0.0264299739845385,0.0239259067720459,0.061265879861608,0.0181963145870299,0.0953483785037721,0.0325253030124887,0.0187218781107879
"SPEECH_216",NA,NA,NA,NA,NA,NA,NA,NA,NA,NA,NA,NA,NA,NA,NA,NA,NA,NA,NA,NA,NA,NA,NA,NA,NA,NA,NA,NA,NA,NA,NA,NA,NA,NA,NA,NA,NA,NA,NA,NA,NA,NA,NA,NA,NA,NA,NA,NA,NA,NA,NA,NA,NA,NA,NA,NA,NA,NA,NA,NA,0.00871459694989107,0.0185185185185185,0.0119825708061002,0.0413943355119826,0.0119825708061002,0.0413943355119826,0.00871459694989107,0.0185185185185185,0.0446623093681917,0.0250544662309368,0.028322440087146,0.00544662309368192,0.0185185185185185,0.00544662309368192,0.00544662309368192,0.0348583877995643,0.0217864923747277,0.0119825708061002,0.0446623093681917,0.0152505446623094,0.0119825708061002,0.123093681917211,0.0642701525054466,0.05119825708061,0.0250544662309368,0.05119825708061,0.0119825708061002,0.191721132897603,0.0185185185185185,0.028322440087146,0.0317196522361839,0.0202406190134643,0.0209606134184651,0.0307129353998892,0.0543548642446638,0.0237878471055809,0.0150671137464478,0.0160880805237282,0.0583156739988016,0.0292911331746003,0.0228392826541405,0.0146283765763598,0.0217068946732884,0.0224005454840526,0.020835992045568,0.026937137261333,0.0335152973010087,0.0243405270591413,0.0948729719546408,0.0320284624306583,0.0228656262483771,0.0504379462948167,0.0195490216411846,0.0468369812425665,0.0153068305237282,0.0946802182730632,0.0274930232742889,0.0536118351540724,0.0313775046984375,0.0231969923474483
"SPEECH_362",NA,NA,NA,NA,NA,NA,NA,NA,NA,NA,NA,NA,NA,NA,NA,NA,NA,NA,NA,NA,NA,NA,NA,NA,NA,NA,NA,NA,NA,NA,NA,NA,NA,NA,NA,NA,NA,NA,NA,NA,NA,NA,NA,NA,NA,NA,NA,NA,NA,NA,NA,NA,NA,NA,NA,NA,NA,NA,NA,NA,0.0317196522361839,0.0202406190134643,0.0209606134184651,0.0307129353998892,0.0543548642446638,0.0237878471055809,0.0150671137464478,0.0160880805237282,0.0583156739988016,0.0292911331746003,0.0228392826541405,0.0146283765763598,0.0217068946732884,0.0224005454840526,0.020835992045568,0.026937137261333,0.0335152973010087,0.0243405270591413,0.0948729719546408,0.0320284624306583,0.0228656262483771,0.0504379462948167,0.0195490216411846,0.0468369812425665,0.0153068305237282,0.0946802182730632,0.0274930232742889,0.0536118351540724,0.0313775046984375,0.0231969923474483,0.0317419725950082,0.0209705820775639,0.0190310259458385,0.0474786570236013,0.0653503358201292,0.0596010141514929,0.0277089456065213,0.0201914359986251,0.0447649694805131,0.0225098010943937,0.0277443055509667,0.020701793901573,0.0342916771799991,0.0440807373005314,0.0167061133910362,0.0407476697784494,0.0474227930764489,0.0206736641736062,0.0401311316104378,0.020105975943623,0.0294596054374998,0.01703202113357,0.031705276489354,0.0432877701819075,0.0405914944786425,0.0488065041758086,0.0256944999840648,0.0454242016759511,0.0264446391004402,0.0195993856424028
"SPEECH_716",NA,NA,NA,NA,NA,NA,NA,NA,NA,NA,NA,NA,NA,NA,NA,NA,NA,NA,NA,NA,NA,NA,NA,NA,NA,NA,NA,NA,NA,NA,NA,NA,NA,NA,NA,NA,NA,NA,NA,NA,NA,NA,NA,NA,NA,NA,NA,NA,NA,NA,NA,NA,NA,NA,NA,NA,NA,NA,NA,NA,0.0272571291904364,0.0787878846076989,0.00887385232415402,0.0243339363686634,0.038733470639601,0.0331656908249887,0.0257299486128603,0.00666024909638849,0.0219985626301313,0.00793356584257898,0.0361987398258103,0.0281790777357453,0.0154544656724319,0.0642990949047838,0.0262921143470911,0.0737040784250399,0.0312150575184072,0.0155907725495667,0.00872284310450611,0.0201561421081299,0.0481343722674992,0.021850170933593,0.0100692062676314,0.0135448355949733,0.179717318608353,0.022358989559749,0.0134220918457351,0.0295662591143606,0.0183940695372561,0.0496560099418357,0.0176258929832894,0.0423415988566008,0.0214978145343037,0.0246837105773033,0.0382818371068796,0.0262769149147824,0.0197246543513684,0.01770991402901,0.0620377563521866,0.0581319146126005,0.04339559925967,0.0243049345342386,0.0172053758112976,0.0681822101965781,0.031455785906554,0.0331517939967512,0.0278140714347001,0.0295460546071083,0.0246241845140417,0.0212146526817689,0.0281984118126998,0.0150498916954071,0.016840157871645,0.0385219484756838,0.0564526260852906,0.0671205993679547,0.0211097480308861,0.0291145476704813,0.0182110821454128,0.0601743155835057
"SPEECH_712",NA,NA,NA,NA,NA,NA,NA,NA,NA,NA,NA,NA,NA,NA,NA,NA,NA,NA,NA,NA,NA,NA,NA,NA,NA,NA,NA,NA,NA,NA,NA,NA,NA,NA,NA,NA,NA,NA,NA,NA,NA,NA,NA,NA,NA,NA,NA,NA,NA,NA,NA,NA,NA,NA,NA,NA,NA,NA,NA,NA,0.0213868661560801,0.0256077283239925,0.013210246380796,0.0283125998056112,0.050244488386823,0.0380818189182003,0.0194645977028134,0.0126217044611644,0.0862292907378417,0.0189583124810053,0.0184587187923054,0.030174476159354,0.0141270372165947,0.0255426894414031,0.0373002385471744,0.030992282486038,0.0341739419894805,0.0138614994937179,0.0113627673316051,0.0434393226031445,0.0595513301825415,0.0334641127989844,0.0203012543170924,0.0677395562505251,0.0345409651702057,0.0629693763875531,0.020154479192949,0.0684061719449184,0.0457040197223775,0.0136181066177073,0.0185197020700114,0.028310614613326,0.0156979093290471,0.0213400087031572,0.097019799531317,0.0327250593541563,0.0237630712231079,0.0182781633721668,0.0881712512198406,0.0185419756225434,0.0252569793554083,0.0166765662973721,0.0268507777802339,0.0271465463805897,0.0327738263875688,0.0539417637949303,0.0227241962796481,0.0185842774002721,0.0184411514150777,0.0339781477107237,0.0197140164123887,0.0284910168314615,0.053720761883881,0.026507706944672,0.0407258287498164,0.0534281925650711,0.0215564365757327,0.0513440536065589,0.0413228003832319,0.0244473982066876
"SPEECH_710",NA,NA,NA,NA,NA,NA,NA,NA,NA,NA,NA,NA,NA,NA,NA,NA,NA,NA,NA,NA,NA,NA,NA,NA,NA,NA,NA,NA,NA,NA,NA,NA,NA,NA,NA,NA,NA,NA,NA,NA,NA,NA,NA,NA,NA,NA,NA,NA,NA,NA,NA,NA,NA,NA,NA,NA,NA,NA,NA,NA,0.0186035798219412,0.0258976727789096,0.019212081395426,0.0306891901222738,0.0792435094536054,0.0369337578193795,0.0651302210181218,0.0192695526597938,0.0540831259225712,0.0153755810952111,0.057217023736591,0.0279208949370847,0.0252424561355176,0.0348894096354774,0.0363132775092802,0.0345858129505999,0.029191409716902,0.0173917081977452,0.0244063995439004,0.0286707600842792,0.0174046658283364,0.0175057482033598,0.0170266878368978,0.0196793547160446,0.0332376258721922,0.0351544256852237,0.0309853931049055,0.0208906151978566,0.0471595008301331,0.0806885581904391,0.0204882662138023,0.0271792255409045,0.023280942272767,0.0326489347518234,0.0677788756440745,0.0187257777860551,0.029051217758627,0.0166309801936211,0.035267211603123,0.0263256694791705,0.0239274908012641,0.0162447579335601,0.0220493914260812,0.0225830846484151,0.0753143373061797,0.055977660942854,0.0337119118391923,0.0181376958141021,0.0325424552147514,0.038177118208232,0.0241783409699598,0.0239550759835693,0.0246604991125247,0.017726207191653,0.0601217294292645,0.0609768584241868,0.0510800845920682,0.0320106895688908,0.032374789412327,0.0368727199369555
"SPEECH_288",NA,NA,NA,NA,NA,NA,NA,NA,NA,NA,NA,NA,NA,NA,NA,NA,NA,NA,NA,NA,NA,NA,NA,NA,NA,NA,NA,NA,NA,NA,NA,NA,NA,NA,NA,NA,NA,NA,NA,NA,NA,NA,NA,NA,NA,NA,NA,NA,NA,NA,NA,NA,NA,NA,NA,NA,NA,NA,NA,NA,0.0197297847430229,0.0224306744163933,0.025104151809062,0.0135292605667285,0.019748059596824,0.0452575268625493,0.0172040662292588,0.0188617291874673,0.0759813447915181,0.0595081241382589,0.0126703424380735,0.0100570383445063,0.016115152379594,0.016115152379594,0.0250477671991632,0.0317675646602957,0.0328107913754576,0.0214841707079352,0.0100479009176057,0.0109250939000618,0.0190277629201731,0.0161608395140969,0.0785881858270337,0.0170982057956545,0.0303216225692959,0.10922174380735,0.0590414467741169,0.125968418675415,0.0248231202158513,0.0153529572576428,0.0195951271860529,0.0464168862336995,0.0194044038745795,0.0433258217607637,0.0377063422682218,0.0365219126763234,0.0226914015470829,0.0178432959732548,0.0989932829566501,0.0146828050692444,0.0311356648760561,0.0457917173177775,0.0270746615143719,0.0230416159680429,0.0112086951247886,0.034792449221354,0.0196530878005959,0.0218188547045734,0.0153488713015804,0.0557789907300853,0.0291309553575139,0.0275313846649038,0.0332436147018444,0.0258281251997787,0.0186622213136192,0.0278686661947761,0.0508677801508541,0.0486580741495994,0.0183179545969133,0.0770653355650981
"SPEECH_193",NA,NA,NA,NA,NA,NA,NA,NA,NA,NA,NA,NA,NA,NA,NA,NA,NA,NA,NA,NA,NA,NA,NA,NA,NA,NA,NA,NA,NA,NA,NA,NA,NA,NA,NA,NA,NA,NA,NA,NA,NA,NA,NA,NA,NA,NA,NA,NA,NA,NA,NA,NA,NA,NA,NA,NA,NA,NA,NA,NA,0.0281155404401191,0.0363904475944051,0.0265361248904903,0.0253070288587519,0.0479227209142978,0.0428290351543702,0.0359215441078067,0.0273474354145671,0.0710450583605593,0.020200499048794,0.0306327649589358,0.0154253645398114,0.0370437125932469,0.0218755782778597,0.0330401025522844,0.0232830851186518,0.0636606552579213,0.0258276264542037,0.0186899611862797,0.0458076976683006,0.0299218161741104,0.0260150870171679,0.018490021148775,0.0200535766212046,0.0269509032243102,0.0523377370200556,0.0607306969344259,0.0276937542747197,0.0235057390200443,0.0373986851735299,0.0148296383522474,0.034518923639958,0.0236926595704438,0.0338148816538172,0.121095880890318,0.0177872114298618,0.0237220046568732,0.0249194736760155,0.054805921069777,0.0180785323961003,0.0392258050335225,0.0483075671236391,0.0290599691670315,0.0222749830237453,0.0379398725062385,0.0181187873089485,0.0140692932266179,0.0353214393720824,0.0216740812578352,0.0581670852756389,0.0305308480784129,0.0143933356050284,0.0221941811164829,0.0271361689827896,0.032636877095003,0.0613669697474171,0.0371924194001063,0.0213950306264282,0.0434776664752536,0.0182524922423658
"SPEECH_363",NA,NA,NA,NA,NA,NA,NA,NA,NA,NA,NA,NA,NA,NA,NA,NA,NA,NA,NA,NA,NA,NA,NA,NA,NA,NA,NA,NA,NA,NA,NA,NA,NA,NA,NA,NA,NA,NA,NA,NA,NA,NA,NA,NA,NA,NA,NA,NA,NA,NA,NA,NA,NA,NA,NA,NA,NA,NA,NA,NA,0.0281155404401191,0.0363904475944051,0.0265361248904903,0.0253070288587519,0.0479227209142978,0.0428290351543702,0.0359215441078067,0.0273474354145671,0.0710450583605593,0.020200499048794,0.0306327649589358,0.0154253645398114,0.0370437125932469,0.0218755782778597,0.0330401025522844,0.0232830851186518,0.0636606552579213,0.0258276264542037,0.0186899611862797,0.0458076976683006,0.0299218161741104,0.0260150870171679,0.018490021148775,0.0200535766212046,0.0269509032243102,0.0523377370200556,0.0607306969344259,0.0276937542747197,0.0235057390200443,0.0373986851735299,0.0148296383522474,0.034518923639958,0.0236926595704438,0.0338148816538172,0.121095880890318,0.0177872114298618,0.0237220046568732,0.0249194736760155,0.054805921069777,0.0180785323961003,0.0392258050335225,0.0483075671236391,0.0290599691670315,0.0222749830237453,0.0379398725062385,0.0181187873089485,0.0140692932266179,0.0353214393720824,0.0216740812578352,0.0581670852756389,0.0305308480784129,0.0143933356050284,0.0221941811164829,0.0271361689827896,0.032636877095003,0.0613669697474171,0.0371924194001063,0.0213950306264282,0.0434776664752536,0.0182524922423658
"SPEECH_528",NA,NA,NA,NA,NA,NA,NA,NA,NA,NA,NA,NA,NA,NA,NA,NA,NA,NA,NA,NA,NA,NA,NA,NA,NA,NA,NA,NA,NA,NA,NA,NA,NA,NA,NA,NA,NA,NA,NA,NA,NA,NA,NA,NA,NA,NA,NA,NA,NA,NA,NA,NA,NA,NA,NA,NA,NA,NA,NA,NA,0.0499578066062323,0.02307451571101,0.0212000387972146,0.0293896901393821,0.0702591492024005,0.0253832794067368,0.0302723624314695,0.0145021253342743,0.0372077146101853,0.0237432484465525,0.0213767010199579,0.0104395524920771,0.0525516812483007,0.0359372820142445,0.0464715824789509,0.0245015264484873,0.018586782767129,0.017689985805532,0.0317674825587546,0.016456276274327,0.018790452282383,0.0334542346962737,0.0232452195469711,0.0398732132456706,0.0179625275933126,0.082766322688655,0.0248607102447463,0.0578407330422226,0.0694055823216636,0.0310322205448825,0.0341493467323679,0.0333061891705892,0.0188300234651892,0.0490874828968859,0.0774347044112307,0.023067127503779,0.0378737779080552,0.0172422209113389,0.0537219733655511,0.0301038830381591,0.0276312907700712,0.0316269084140808,0.0245321192405936,0.0344906954907813,0.0364438941296498,0.034342630884284,0.0358118225736533,0.0170921065931786,0.0172820236285186,0.0518556776915076,0.0334044916298905,0.0176190669710425,0.0341144347983654,0.039071189708074,0.0224765645379461,0.0465913648482512,0.0359525430614914,0.0232757850232374,0.0266011418180882,0.0349675187841483
"SPEECH_357",NA,NA,NA,NA,NA,NA,NA,NA,NA,NA,NA,NA,NA,NA,NA,NA,NA,NA,NA,NA,NA,NA,NA,NA,NA,NA,NA,NA,NA,NA,NA,NA,NA,NA,NA,NA,NA,NA,NA,NA,NA,NA,NA,NA,NA,NA,NA,NA,NA,NA,NA,NA,NA,NA,NA,NA,NA,NA,NA,NA,0.0205856933967102,0.0372219186330057,0.0120968467916984,0.050079659222041,0.0504330767859694,0.055586130599343,0.0501895971212769,0.0144939772289674,0.0278756482838139,0.0375817591528451,0.0295067365643755,0.0369309582509406,0.0361187805241196,0.0248563227485446,0.049501509338807,0.0291933524850572,0.0233604111552084,0.0202769141215053,0.0199676311069758,0.0372840765417701,0.0095584955855486,0.0151034603330829,0.0433411770580653,0.0242270279971001,0.0187365451476982,0.0620997864815687,0.085346665391045,0.0231259709290607,0.0177480781499291,0.0375717928739261,0.0206258737801089,0.0295539394692415,0.0289186439035861,0.0288485176763771,0.122141159055563,0.024994631762036,0.0203362078829302,0.0165145518319748,0.0434933466254272,0.019699265207771,0.0193254075506123,0.0231953727803117,0.046526104953475,0.0194236730176041,0.0563627842078885,0.0208390025098617,0.0195884925686129,0.0220214000064888,0.0152406664816564,0.0761632819374056,0.0208623779189313,0.0174628887038786,0.021073063134585,0.0218356485605094,0.0259845001993834,0.0750290861866445,0.0392620390849763,0.026787820786156,0.0458062684709863,0.0320839837450163
"SPEECH_361",NA,NA,NA,NA,NA,NA,NA,NA,NA,NA,NA,NA,NA,NA,NA,NA,NA,NA,NA,NA,NA,NA,NA,NA,NA,NA,NA,NA,NA,NA,NA,NA,NA,NA,NA,NA,NA,NA,NA,NA,NA,NA,NA,NA,NA,NA,NA,NA,NA,NA,NA,NA,NA,NA,NA,NA,NA,NA,NA,NA,0.0356245506053757,0.0319575545176156,0.0154469620260843,0.0474411340709103,0.0563938537627121,0.0155428002424294,0.035246358747757,0.00991676759917542,0.0241048624277501,0.0089976499521166,0.0508742160053303,0.0299805862552928,0.0251787951241673,0.036472653669036,0.0338697417111298,0.0141916500667823,0.139674820604346,0.0192078514625949,0.0198533321744554,0.0368506108726511,0.0324802642547872,0.0371954073246031,0.0129254073718651,0.0505608562882738,0.0174531723182099,0.0426549557129309,0.0190927150249293,0.0336346763728544,0.0161992116899052,0.0509765817439288,0.0380846372037518,0.0384966141421193,0.0202673580459263,0.0327743754085788,0.0778420929481545,0.0288863859729467,0.0420791573430431,0.0202207871351512,0.0232936425310444,0.0229254405947433,0.0326194174854839,0.032408531164099,0.0199007910357684,0.0277055752627127,0.0495663529964393,0.0344319705950433,0.0266063707929995,0.0186478600680201,0.0224406337293645,0.027053636491016,0.0244136671085957,0.0181804948756672,0.0197241941769258,0.014167509132945,0.0211460584542596,0.0390888380059345,0.089344769455956,0.0268546617881893,0.0862279445812124,0.0246002314739086
"SPEECH_218",NA,NA,NA,NA,NA,NA,NA,NA,NA,NA,NA,NA,NA,NA,NA,NA,NA,NA,NA,NA,NA,NA,NA,NA,NA,NA,NA,NA,NA,NA,NA,NA,NA,NA,NA,NA,NA,NA,NA,NA,NA,NA,NA,NA,NA,NA,NA,NA,NA,NA,NA,NA,NA,NA,NA,NA,NA,NA,NA,NA,0.0238095238095238,0.0238095238095238,0.0238095238095238,0.0238095238095238,0.0523809523809524,0.0380952380952381,0.0238095238095238,0.0238095238095238,0.0380952380952381,0.0238095238095238,0.0380952380952381,0.0523809523809524,0.0523809523809524,0.0380952380952381,0.0238095238095238,0.0380952380952381,0.0238095238095238,0.0380952380952381,0.0523809523809524,0.0380952380952381,0.0523809523809524,0.0238095238095238,0.0238095238095238,0.0238095238095238,0.0238095238095238,0.0380952380952381,0.0238095238095238,0.0238095238095238,0.0238095238095238,0.0523809523809524,0.0272716602544227,0.047156657217722,0.0109257340488629,0.0424776547025934,0.0471867124816779,0.061544382008542,0.0401224633108736,0.0167893007790148,0.0288308719319003,0.0271039635432245,0.0233931588040274,0.0216948142186663,0.0223096937852546,0.0525055853878943,0.107207411477805,0.025399483152265,0.0434462700100182,0.0252188999469454,0.018240156258904,0.0359489301038574,0.017523754242513,0.0180736205693733,0.0205982148293548,0.0262570214031744,0.0139354412827576,0.057820859943527,0.0184884674633225,0.0342934288690796,0.0164824354666033,0.0517529525058233
"SPEECH_726",NA,NA,NA,NA,NA,NA,NA,NA,NA,NA,NA,NA,NA,NA,NA,NA,NA,NA,NA,NA,NA,NA,NA,NA,NA,NA,NA,NA,NA,NA,NA,NA,NA,NA,NA,NA,NA,NA,NA,NA,NA,NA,NA,NA,NA,NA,NA,NA,NA,NA,NA,NA,NA,NA,NA,NA,NA,NA,NA,NA,0.0272716602544227,0.047156657217722,0.0109257340488629,0.0424776547025934,0.0471867124816779,0.061544382008542,0.0401224633108736,0.0167893007790148,0.0288308719319003,0.0271039635432245,0.0233931588040274,0.0216948142186663,0.0223096937852546,0.0525055853878943,0.107207411477805,0.025399483152265,0.0434462700100182,0.0252188999469454,0.018240156258904,0.0359489301038574,0.017523754242513,0.0180736205693733,0.0205982148293548,0.0262570214031744,0.0139354412827576,0.057820859943527,0.0184884674633225,0.0342934288690796,0.0164824354666033,0.0517529525058233,0.0520961533441306,0.0238981376449989,0.0184493088610654,0.0452447454221488,0.0345293763995423,0.0370679889247691,0.0337451167499992,0.0217745491648569,0.0395592535844921,0.0181809548812936,0.0320639061976657,0.0556756389580925,0.0227332795115149,0.0381054821844482,0.0267362810356071,0.0409632234558897,0.0183039051634062,0.0176385615506877,0.0153726346627793,0.040388447250047,0.0558971950864986,0.0226047053520854,0.0421893859962639,0.032839711758485,0.0444856851544522,0.0689181745896955,0.0263817463954069,0.0227109978775677,0.0242626989351629,0.0271827539069466
"SPEECH_181",NA,NA,NA,NA,NA,NA,NA,NA,NA,NA,NA,NA,NA,NA,NA,NA,NA,NA,NA,NA,NA,NA,NA,NA,NA,NA,NA,NA,NA,NA,NA,NA,NA,NA,NA,NA,NA,NA,NA,NA,NA,NA,NA,NA,NA,NA,NA,NA,NA,NA,NA,NA,NA,NA,NA,NA,NA,NA,NA,NA,0.0379227483147171,0.067996591523745,0.0162077536275836,0.0132846950708222,0.044185583492504,0.0168148683954205,0.0340103573858175,0.013018239799252,0.0184723583924239,0.0341566815898243,0.0773119856142504,0.0109203746206447,0.0167577136428381,0.0131409411122705,0.0131020311743982,0.06154346508054,0.0806774097835068,0.0173887020145393,0.0691733513457346,0.0377925517809468,0.00771109167841186,0.0338117669288636,0.0724021169036603,0.012146893415838,0.0211252213852165,0.0384953303918948,0.022580923589123,0.0325650320479779,0.0188307716057936,0.0464524482914408,0.026764896299346,0.0197343729452684,0.0184321139487895,0.0206839826213224,0.0774648974756014,0.0278947452960157,0.0341569865888195,0.0233202018746088,0.0377745970011681,0.0516276878886383,0.0404672281637015,0.0359585858853485,0.0806279430813951,0.0396499968893,0.027331075985973,0.0175185102149836,0.0210314066685014,0.0163730025767011,0.0248886109430179,0.0179088077384604,0.0226643365855642,0.0200570507463271,0.0301494971606377,0.0166177627459704,0.0191974124821087,0.0935718949858692,0.0224512358886039,0.0574319201329708,0.036334123983486,0.0219151152015015
"SPEECH_491",NA,NA,NA,NA,NA,NA,NA,NA,NA,NA,NA,NA,NA,NA,NA,NA,NA,NA,NA,NA,NA,NA,NA,NA,NA,NA,NA,NA,NA,NA,NA,NA,NA,NA,NA,NA,NA,NA,NA,NA,NA,NA,NA,NA,NA,NA,NA,NA,NA,NA,NA,NA,NA,NA,NA,NA,NA,NA,NA,NA,0.0254293173018594,0.0261385371600154,0.0163107762684248,0.0416400569168543,0.0357823906679407,0.0142844338165504,0.0298421341579555,0.0132712625906132,0.0132712625906132,0.230594089674457,0.0230764552131901,0.0209300687772,0.0227950721144227,0.0560871103172202,0.0200595098043923,0.0722978499322152,0.0195903779144679,0.018033167352518,0.0247762780282696,0.018033167352518,0.0393097630971988,0.0345478583352941,0.0200595098043923,0.0230990234822039,0.0351144659403205,0.0148510414215769,0.0227950721144227,0.0163107762684248,0.029887270695983,0.0217819008884855,0.0393902928198957,0.030365022061773,0.0159245888487766,0.0357801845166466,0.0292579221821099,0.0195346971520257,0.0310629763337345,0.014119534697152,0.0225912555154432,0.0177296430004011,0.0375852386682712,0.0249498596068993,0.0207862013638187,0.0393902928198957,0.0285599679101484,0.0574408343361412,0.0267549137585239,0.014119534697152,0.0243963096670678,0.0674528680304854,0.0334215804251905,0.0280064179703169,0.0262013638186923,0.0292579221821099,0.131448054552748,0.0298114721219414,0.0425912555154432,0.0195346971520257,0.0267549137585239,0.0357801845166466
"SPEECH_306",NA,NA,NA,NA,NA,NA,NA,NA,NA,NA,NA,NA,NA,NA,NA,NA,NA,NA,NA,NA,NA,NA,NA,NA,NA,NA,NA,NA,NA,NA,NA,NA,NA,NA,NA,NA,NA,NA,NA,NA,NA,NA,NA,NA,NA,NA,NA,NA,NA,NA,NA,NA,NA,NA,NA,NA,NA,NA,NA,NA,0.026764896299346,0.0197343729452684,0.0184321139487895,0.0206839826213224,0.0774648974756014,0.0278947452960157,0.0341569865888195,0.0233202018746088,0.0377745970011681,0.0516276878886383,0.0404672281637015,0.0359585858853485,0.0806279430813951,0.0396499968893,0.027331075985973,0.0175185102149836,0.0210314066685014,0.0163730025767011,0.0248886109430179,0.0179088077384604,0.0226643365855642,0.0200570507463271,0.0301494971606377,0.0166177627459704,0.0191974124821087,0.0935718949858692,0.0224512358886039,0.0574319201329708,0.036334123983486,0.0219151152015015,0.0419769742935369,0.0309695163088983,0.0133208566704991,0.048586561343411,0.0322376630936017,0.0346818008703544,0.0397844390268662,0.0131593690995097,0.0612914769965252,0.0443578275110488,0.0406508777623616,0.0584254359052972,0.0226428436039978,0.0192504926215524,0.0596223648998226,0.0185976549966372,0.0193941099876244,0.0170209084812445,0.0261533399124047,0.0228725049777754,0.0502796335928145,0.0288108403418407,0.0209863434927432,0.0135208130096105,0.0729719621949803,0.0628084487432145,0.0164997551087093,0.0257458237491173,0.0308173811074501,0.0125619802965504
"SPEECH_182",NA,NA,NA,NA,NA,NA,NA,NA,NA,NA,NA,NA,NA,NA,NA,NA,NA,NA,NA,NA,NA,NA,NA,NA,NA,NA,NA,NA,NA,NA,NA,NA,NA,NA,NA,NA,NA,NA,NA,NA,NA,NA,NA,NA,NA,NA,NA,NA,NA,NA,NA,NA,NA,NA,NA,NA,NA,NA,NA,NA,0.0393902928198957,0.030365022061773,0.0159245888487766,0.0357801845166466,0.0292579221821099,0.0195346971520257,0.0310629763337345,0.014119534697152,0.0225912555154432,0.0177296430004011,0.0375852386682712,0.0249498596068993,0.0207862013638187,0.0393902928198957,0.0285599679101484,0.0574408343361412,0.0267549137585239,0.014119534697152,0.0243963096670678,0.0674528680304854,0.0334215804251905,0.0280064179703169,0.0262013638186923,0.0292579221821099,0.131448054552748,0.0298114721219414,0.0425912555154432,0.0195346971520257,0.0267549137585239,0.0357801845166466,0.0370524581116835,0.0318805800173186,0.0152574719886907,0.0240694855022164,0.091639191221109,0.0549523330377279,0.0255180348234008,0.014732978401039,0.02924940823051,0.019388652701745,0.0490066087947837,0.0706056939602106,0.0147701155072312,0.0606205885271742,0.0260749850085363,0.03351310342962,0.0583713479457883,0.0157129917185655,0.0233637118765258,0.028984890811543,0.0180258917983937,0.0128914777890749,0.0550599983212775,0.0170095458271141,0.037035018944073,0.0293162398708175,0.0308333882488902,0.0271417403309079,0.0218514364846039,0.0260706307694277
"SPEECH_299",NA,NA,NA,NA,NA,NA,NA,NA,NA,NA,NA,NA,NA,NA,NA,NA,NA,NA,NA,NA,NA,NA,NA,NA,NA,NA,NA,NA,NA,NA,NA,NA,NA,NA,NA,NA,NA,NA,NA,NA,NA,NA,NA,NA,NA,NA,NA,NA,NA,NA,NA,NA,NA,NA,NA,NA,NA,NA,NA,NA,0.0393902928198957,0.030365022061773,0.0159245888487766,0.0357801845166466,0.0292579221821099,0.0195346971520257,0.0310629763337345,0.014119534697152,0.0225912555154432,0.0177296430004011,0.0375852386682712,0.0249498596068993,0.0207862013638187,0.0393902928198957,0.0285599679101484,0.0574408343361412,0.0267549137585239,0.014119534697152,0.0243963096670678,0.0674528680304854,0.0334215804251905,0.0280064179703169,0.0262013638186923,0.0292579221821099,0.131448054552748,0.0298114721219414,0.0425912555154432,0.0195346971520257,0.0267549137585239,0.0357801845166466,0.0370524581116835,0.0318805800173186,0.0152574719886907,0.0240694855022164,0.091639191221109,0.0549523330377279,0.0255180348234008,0.014732978401039,0.02924940823051,0.019388652701745,0.0490066087947837,0.0706056939602106,0.0147701155072312,0.0606205885271742,0.0260749850085363,0.03351310342962,0.0583713479457883,0.0157129917185655,0.0233637118765258,0.028984890811543,0.0180258917983937,0.0128914777890749,0.0550599983212775,0.0170095458271141,0.037035018944073,0.0293162398708175,0.0308333882488902,0.0271417403309079,0.0218514364846039,0.0260706307694277
"SPEECH_524",NA,NA,NA,NA,NA,NA,NA,NA,NA,NA,NA,NA,NA,NA,NA,NA,NA,NA,NA,NA,NA,NA,NA,NA,NA,NA,NA,NA,NA,NA,NA,NA,NA,NA,NA,NA,NA,NA,NA,NA,NA,NA,NA,NA,NA,NA,NA,NA,NA,NA,NA,NA,NA,NA,NA,NA,NA,NA,NA,NA,0.0393902928198957,0.030365022061773,0.0159245888487766,0.0357801845166466,0.0292579221821099,0.0195346971520257,0.0310629763337345,0.014119534697152,0.0225912555154432,0.0177296430004011,0.0375852386682712,0.0249498596068993,0.0207862013638187,0.0393902928198957,0.0285599679101484,0.0574408343361412,0.0267549137585239,0.014119534697152,0.0243963096670678,0.0674528680304854,0.0334215804251905,0.0280064179703169,0.0262013638186923,0.0292579221821099,0.131448054552748,0.0298114721219414,0.0425912555154432,0.0195346971520257,0.0267549137585239,0.0357801845166466,0.0370524581116835,0.0318805800173186,0.0152574719886907,0.0240694855022164,0.091639191221109,0.0549523330377279,0.0255180348234008,0.014732978401039,0.02924940823051,0.019388652701745,0.0490066087947837,0.0706056939602106,0.0147701155072312,0.0606205885271742,0.0260749850085363,0.03351310342962,0.0583713479457883,0.0157129917185655,0.0233637118765258,0.028984890811543,0.0180258917983937,0.0128914777890749,0.0550599983212775,0.0170095458271141,0.037035018944073,0.0293162398708175,0.0308333882488902,0.0271417403309079,0.0218514364846039,0.0260706307694277
"SPEECH_184",NA,NA,NA,NA,NA,NA,NA,NA,NA,NA,NA,NA,NA,NA,NA,NA,NA,NA,NA,NA,NA,NA,NA,NA,NA,NA,NA,NA,NA,NA,NA,NA,NA,NA,NA,NA,NA,NA,NA,NA,NA,NA,NA,NA,NA,NA,NA,NA,NA,NA,NA,NA,NA,NA,NA,NA,NA,NA,NA,NA,0.0419769742935369,0.0309695163088983,0.0133208566704991,0.048586561343411,0.0322376630936017,0.0346818008703544,0.0397844390268662,0.0131593690995097,0.0612914769965252,0.0443578275110488,0.0406508777623616,0.0584254359052972,0.0226428436039978,0.0192504926215524,0.0596223648998226,0.0185976549966372,0.0193941099876244,0.0170209084812445,0.0261533399124047,0.0228725049777754,0.0502796335928145,0.0288108403418407,0.0209863434927432,0.0135208130096105,0.0729719621949803,0.0628084487432145,0.0164997551087093,0.0257458237491173,0.0308173811074501,0.0125619802965504,0.0204226471070763,0.0626037188659321,0.0175169758871648,0.013712258655285,0.0505522922961069,0.0255393793570839,0.0259185867811708,0.0199913479252393,0.0782630319948333,0.0339810913347452,0.0274552630372381,0.0425728179144733,0.0302706905646866,0.0418351617678489,0.0195406451463667,0.0332238275302158,0.0415256504720627,0.0191832374887545,0.0262354527046191,0.0361512966741898,0.0231090077464065,0.0174282442300798,0.0157201606569835,0.0295648874171326,0.0219198493290248,0.0582022259569947,0.026641357779961,0.0376706565428983,0.0242544217555984,0.0789938150798276
"SPEECH_305",NA,NA,NA,NA,NA,NA,NA,NA,NA,NA,NA,NA,NA,NA,NA,NA,NA,NA,NA,NA,NA,NA,NA,NA,NA,NA,NA,NA,NA,NA,NA,NA,NA,NA,NA,NA,NA,NA,NA,NA,NA,NA,NA,NA,NA,NA,NA,NA,NA,NA,NA,NA,NA,NA,NA,NA,NA,NA,NA,NA,0.0419769742935369,0.0309695163088983,0.0133208566704991,0.048586561343411,0.0322376630936017,0.0346818008703544,0.0397844390268662,0.0131593690995097,0.0612914769965252,0.0443578275110488,0.0406508777623616,0.0584254359052972,0.0226428436039978,0.0192504926215524,0.0596223648998226,0.0185976549966372,0.0193941099876244,0.0170209084812445,0.0261533399124047,0.0228725049777754,0.0502796335928145,0.0288108403418407,0.0209863434927432,0.0135208130096105,0.0729719621949803,0.0628084487432145,0.0164997551087093,0.0257458237491173,0.0308173811074501,0.0125619802965504,0.0204226471070763,0.0626037188659321,0.0175169758871648,0.013712258655285,0.0505522922961069,0.0255393793570839,0.0259185867811708,0.0199913479252393,0.0782630319948333,0.0339810913347452,0.0274552630372381,0.0425728179144733,0.0302706905646866,0.0418351617678489,0.0195406451463667,0.0332238275302158,0.0415256504720627,0.0191832374887545,0.0262354527046191,0.0361512966741898,0.0231090077464065,0.0174282442300798,0.0157201606569835,0.0295648874171326,0.0219198493290248,0.0582022259569947,0.026641357779961,0.0376706565428983,0.0242544217555984,0.0789938150798276
"SPEECH_164",NA,NA,NA,NA,NA,NA,NA,NA,NA,NA,NA,NA,NA,NA,NA,NA,NA,NA,NA,NA,NA,NA,NA,NA,NA,NA,NA,NA,NA,NA,NA,NA,NA,NA,NA,NA,NA,NA,NA,NA,NA,NA,NA,NA,NA,NA,NA,NA,NA,NA,NA,NA,NA,NA,NA,NA,NA,NA,NA,NA,0.0302683114270202,0.0403446784925825,0.0122212899428652,0.0278424194751593,0.0327715163429046,0.023407211790705,0.040141105139029,0.0112006321304169,0.0441295885127178,0.0220822368089958,0.0342168765931791,0.0905268085176853,0.0261558520392686,0.0514769558564146,0.0404838234914624,0.0335704943549934,0.0535888241449066,0.0180314016147997,0.0174820925318108,0.0272209027681032,0.021887420794568,0.0371757962489984,0.0201275496218156,0.0188189237469385,0.036035521580968,0.0432268313403428,0.0176627920615669,0.0556682070545245,0.0340594195251165,0.0381745160501411,0.029234310129417,0.0306804199272996,0.0175617889973371,0.0219939034010251,0.0801920905961191,0.0232462783726891,0.047437319409179,0.0170583785981987,0.0423753169672624,0.0210752074257421,0.0277923877060827,0.0689151461469764,0.0246140596402356,0.0602071799373509,0.0911040346475707,0.0239135426795052,0.0357445665306563,0.0182757280955393,0.0147108053846602,0.0228706899661868,0.0147588457642006,0.016859686100335,0.0220004311966093,0.023926191038419,0.0322546721887556,0.0577998999509029,0.035413764647203,0.0312660985587558,0.01832865415028,0.0283886018455056
"SPEECH_527",NA,NA,NA,NA,NA,NA,NA,NA,NA,NA,NA,NA,NA,NA,NA,NA,NA,NA,NA,NA,NA,NA,NA,NA,NA,NA,NA,NA,NA,NA,NA,NA,NA,NA,NA,NA,NA,NA,NA,NA,NA,NA,NA,NA,NA,NA,NA,NA,NA,NA,NA,NA,NA,NA,NA,NA,NA,NA,NA,NA,0.0330893668903101,0.0311196928930488,0.0131725332600757,0.0561076245592616,0.0395476870153887,0.0289000953862898,0.03439250275167,0.011634504028427,0.0300714969541649,0.0225488802205396,0.04752799305554,0.0573353980111157,0.0175557982460574,0.05192324158846,0.0422843302907137,0.0292580492890661,0.0544242077154915,0.0137473220840565,0.0194542806281886,0.0164759540738002,0.0280623135481596,0.032665734995176,0.010769076485167,0.037025853236938,0.0212986353986078,0.0760717255638383,0.0354201715254967,0.0365558052859631,0.0472079327042392,0.0243517923147485,0.0381736875643516,0.0220082591965627,0.014988744542097,0.0421557109028563,0.048819485997935,0.054209405376319,0.0292895951663096,0.0134159224803914,0.0240916020337057,0.0241151801445931,0.0323063274448591,0.0331560272324094,0.0238390398784977,0.0460797746479953,0.0961351489702093,0.0427527023753515,0.0206359342225714,0.0168268290971215,0.0167757854020907,0.0184701592426699,0.0259821488394102,0.0276957058828163,0.00905290371026379,0.0193062365039404,0.0396818042951478,0.0747484964486577,0.0559760443430166,0.0293757617782193,0.0425747131903032,0.0173608630893273
"SPEECH_559",NA,NA,NA,NA,NA,NA,NA,NA,NA,NA,NA,NA,NA,NA,NA,NA,NA,NA,NA,NA,NA,NA,NA,NA,NA,NA,NA,NA,NA,NA,NA,NA,NA,NA,NA,NA,NA,NA,NA,NA,NA,NA,NA,NA,NA,NA,NA,NA,NA,NA,NA,NA,NA,NA,NA,NA,NA,NA,NA,NA,0.0330893668903101,0.0311196928930488,0.0131725332600757,0.0561076245592616,0.0395476870153887,0.0289000953862898,0.03439250275167,0.011634504028427,0.0300714969541649,0.0225488802205396,0.04752799305554,0.0573353980111157,0.0175557982460574,0.05192324158846,0.0422843302907137,0.0292580492890661,0.0544242077154915,0.0137473220840565,0.0194542806281886,0.0164759540738002,0.0280623135481596,0.032665734995176,0.010769076485167,0.037025853236938,0.0212986353986078,0.0760717255638383,0.0354201715254967,0.0365558052859631,0.0472079327042392,0.0243517923147485,0.0381736875643516,0.0220082591965627,0.014988744542097,0.0421557109028563,0.048819485997935,0.054209405376319,0.0292895951663096,0.0134159224803914,0.0240916020337057,0.0241151801445931,0.0323063274448591,0.0331560272324094,0.0238390398784977,0.0460797746479953,0.0961351489702093,0.0427527023753515,0.0206359342225714,0.0168268290971215,0.0167757854020907,0.0184701592426699,0.0259821488394102,0.0276957058828163,0.00905290371026379,0.0193062365039404,0.0396818042951478,0.0747484964486577,0.0559760443430166,0.0293757617782193,0.0425747131903032,0.0173608630893273
"SPEECH_538",NA,NA,NA,NA,NA,NA,NA,NA,NA,NA,NA,NA,NA,NA,NA,NA,NA,NA,NA,NA,NA,NA,NA,NA,NA,NA,NA,NA,NA,NA,NA,NA,NA,NA,NA,NA,NA,NA,NA,NA,NA,NA,NA,NA,NA,NA,NA,NA,NA,NA,NA,NA,NA,NA,NA,NA,NA,NA,NA,NA,0.0339869281045752,0.0183006535947712,0.0065359477124183,0.0065359477124183,0.0810457516339869,0.0261437908496732,0.0183006535947712,0.0104575163398693,0.057516339869281,0.0065359477124183,0.355555555555556,0.0065359477124183,0.0183006535947712,0.0183006535947712,0.0261437908496732,0.0104575163398693,0.0065359477124183,0.0143790849673203,0.0183006535947712,0.0300653594771242,0.0104575163398693,0.0418300653594771,0.0496732026143791,0.0143790849673203,0.0222222222222222,0.0143790849673203,0.0104575163398693,0.0104575163398693,0.0222222222222222,0.0339869281045752,0.034162518442971,0.0237032475609379,0.0196607464832811,0.0301839770757006,0.0576128472576519,0.0316367940525924,0.0410311079172312,0.0134049518096516,0.0423526607622368,0.0193613832065875,0.0468166173772625,0.029350643167507,0.0168318197834238,0.0246634711955366,0.0411705379621817,0.0374124708855411,0.0604006043396227,0.0191214446768868,0.0307272995214566,0.0270187557319061,0.0327768677349461,0.0206793038231699,0.0292828408078135,0.0438971918406005,0.0259482681221781,0.0554239269544548,0.0353821601090176,0.0408546584643894,0.0371604889150589,0.0319703940182046
"SPEECH_155",NA,NA,NA,NA,NA,NA,NA,NA,NA,NA,NA,NA,NA,NA,NA,NA,NA,NA,NA,NA,NA,NA,NA,NA,NA,NA,NA,NA,NA,NA,NA,NA,NA,NA,NA,NA,NA,NA,NA,NA,NA,NA,NA,NA,NA,NA,NA,NA,NA,NA,NA,NA,NA,NA,NA,NA,NA,NA,NA,NA,0.034162518442971,0.0237032475609379,0.0196607464832811,0.0301839770757006,0.0576128472576519,0.0316367940525924,0.0410311079172312,0.0134049518096516,0.0423526607622368,0.0193613832065875,0.0468166173772625,0.029350643167507,0.0168318197834238,0.0246634711955366,0.0411705379621817,0.0374124708855411,0.0604006043396227,0.0191214446768868,0.0307272995214566,0.0270187557319061,0.0327768677349461,0.0206793038231699,0.0292828408078135,0.0438971918406005,0.0259482681221781,0.0554239269544548,0.0353821601090176,0.0408546584643894,0.0371604889150589,0.0319703940182046,0.025833629647189,0.0189739638892181,0.0247431946584489,0.0135106771759314,0.106209503773063,0.0238875884003003,0.0277152226304769,0.0152589289241832,0.0673916479001225,0.0510410493461341,0.0172257121409664,0.0198666093793212,0.020897040812295,0.0459407471060013,0.0266225652878195,0.0203725652878195,0.0205888744024337,0.0209407471060013,0.0201747757891826,0.015629321243728,0.0209407471060013,0.0294153233771878,0.0495179961281656,0.0135106771759314,0.0241520485164553,0.134048190510055,0.0218148729801272,0.0665501165501166,0.0135106771759314,0.0237149855793924
"SPEECH_727",NA,NA,NA,NA,NA,NA,NA,NA,NA,NA,NA,NA,NA,NA,NA,NA,NA,NA,NA,NA,NA,NA,NA,NA,NA,NA,NA,NA,NA,NA,NA,NA,NA,NA,NA,NA,NA,NA,NA,NA,NA,NA,NA,NA,NA,NA,NA,NA,NA,NA,NA,NA,NA,NA,NA,NA,NA,NA,NA,NA,0.034162518442971,0.0237032475609379,0.0196607464832811,0.0301839770757006,0.0576128472576519,0.0316367940525924,0.0410311079172312,0.0134049518096516,0.0423526607622368,0.0193613832065875,0.0468166173772625,0.029350643167507,0.0168318197834238,0.0246634711955366,0.0411705379621817,0.0374124708855411,0.0604006043396227,0.0191214446768868,0.0307272995214566,0.0270187557319061,0.0327768677349461,0.0206793038231699,0.0292828408078135,0.0438971918406005,0.0259482681221781,0.0554239269544548,0.0353821601090176,0.0408546584643894,0.0371604889150589,0.0319703940182046,0.025833629647189,0.0189739638892181,0.0247431946584489,0.0135106771759314,0.106209503773063,0.0238875884003003,0.0277152226304769,0.0152589289241832,0.0673916479001225,0.0510410493461341,0.0172257121409664,0.0198666093793212,0.020897040812295,0.0459407471060013,0.0266225652878195,0.0203725652878195,0.0205888744024337,0.0209407471060013,0.0201747757891826,0.015629321243728,0.0209407471060013,0.0294153233771878,0.0495179961281656,0.0135106771759314,0.0241520485164553,0.134048190510055,0.0218148729801272,0.0665501165501166,0.0135106771759314,0.0237149855793924
"SPEECH_729",NA,NA,NA,NA,NA,NA,NA,NA,NA,NA,NA,NA,NA,NA,NA,NA,NA,NA,NA,NA,NA,NA,NA,NA,NA,NA,NA,NA,NA,NA,NA,NA,NA,NA,NA,NA,NA,NA,NA,NA,NA,NA,NA,NA,NA,NA,NA,NA,NA,NA,NA,NA,NA,NA,NA,NA,NA,NA,NA,NA,0.025833629647189,0.0189739638892181,0.0247431946584489,0.0135106771759314,0.106209503773063,0.0238875884003003,0.0277152226304769,0.0152589289241832,0.0673916479001225,0.0510410493461341,0.0172257121409664,0.0198666093793212,0.020897040812295,0.0459407471060013,0.0266225652878195,0.0203725652878195,0.0205888744024337,0.0209407471060013,0.0201747757891826,0.015629321243728,0.0209407471060013,0.0294153233771878,0.0495179961281656,0.0135106771759314,0.0241520485164553,0.134048190510055,0.0218148729801272,0.0665501165501166,0.0135106771759314,0.0237149855793924,0.0636376167528307,0.0429034164276302,0.0151130488417958,0.0313122635189476,0.0242974417163159,0.0360494466674341,0.0310249613334783,0.0109015374119812,0.018063994248501,0.0159281829019883,0.0677851919029614,0.0597560155320149,0.0108099402244541,0.0478580351274898,0.0292144036666249,0.0666021692269337,0.0656394512543412,0.0171026654130276,0.0360042751322027,0.0251403479517132,0.0162206305532443,0.0659767529544574,0.0234516139168557,0.0105966306637118,0.0487237427372001,0.0203220905713022,0.0176892905958073,0.0344743629281159,0.0176003785842417,0.0298001012423971
"SPEECH_732",NA,NA,NA,NA,NA,NA,NA,NA,NA,NA,NA,NA,NA,NA,NA,NA,NA,NA,NA,NA,NA,NA,NA,NA,NA,NA,NA,NA,NA,NA,NA,NA,NA,NA,NA,NA,NA,NA,NA,NA,NA,NA,NA,NA,NA,NA,NA,NA,NA,NA,NA,NA,NA,NA,NA,NA,NA,NA,NA,NA,0.0268356079495809,0.0541615483493407,0.0167443382090103,0.0286880707100042,0.0506577527273935,0.0178059093342757,0.0247040069649843,0.0172730090881265,0.0466063715570994,0.0330554795835922,0.0140882957123304,0.0180723594573503,0.0486515054823562,0.0475299008417067,0.0414269242131889,0.044462082471404,0.0188674804595411,0.0201912723408481,0.0450876763450249,0.0267987184704604,0.0569598620537117,0.0236508945737848,0.0175394592112011,0.01871792534196,0.105950147667567,0.0223186439584119,0.0189843754650346,0.054990504287795,0.0196668308287648,0.0195130463441508,0.0336554184183475,0.0255584877174998,0.0192584492493603,0.031822928268149,0.0493449235476419,0.0432822914657018,0.0213319493360149,0.0170868679178649,0.0418659378678906,0.0245827960378879,0.0155032957345655,0.024089753505066,0.017600477607534,0.0246450525698327,0.030499177591212,0.0503683781183566,0.0816902274224997,0.0186809223105155,0.0293496377603416,0.0365638287427621,0.0272068364705388,0.033380199562805,0.0220489383667226,0.0434302597679955,0.0318777711092555,0.0552130712071381,0.022487975437341,0.0460083578340124,0.061293778644118,0.020272010411029
"SPEECH_126",NA,NA,NA,NA,NA,NA,NA,NA,NA,NA,NA,NA,NA,NA,NA,NA,NA,NA,NA,NA,NA,NA,NA,NA,NA,NA,NA,NA,NA,NA,NA,NA,NA,NA,NA,NA,NA,NA,NA,NA,NA,NA,NA,NA,NA,NA,NA,NA,NA,NA,NA,NA,NA,NA,NA,NA,NA,NA,NA,NA,0.011097512389538,0.0222456708286105,0.0167977289399907,0.0192860744680695,0.11401631258536,0.0159568869071509,0.0271215843319205,0.0161081634963269,0.0661143380509871,0.0496196768355701,0.022598723043291,0.0167977289399907,0.0843228792242407,0.0139223711466001,0.0765550689418431,0.030282956317966,0.0210180370502682,0.0109462358003619,0.038453876811754,0.0280632039176079,0.0100046162146746,0.0139223711466001,0.0171002821183427,0.0197738642862288,0.022749999632467,0.101795545793879,0.0521574188009309,0.0248350144293462,0.0253896217497218,0.0109462358003619,0.0247485474201709,0.0379312504160157,0.0149910138638707,0.0375210333025472,0.0599836539070006,0.0172317437141786,0.0241363836840341,0.0128095118503509,0.0354698727521117,0.0234632672435459,0.0269076214903781,0.0154012482140586,0.0355679928749243,0.0246142146640461,0.0588269902773066,0.0333113612721166,0.0286709864291543,0.0207667034513703,0.021613072859259,0.0538403487415236,0.0178796521093055,0.0169289334468259,0.0236973349237814,0.0369060036322837,0.0214956264527705,0.0879725664769721,0.04756760155423,0.0752330984019733,0.0398933101676568,0.024619054406237
"SPEECH_205",NA,NA,NA,NA,NA,NA,NA,NA,NA,NA,NA,NA,NA,NA,NA,NA,NA,NA,NA,NA,NA,NA,NA,NA,NA,NA,NA,NA,NA,NA,NA,NA,NA,NA,NA,NA,NA,NA,NA,NA,NA,NA,NA,NA,NA,NA,NA,NA,NA,NA,NA,NA,NA,NA,NA,NA,NA,NA,NA,NA,0.0332603134747805,0.0411129014877208,0.0127843802254154,0.0386331083283779,0.0473421510981983,0.0240603517574254,0.0213963492127139,0.0119029397491765,0.0459487707323782,0.022731141518293,0.0347101444511055,0.0589258590285391,0.0405858700685574,0.0589131129706707,0.023791393345799,0.0681766251161835,0.0266596166657658,0.0214866031902931,0.0310915302615315,0.023876092949003,0.0160122899086527,0.029610336172392,0.0113892447833109,0.0602335794430189,0.029662130132575,0.0482559833531498,0.0371182329841529,0.0346868411331509,0.0219178961297963,0.0237242103278718,0.0294119047367212,0.0454065735406781,0.0125591638702793,0.0178221572797018,0.0938242883024388,0.0645748972198998,0.0160433368127023,0.012581170961642,0.0273489698121558,0.0454574102666315,0.0223556916691649,0.0299833159496563,0.0143041582147181,0.0284713279696102,0.0289598166048981,0.0220363352726446,0.0176285719966126,0.0173572795082573,0.0239848131084587,0.041321930582044,0.0493235457150027,0.0227051651650764,0.0430985039494172,0.0340796088803609,0.032593887012866,0.066110287396118,0.0421688648302701,0.0162658749037995,0.019294809029059,0.0629263394391147
"SPEECH_669",NA,NA,NA,NA,NA,NA,NA,NA,NA,NA,NA,NA,NA,NA,NA,NA,NA,NA,NA,NA,NA,NA,NA,NA,NA,NA,NA,NA,NA,NA,NA,NA,NA,NA,NA,NA,NA,NA,NA,NA,NA,NA,NA,NA,NA,NA,NA,NA,NA,NA,NA,NA,NA,NA,NA,NA,NA,NA,NA,NA,0.0395171443886814,0.0204329266534633,0.00962094509461114,0.0208313880416097,0.0399183861524285,0.0316282957878261,0.0328204409469765,0.0136069003820019,0.0136747800236613,0.0344069431695561,0.0699204516998644,0.0387033942129649,0.0121086281827505,0.0485455415882858,0.0137545512801112,0.0521977875338039,0.0696915633014874,0.0156337392407938,0.0129770080989083,0.0173855451034644,0.012883765689303,0.0621129972540757,0.0103334028654481,0.0113884561872092,0.0854718171580164,0.0630773497611022,0.0173489795084219,0.0412910978016911,0.0272696032351574,0.0614461696563245,0.026402861315606,0.0310089649034003,0.0157477638405172,0.0342618139663487,0.0367224631700491,0.0436472694176236,0.0192991242339466,0.0154738315151563,0.0301613932155461,0.0420125046541996,0.0276457790103858,0.0170628337685459,0.0188888852468709,0.0238224511290607,0.0277112248923876,0.0882549440346213,0.0395208034074463,0.0215577118874446,0.0231974846077204,0.0146497494057571,0.0715911321681236,0.0270338440276271,0.0307275358306003,0.0456501176314747,0.0398050898747926,0.0417567171883787,0.0167061523982003,0.0768606428458782,0.0351555635570083,0.0176633468552821
"SPEECH_201",NA,NA,NA,NA,NA,NA,NA,NA,NA,NA,NA,NA,NA,NA,NA,NA,NA,NA,NA,NA,NA,NA,NA,NA,NA,NA,NA,NA,NA,NA,NA,NA,NA,NA,NA,NA,NA,NA,NA,NA,NA,NA,NA,NA,NA,NA,NA,NA,NA,NA,NA,NA,NA,NA,NA,NA,NA,NA,NA,NA,0.026149880314353,0.0194828935783502,0.0210147411826741,0.0270355939426573,0.0471472851268248,0.0272128294497408,0.0389786207119215,0.0211389502996619,0.0374916793771164,0.0198314316516137,0.0433878888021734,0.0369800963875358,0.0255716108083718,0.0204293500827652,0.0290559496949598,0.0474425469329185,0.0210968206125796,0.0203132305029778,0.0236682040174217,0.025897871312156,0.0510499783809171,0.026060345293646,0.0135970849497629,0.0531161950486458,0.049815678440434,0.0757865235232845,0.0305772967923186,0.0718478940740863,0.0287924556306909,0.0200290730774408,0.0332474240513369,0.0313440664676726,0.0214376103562792,0.0350062549870323,0.059406213271681,0.0361688934996239,0.0364699743205679,0.0168824935547091,0.0276128576912813,0.0279720968183231,0.0221777945468417,0.0556647186481329,0.0200446516842941,0.0616656747106536,0.0292517466980893,0.0292974630078161,0.0215045540936914,0.0218302973347627,0.0156861727171969,0.0344263116778426,0.0217573085561211,0.0214233021730967,0.0290299281218861,0.0501821634620906,0.0521741133050532,0.0784834133829754,0.0257630499499575,0.0212608606752057,0.032387062386818,0.0304415278489672
"SPEECH_530",NA,NA,NA,NA,NA,NA,NA,NA,NA,NA,NA,NA,NA,NA,NA,NA,NA,NA,NA,NA,NA,NA,NA,NA,NA,NA,NA,NA,NA,NA,NA,NA,NA,NA,NA,NA,NA,NA,NA,NA,NA,NA,NA,NA,NA,NA,NA,NA,NA,NA,NA,NA,NA,NA,NA,NA,NA,NA,NA,NA,0.0276875242604767,0.0322038035293454,0.0145708255907107,0.0573385662220756,0.0510145315170935,0.060252440540903,0.0289857678154665,0.0196832105885821,0.0353124211409025,0.0348299389227836,0.0463248307026406,0.0403533047402341,0.0333179281353017,0.0347837795894942,0.0407872266155003,0.0380206097345572,0.0350845595633357,0.0158341690917108,0.0207148571174015,0.0361275917628991,0.0380372823237772,0.0200963931287578,0.0169733179395701,0.0364839581369891,0.0440481317904282,0.0298534157979567,0.022789964926211,0.0340645520655424,0.0322191707968104,0.0222059259125424,0.0252065777742961,0.0249781760558143,0.0140278590979303,0.064682785165896,0.0511842291210499,0.0388270116601472,0.0219718039155184,0.018297470840608,0.0418884405300059,0.0332126272963953,0.0311671182996235,0.0148924718268904,0.0216999142041677,0.051212508700087,0.025766693365554,0.0457471458948136,0.0244445556899134,0.0224793322400312,0.0176430091388049,0.0289615802082977,0.046653119937495,0.0168879545753966,0.0256137595946218,0.074127938601926,0.083772510789973,0.0208443033432326,0.0373830443728547,0.0269888296864856,0.0332059275614182,0.0162313005107517
"SPEECH_180",NA,NA,NA,NA,NA,NA,NA,NA,NA,NA,NA,NA,NA,NA,NA,NA,NA,NA,NA,NA,NA,NA,NA,NA,NA,NA,NA,NA,NA,NA,NA,NA,NA,NA,NA,NA,NA,NA,NA,NA,NA,NA,NA,NA,NA,NA,NA,NA,NA,NA,NA,NA,NA,NA,NA,NA,NA,NA,NA,NA,0.0617003311353266,0.0405811622805373,0.0177037755255414,0.0323878503353644,0.0952635940102017,0.0225159104692012,0.0207950919562521,0.0137474415807607,0.0397245489723663,0.0240912168376152,0.0204706767848594,0.0256112016059639,0.0231059432524137,0.0164493769843353,0.0291387813809849,0.0148783468846973,0.0142044960666053,0.0154981166495457,0.020890235315209,0.0789381842285663,0.02114894915012,0.0265126789551453,0.0125667970309471,0.0556285067051304,0.0542188500830373,0.0883143243728234,0.0173899896058494,0.0198676415855096,0.0345157149043191,0.0421402653507711,0.0525105132341016,0.0201316579465419,0.0223545896723969,0.0115722964860593,0.0860468470956922,0.0352013720886641,0.0199684652437778,0.0188884997206847,0.0364436934124129,0.0180395751826839,0.0247462521313191,0.0501001325817627,0.0449709635128875,0.0547109386069408,0.0335540263838956,0.0243240564987844,0.0139693968027397,0.0158860577936027,0.0161361793173016,0.0153628757404787,0.0548310260810257,0.0233542518070071,0.00966051636165542,0.0376972561225331,0.0340916148395347,0.0850544101140672,0.0349637534804453,0.0247717060906712,0.0375062192527737,0.0431508563975587
"SPEECH_678",NA,NA,NA,NA,NA,NA,NA,NA,NA,NA,NA,NA,NA,NA,NA,NA,NA,NA,NA,NA,NA,NA,NA,NA,NA,NA,NA,NA,NA,NA,NA,NA,NA,NA,NA,NA,NA,NA,NA,NA,NA,NA,NA,NA,NA,NA,NA,NA,NA,NA,NA,NA,NA,NA,NA,NA,NA,NA,NA,NA,0.0278478600845474,0.041215008638224,0.0122720642213964,0.0687620224244364,0.0406671387634398,0.0223421858313698,0.0199965828916162,0.0162395561934154,0.030004644106386,0.0147064215070551,0.0257217886525382,0.0333415539119907,0.0138242260042869,0.0360618938721745,0.0340680684807821,0.043225246056478,0.0322997905924277,0.0194890606869878,0.0506027416734345,0.0341757063220717,0.0595571288331616,0.0157951403270716,0.0259630396964302,0.043098303399356,0.0278896421814457,0.0236489016876879,0.0530756627798204,0.0228463733924558,0.0581766564604566,0.0530855903270557,0.0166665874516055,0.0334587437157612,0.0173391440417649,0.0412903528462788,0.0432840718070744,0.0558083526120136,0.0380216022653279,0.0234588886196387,0.0387221999026403,0.0175453948691421,0.0258269408692662,0.0278424152721023,0.0235818659664731,0.0289578833443408,0.0238276758106499,0.045694215930048,0.05984845705198,0.0267944937658763,0.0207625206106051,0.0324168095410434,0.0433413088646363,0.0163475045460562,0.0267048111920933,0.0324819464390421,0.055213066543785,0.0361946870037451,0.035350882268266,0.0368630462570302,0.0461608841038904,0.0301932464878229
"SPEECH_745",NA,NA,NA,NA,NA,NA,NA,NA,NA,NA,NA,NA,NA,NA,NA,NA,NA,NA,NA,NA,NA,NA,NA,NA,NA,NA,NA,NA,NA,NA,NA,NA,NA,NA,NA,NA,NA,NA,NA,NA,NA,NA,NA,NA,NA,NA,NA,NA,NA,NA,NA,NA,NA,NA,NA,NA,NA,NA,NA,NA,0.0213731817098482,0.0196605734113217,0.0165071172352367,0.0232987079764343,0.0822199131923103,0.0276546716360355,0.0606269307920994,0.0134792511081757,0.0304093011559759,0.0239715196352201,0.0302724401693498,0.0422599672107907,0.0361574747893944,0.0227135272945248,0.0226327540111745,0.0324472765496838,0.0935647715908316,0.0316242555045327,0.0253337600158819,0.039762995742788,0.0117731404326193,0.0141750103418723,0.0113966034015916,0.0245538246634425,0.0162427557516627,0.0704785207018779,0.0429648385377426,0.0529595178296288,0.0463818698477686,0.0131035277601838,0.0212972455060705,0.0472599085779597,0.0205842233474901,0.029746299375832,0.0312240488101951,0.0886605519514461,0.0391233762695154,0.0246054848397313,0.0302980304239604,0.0247735121758075,0.0414922720703233,0.0206242733355923,0.0244310322602133,0.0228451638294353,0.0246848803360574,0.027369855004026,0.0490662822422,0.0228235026895524,0.0366629537375168,0.0321487833791513,0.0407851241388338,0.0405218106128919,0.0131742165667673,0.04180386267654,0.0454185825791131,0.0535447774786124,0.0237046021333239,0.0222650031980076,0.0273066861072065,0.0317536543466272
"SPEECH_176",NA,NA,NA,NA,NA,NA,NA,NA,NA,NA,NA,NA,NA,NA,NA,NA,NA,NA,NA,NA,NA,NA,NA,NA,NA,NA,NA,NA,NA,NA,NA,NA,NA,NA,NA,NA,NA,NA,NA,NA,NA,NA,NA,NA,NA,NA,NA,NA,NA,NA,NA,NA,NA,NA,NA,NA,NA,NA,NA,NA,0.0253951756132507,0.0239947572772739,0.0186711446242837,0.0228605698656306,0.0295945470994982,0.030206043191962,0.0292655378154417,0.0175641104025561,0.0440602015513791,0.0152139049288457,0.0410924487211881,0.0244890878305697,0.0172936601866087,0.0411210551666542,0.0244567561321155,0.0812981649291016,0.0818090127365439,0.0279016544670702,0.0296752265444579,0.049102871164641,0.0267717298823845,0.0145575973795886,0.0141807206016023,0.0153694814754771,0.0614095295620265,0.0578338551430658,0.0203940997566972,0.0547217882637934,0.0436904548653233,0.0160048128209689,0.0268602883380502,0.0358749302762607,0.0224039132999613,0.0135919728817864,0.153355635519454,0.0179538197504808,0.0154153455151238,0.00913559784369749,0.0546654505830194,0.0128561917723259,0.0170762934392777,0.0101888646788869,0.0397767933798976,0.0119310249576325,0.0181701664517629,0.0141457319786523,0.0179338930806258,0.0162323389791761,0.0165361795236583,0.0384540106889135,0.0168329857419462,0.0170692591130833,0.0069208908226777,0.0677303116816616,0.0114584782153584,0.1046035202811,0.0533898849243834,0.0247061141641812,0.0500809755244345,0.0846491365925304
"SPEECH_733",NA,NA,NA,NA,NA,NA,NA,NA,NA,NA,NA,NA,NA,NA,NA,NA,NA,NA,NA,NA,NA,NA,NA,NA,NA,NA,NA,NA,NA,NA,NA,NA,NA,NA,NA,NA,NA,NA,NA,NA,NA,NA,NA,NA,NA,NA,NA,NA,NA,NA,NA,NA,NA,NA,NA,NA,NA,NA,NA,NA,0.0253951756132507,0.0239947572772739,0.0186711446242837,0.0228605698656306,0.0295945470994982,0.030206043191962,0.0292655378154417,0.0175641104025561,0.0440602015513791,0.0152139049288457,0.0410924487211881,0.0244890878305697,0.0172936601866087,0.0411210551666542,0.0244567561321155,0.0812981649291016,0.0818090127365439,0.0279016544670702,0.0296752265444579,0.049102871164641,0.0267717298823845,0.0145575973795886,0.0141807206016023,0.0153694814754771,0.0614095295620265,0.0578338551430658,0.0203940997566972,0.0547217882637934,0.0436904548653233,0.0160048128209689,0.0268602883380502,0.0358749302762607,0.0224039132999613,0.0135919728817864,0.153355635519454,0.0179538197504808,0.0154153455151238,0.00913559784369749,0.0546654505830194,0.0128561917723259,0.0170762934392777,0.0101888646788869,0.0397767933798976,0.0119310249576325,0.0181701664517629,0.0141457319786523,0.0179338930806258,0.0162323389791761,0.0165361795236583,0.0384540106889135,0.0168329857419462,0.0170692591130833,0.0069208908226777,0.0677303116816616,0.0114584782153584,0.1046035202811,0.0533898849243834,0.0247061141641812,0.0500809755244345,0.0846491365925304
"SPEECH_555",NA,NA,NA,NA,NA,NA,NA,NA,NA,NA,NA,NA,NA,NA,NA,NA,NA,NA,NA,NA,NA,NA,NA,NA,NA,NA,NA,NA,NA,NA,NA,NA,NA,NA,NA,NA,NA,NA,NA,NA,NA,NA,NA,NA,NA,NA,NA,NA,NA,NA,NA,NA,NA,NA,NA,NA,NA,NA,NA,NA,0.0268602883380502,0.0358749302762607,0.0224039132999613,0.0135919728817864,0.153355635519454,0.0179538197504808,0.0154153455151238,0.00913559784369749,0.0546654505830194,0.0128561917723259,0.0170762934392777,0.0101888646788869,0.0397767933798976,0.0119310249576325,0.0181701664517629,0.0141457319786523,0.0179338930806258,0.0162323389791761,0.0165361795236583,0.0384540106889135,0.0168329857419462,0.0170692591130833,0.0069208908226777,0.0677303116816616,0.0114584782153584,0.1046035202811,0.0533898849243834,0.0247061141641812,0.0500809755244345,0.0846491365925304,0.0908503019614131,0.0192453636898081,0.00689968467746246,0.00813425257869702,0.0211052322163433,0.00813425257869702,0.0424295868740313,0.0106033883811662,0.00999412110523222,0.345764523542301,0.0161669606114051,0.120479931591043,0.0127678905456683,0.0427021538132649,0.00566511677622789,0.0102987547431992,0.0204959649404094,0.00689968467746246,0.0220511998289776,0.00566511677622789,0.00906418684196462,0.0461012238790017,0.0263481374592486,0.00999412110523222,0.0229490673935118,0.00936882047993159,0.0192453636898081,0.00936882047993159,0.0106033883811662,0.0106033883811662
"SPEECH_317",NA,NA,NA,NA,NA,NA,NA,NA,NA,NA,NA,NA,NA,NA,NA,NA,NA,NA,NA,NA,NA,NA,NA,NA,NA,NA,NA,NA,NA,NA,NA,NA,NA,NA,NA,NA,NA,NA,NA,NA,NA,NA,NA,NA,NA,NA,NA,NA,NA,NA,NA,NA,NA,NA,NA,NA,NA,NA,NA,NA,0.0587158703346071,0.0161842877767364,0.0117038522343708,0.0321051143572148,0.051856394092734,0.0474681114076764,0.059947083170167,0.0128906779030952,0.031029897949136,0.0354105484550888,0.0184174479658545,0.06648386068799,0.0308867376246434,0.0515211771806499,0.0305642097968883,0.0205596671830282,0.0357176964025164,0.0154595997668785,0.0256726841771903,0.0326826363101329,0.0187050565642007,0.0309726230415847,0.0224085127664629,0.0298224190011898,0.030510857698521,0.0470716699874951,0.0208531964187367,0.0660602386497534,0.0315778422777442,0.0167400288177129,0.0182794968834818,0.036019095061691,0.0110586158975699,0.0576518848515144,0.0648297144699895,0.0267744535603724,0.0287602151558998,0.0128769448413587,0.0487713989817677,0.0233555534635871,0.0423615745588745,0.0265170344625628,0.017312330089512,0.0703304322978903,0.0442409034613513,0.0399897716123049,0.0470586633849672,0.0186219504080062,0.0348239169851464,0.0196719002664511,0.0156253724205933,0.0193256384600195,0.0338449068263575,0.0174904149358986,0.0232031926775183,0.070127934051183,0.033323277979229,0.038473044268284,0.0288752138997235,0.0304051537868946
"SPEECH_214",NA,NA,NA,NA,NA,NA,NA,NA,NA,NA,NA,NA,NA,NA,NA,NA,NA,NA,NA,NA,NA,NA,NA,NA,NA,NA,NA,NA,NA,NA,NA,NA,NA,NA,NA,NA,NA,NA,NA,NA,NA,NA,NA,NA,NA,NA,NA,NA,NA,NA,NA,NA,NA,NA,NA,NA,NA,NA,NA,NA,0.0104166666666667,0.00651041666666667,0.00651041666666667,0.00651041666666667,0.0143229166666667,0.00651041666666667,0.0690104166666667,0.00651041666666667,0.0104166666666667,0.639322916666667,0.0182291666666667,0.0260416666666667,0.00651041666666667,0.00651041666666667,0.00651041666666667,0.00651041666666667,0.0494791666666667,0.0143229166666667,0.00651041666666667,0.00651041666666667,0.00651041666666667,0.00651041666666667,0.00651041666666667,0.00651041666666667,0.0143229166666667,0.00651041666666667,0.00651041666666667,0.0104166666666667,0.00651041666666667,0.00651041666666667,0.0434158327435902,0.0209684247162567,0.0134371105859683,0.0281068502420321,0.0274969640121787,0.0754138964265742,0.0398950915512836,0.0223484146538919,0.0381014887643987,0.0264809885824159,0.0480300264735008,0.050886849386988,0.0104878437315773,0.0655834291040511,0.017518782725308,0.0326982220118229,0.0350536044078111,0.0237251594498533,0.0300681726855911,0.0133774616072367,0.0303724197371981,0.026351149180797,0.0274438866586341,0.0363600902612545,0.0586519371508426,0.0499232620671517,0.0298104835354218,0.0380857894341741,0.0228594986936387,0.0170468694185566
"SPEECH_168",NA,NA,NA,NA,NA,NA,NA,NA,NA,NA,NA,NA,NA,NA,NA,NA,NA,NA,NA,NA,NA,NA,NA,NA,NA,NA,NA,NA,NA,NA,NA,NA,NA,NA,NA,NA,NA,NA,NA,NA,NA,NA,NA,NA,NA,NA,NA,NA,NA,NA,NA,NA,NA,NA,NA,NA,NA,NA,NA,NA,0.0355774192911453,0.0280732132610233,0.0121425959639414,0.0255546138000926,0.0264446761418541,0.0302577548708502,0.00888526697371335,0.0191723350915188,0.0115616733417946,0.0112507775324879,0.0834834102189821,0.0449813950788871,0.00850953511017206,0.18452713312614,0.0182381463257965,0.0555947086565171,0.0121702756059132,0.061589017220776,0.0114906179447632,0.0103425123190456,0.0287937399186398,0.0211474230944551,0.00839435328917994,0.0261217968036634,0.0263043214374833,0.118698507786052,0.0155410303274414,0.0183438513764977,0.0205361136669236,0.01627178442425,0.0338662127845526,0.031738086919599,0.00958799419369303,0.0274532195036063,0.0529529180717071,0.0396684727024433,0.0448421154834618,0.0105831007687063,0.0417906834264349,0.0298946254074632,0.0457495447990496,0.0333196340443573,0.0149870740380994,0.0380953157035822,0.0499948532565295,0.0731258255773649,0.0985738670851797,0.0169902617868797,0.0137206219436442,0.0154945901924774,0.0159204564962091,0.0150505629299796,0.0144636601375951,0.00945994222948388,0.0475661913138103,0.0497145209217563,0.0273163039399254,0.0373074450990599,0.0307716387319772,0.0300002605113717
"SPEECH_542",NA,NA,NA,NA,NA,NA,NA,NA,NA,NA,NA,NA,NA,NA,NA,NA,NA,NA,NA,NA,NA,NA,NA,NA,NA,NA,NA,NA,NA,NA,NA,NA,NA,NA,NA,NA,NA,NA,NA,NA,NA,NA,NA,NA,NA,NA,NA,NA,NA,NA,NA,NA,NA,NA,NA,NA,NA,NA,NA,NA,0.0387755974712755,0.0231744855265218,0.0226285343534117,0.0491468578096945,0.0332652460087189,0.0380903834718891,0.0365740584292463,0.0354067110132656,0.0192327039820182,0.0210188507527475,0.0703776461224191,0.0521244547004743,0.0147153859241495,0.0348093548519867,0.0181070457233236,0.0517168408452765,0.0353334623364114,0.0169144415124098,0.0443220340442965,0.0293810315135057,0.0264952944806603,0.0138823309003201,0.015613536433131,0.0254594570884992,0.0587551934011182,0.0394446266143667,0.0641824238490815,0.0140826752913478,0.0280122239085024,0.0289571116399306,0.0765275065544205,0.0214298412488228,0.0145399572961647,0.0350668966776893,0.0513129986705455,0.0451089086231288,0.0574240742531125,0.0214380973372163,0.0363017899594844,0.0405366197799093,0.0337944769583415,0.07648103529688,0.0127180465439792,0.0302578908229734,0.0167253050466546,0.0247249574376915,0.0117230366536237,0.0226839679762298,0.0139527680579479,0.029682016042794,0.0220403498769931,0.0206307568436671,0.0150704979040401,0.0385560469739904,0.030132115630651,0.0693541236608365,0.0281869456037594,0.0271883507954291,0.0152721836117486,0.0611384378612749
"SPEECH_541",NA,NA,NA,NA,NA,NA,NA,NA,NA,NA,NA,NA,NA,NA,NA,NA,NA,NA,NA,NA,NA,NA,NA,NA,NA,NA,NA,NA,NA,NA,NA,NA,NA,NA,NA,NA,NA,NA,NA,NA,NA,NA,NA,NA,NA,NA,NA,NA,NA,NA,NA,NA,NA,NA,NA,NA,NA,NA,NA,NA,0.0765275065544205,0.0214298412488228,0.0145399572961647,0.0350668966776893,0.0513129986705455,0.0451089086231288,0.0574240742531125,0.0214380973372163,0.0363017899594844,0.0405366197799093,0.0337944769583415,0.07648103529688,0.0127180465439792,0.0302578908229734,0.0167253050466546,0.0247249574376915,0.0117230366536237,0.0226839679762298,0.0139527680579479,0.029682016042794,0.0220403498769931,0.0206307568436671,0.0150704979040401,0.0385560469739904,0.030132115630651,0.0693541236608365,0.0281869456037594,0.0271883507954291,0.0152721836117486,0.0611384378612749,0.0377743746809597,0.0622766717713119,0.0209290454313425,0.00408371618172537,0.0423685553854007,0.00255232261357836,0.0316488004083716,0.0071465033180194,0.0423685553854007,0.0071465033180194,0.0393057682491067,0.477284328739153,0.0148034711587545,0.0071465033180194,0.0163348647269015,0.0178662582950485,0.0148034711587545,0.00408371618172537,0.0071465033180194,0.0576824910668709,0.00255232261357836,0.0163348647269015,0.00408371618172537,0.00255232261357836,0.0209290454313425,0.00867789688616641,0.00561510974987238,0.0102092904543134,0.0117406840224604,0.00255232261357836
"SPEECH_217",NA,NA,NA,NA,NA,NA,NA,NA,NA,NA,NA,NA,NA,NA,NA,NA,NA,NA,NA,NA,NA,NA,NA,NA,NA,NA,NA,NA,NA,NA,NA,NA,NA,NA,NA,NA,NA,NA,NA,NA,NA,NA,NA,NA,NA,NA,NA,NA,NA,NA,NA,NA,NA,NA,NA,NA,NA,NA,NA,NA,0.0700383217695946,0.0377029286425683,0.019287899443464,0.0368157179384262,0.043679587646785,0.0158645348714276,0.0233539728505114,0.0120198081421797,0.0314251553638616,0.0191852123110453,0.0406644111974913,0.0483539025635044,0.0131958918969682,0.0346772223990131,0.0226972408737603,0.0454663430312053,0.104622732353345,0.0135316755195884,0.0367139502493864,0.0152776813314142,0.0105762032909354,0.0527302679192996,0.00805640496123653,0.0400936186266579,0.0332196196437556,0.0516190377538166,0.0472074607220287,0.0314595118439172,0.0162801751484616,0.024183509694351,0.0402993451102354,0.0365963727779827,0.0203794954396124,0.028340935606027,0.0551716504618909,0.019754785494714,0.0482662865602916,0.0141164313899186,0.0407227519558325,0.0208871997145394,0.0248754424737847,0.124140760026147,0.0185535160875822,0.028090476578265,0.027893528909375,0.035659780491735,0.0360892282964959,0.010520905104494,0.0130879663591673,0.0319972177960182,0.0140319494587055,0.0201521301149607,0.0236331675238468,0.0503871062239063,0.0344951429834583,0.0623795762703304,0.0262821628294451,0.0276090694287579,0.0476851174763983,0.0179005010560819
"SPEECH_183",NA,NA,NA,NA,NA,NA,NA,NA,NA,NA,NA,NA,NA,NA,NA,NA,NA,NA,NA,NA,NA,NA,NA,NA,NA,NA,NA,NA,NA,NA,NA,NA,NA,NA,NA,NA,NA,NA,NA,NA,NA,NA,NA,NA,NA,NA,NA,NA,NA,NA,NA,NA,NA,NA,NA,NA,NA,NA,NA,NA,0.0514979988711655,0.02267746346077,0.0150751342024341,0.0301826281576403,0.0475013366787041,0.0548719019706886,0.0186351778254119,0.019637119684084,0.0716536707892521,0.0559799043616791,0.0321718670027658,0.0318853843392079,0.041028023504156,0.0582704012720334,0.0248773840311816,0.0406654649382505,0.0216408687132876,0.0255817798093381,0.025148817441247,0.0131006142950272,0.0174353718888028,0.0358025806189459,0.0411272098031501,0.0216965484428363,0.0337782176646138,0.049389434480732,0.0327732443717535,0.0308159679724681,0.0180659020133209,0.0170325813950517,0.0280810959353089,0.0339507426078934,0.0285462320640301,0.0304153928328103,0.0687272312311146,0.0254572039127465,0.0184382111789566,0.0192082758879964,0.0460976019270438,0.0374859868800579,0.0207264738185561,0.0214965385275959,0.0335724206216449,0.0133475040334549,0.0542556167421463,0.0387213987236559,0.022290950904984,0.017363568290483,0.0187339145403474,0.024530167807002,0.0245146949566966,0.0553306439236339,0.025053469389314,0.0201414202300706,0.0270153278648784,0.119896221061114,0.0195809592078997,0.0496574048733937,0.0407235472878585,0.0166397827373115
"SPEECH_667",NA,NA,NA,NA,NA,NA,NA,NA,NA,NA,NA,NA,NA,NA,NA,NA,NA,NA,NA,NA,NA,NA,NA,NA,NA,NA,NA,NA,NA,NA,NA,NA,NA,NA,NA,NA,NA,NA,NA,NA,NA,NA,NA,NA,NA,NA,NA,NA,NA,NA,NA,NA,NA,NA,NA,NA,NA,NA,NA,NA,0.056580111870029,0.0351609791029124,0.0142565800623434,0.0384263614413822,0.0454035450637712,0.0348393861509154,0.0269281146474055,0.0161842307116583,0.0241683579554321,0.0256203047364282,0.0240312256984447,0.0273194328239615,0.0158325430728532,0.0319663383436153,0.0228032878154997,0.0723208770880371,0.095798679069662,0.013500835082059,0.0520873025308212,0.0183740867936832,0.0185883591326753,0.0460233252797969,0.0295865334601128,0.034418847605643,0.0303398604750712,0.0544126588990238,0.0291433206360741,0.021000119938107,0.0238692541509086,0.0210151403616729,0.0240949052059827,0.0342608048502597,0.0195497859688942,0.0234131925112631,0.067972312144433,0.035483285897225,0.022199955027254,0.0146649959070457,0.0428033119157391,0.0378040419513641,0.0400155024538816,0.0199123815145836,0.0400470627260476,0.0293477411387574,0.0287465118604443,0.046764936413631,0.0354777142038779,0.0150033472358271,0.0613413136611244,0.0316467225279456,0.0228324874520534,0.0324255735054704,0.0315349587789134,0.0414674311317302,0.0259312806671022,0.0401782865841938,0.027910538325941,0.038854833518478,0.0485506059876994,0.0197641789328374
"SPEECH_366",NA,NA,NA,NA,NA,NA,NA,NA,NA,NA,NA,NA,NA,NA,NA,NA,NA,NA,NA,NA,NA,NA,NA,NA,NA,NA,NA,NA,NA,NA,NA,NA,NA,NA,NA,NA,NA,NA,NA,NA,NA,NA,NA,NA,NA,NA,NA,NA,NA,NA,NA,NA,NA,NA,NA,NA,NA,NA,NA,NA,0.0240949052059827,0.0342608048502597,0.0195497859688942,0.0234131925112631,0.067972312144433,0.035483285897225,0.022199955027254,0.0146649959070457,0.0428033119157391,0.0378040419513641,0.0400155024538816,0.0199123815145836,0.0400470627260476,0.0293477411387574,0.0287465118604443,0.046764936413631,0.0354777142038779,0.0150033472358271,0.0613413136611244,0.0316467225279456,0.0228324874520534,0.0324255735054704,0.0315349587789134,0.0414674311317302,0.0259312806671022,0.0401782865841938,0.027910538325941,0.038854833518478,0.0485506059876994,0.0197641789328374,0.0326839100144003,0.0389051189443355,0.0295150740215458,0.0312710788173672,0.0197880339606295,0.0500308521031134,0.0531505387197141,0.0141270704027862,0.0196924208903465,0.0209989565884903,0.0174720806556911,0.12806368774567,0.0161394024618352,0.0353969639328803,0.0310716240062203,0.0237800524284752,0.0206089760478583,0.0153264988673441,0.0124682975081569,0.0136964057191642,0.0091573615585702,0.0212609752715616,0.016842258023897,0.0246806372856433,0.020459862703348,0.0901234724235324,0.0678879949602562,0.0286593293890139,0.0616054142487796,0.0351356502993739
"SPEECH_172",NA,NA,NA,NA,NA,NA,NA,NA,NA,NA,NA,NA,NA,NA,NA,NA,NA,NA,NA,NA,NA,NA,NA,NA,NA,NA,NA,NA,NA,NA,NA,NA,NA,NA,NA,NA,NA,NA,NA,NA,NA,NA,NA,NA,NA,NA,NA,NA,NA,NA,NA,NA,NA,NA,NA,NA,NA,NA,NA,NA,NA,NA,NA,NA,NA,NA,NA,NA,NA,NA,NA,NA,NA,NA,NA,NA,NA,NA,NA,NA,NA,NA,NA,NA,NA,NA,NA,NA,NA,NA,0.0319933185046994,0.0322251638947195,0.0114204656565588,0.0546497125378155,0.0499558372436348,0.0138292845716879,0.0276465150934463,0.0106846304836375,0.0186924277857474,0.030319023077371,0.0184274270318312,0.047200148243289,0.00874664598751351,0.0371213615738198,0.0840168087268739,0.0698884868540361,0.0334558474142395,0.0109359695325278,0.0136461531490721,0.0182397753404919,0.00969745626182602,0.0164849222669836,0.00801081081459225,0.0569858035579466,0.0296026815633199,0.0913751604560865,0.0251363331881466,0.0295526559107949,0.0640336491494415,0.0460255241278491
"SPEECH_154",NA,NA,NA,NA,NA,NA,NA,NA,NA,NA,NA,NA,NA,NA,NA,NA,NA,NA,NA,NA,NA,NA,NA,NA,NA,NA,NA,NA,NA,NA,NA,NA,NA,NA,NA,NA,NA,NA,NA,NA,NA,NA,NA,NA,NA,NA,NA,NA,NA,NA,NA,NA,NA,NA,NA,NA,NA,NA,NA,NA,0.0319933185046994,0.0322251638947195,0.0114204656565588,0.0546497125378155,0.0499558372436348,0.0138292845716879,0.0276465150934463,0.0106846304836375,0.0186924277857474,0.030319023077371,0.0184274270318312,0.047200148243289,0.00874664598751351,0.0371213615738198,0.0840168087268739,0.0698884868540361,0.0334558474142395,0.0109359695325278,0.0136461531490721,0.0182397753404919,0.00969745626182602,0.0164849222669836,0.00801081081459225,0.0569858035579466,0.0296026815633199,0.0913751604560865,0.0251363331881466,0.0295526559107949,0.0640336491494415,0.0460255241278491,0.0310758579958309,0.0512259814692529,0.0176015527245923,0.0798483939372806,0.0560654826598619,0.0387092381175259,0.0228837938322745,0.0169763630240987,0.0296876101649632,0.0307731647945541,0.0228557100973793,0.0126042772047886,0.0514014718937547,0.048312760355799,0.0236341424508342,0.0350486324022971,0.0205045757071091,0.0149873453439433,0.0131511669134195,0.0158800453591379,0.0320718076819499,0.0275085100581933,0.0161635145376251,0.0728432057832777,0.0296190260583999,0.0367615011679455,0.0525012041213757,0.0401452882232904,0.0417198400795371,0.0174385358397076
"SPEECH_519",NA,NA,NA,NA,NA,NA,NA,NA,NA,NA,NA,NA,NA,NA,NA,NA,NA,NA,NA,NA,NA,NA,NA,NA,NA,NA,NA,NA,NA,NA,NA,NA,NA,NA,NA,NA,NA,NA,NA,NA,NA,NA,NA,NA,NA,NA,NA,NA,NA,NA,NA,NA,NA,NA,NA,NA,NA,NA,NA,NA,0.0319933185046994,0.0322251638947195,0.0114204656565588,0.0546497125378155,0.0499558372436348,0.0138292845716879,0.0276465150934463,0.0106846304836375,0.0186924277857474,0.030319023077371,0.0184274270318312,0.047200148243289,0.00874664598751351,0.0371213615738198,0.0840168087268739,0.0698884868540361,0.0334558474142395,0.0109359695325278,0.0136461531490721,0.0182397753404919,0.00969745626182602,0.0164849222669836,0.00801081081459225,0.0569858035579466,0.0296026815633199,0.0913751604560865,0.0251363331881466,0.0295526559107949,0.0640336491494415,0.0460255241278491,0.0310758579958309,0.0512259814692529,0.0176015527245923,0.0798483939372806,0.0560654826598619,0.0387092381175259,0.0228837938322745,0.0169763630240987,0.0296876101649632,0.0307731647945541,0.0228557100973793,0.0126042772047886,0.0514014718937547,0.048312760355799,0.0236341424508342,0.0350486324022971,0.0205045757071091,0.0149873453439433,0.0131511669134195,0.0158800453591379,0.0320718076819499,0.0275085100581933,0.0161635145376251,0.0728432057832777,0.0296190260583999,0.0367615011679455,0.0525012041213757,0.0401452882232904,0.0417198400795371,0.0174385358397076
"SPEECH_719",NA,NA,NA,NA,NA,NA,NA,NA,NA,NA,NA,NA,NA,NA,NA,NA,NA,NA,NA,NA,NA,NA,NA,NA,NA,NA,NA,NA,NA,NA,NA,NA,NA,NA,NA,NA,NA,NA,NA,NA,NA,NA,NA,NA,NA,NA,NA,NA,NA,NA,NA,NA,NA,NA,NA,NA,NA,NA,NA,NA,0.0452232822839058,0.0394377602530969,0.0176035999858103,0.0178509020014559,0.0625163703287875,0.0452251312049395,0.0404398573460087,0.0210866614412462,0.0204275638869433,0.0291062233678224,0.0258269275952412,0.0276564052166503,0.027802283066089,0.0380727423078679,0.046417296619764,0.0354234512709111,0.0619504717625355,0.0237733578492296,0.0247011598366532,0.0314149635260863,0.0179324881011733,0.0270667239666946,0.0168094365268544,0.0268470526723952,0.0190017148119841,0.073185530177972,0.0490531766533935,0.0232280625128967,0.0297612403657186,0.0351581630598731,0.0113268499040857,0.037312440645774,0.0150260368959556,0.0476293843163762,0.12446579090888,0.0215334026106384,0.015423602293521,0.0116590177362535,0.0260678970231816,0.033130534024843,0.014443286313205,0.0521070250135291,0.014009776733354,0.0328122953529458,0.0605314506330766,0.0202565787118633,0.0113922474694832,0.0232914300393975,0.0144073421309194,0.0220345681118039,0.024699712362314,0.020073651882595,0.0104119314891673,0.125022057135878,0.0169410279572881,0.112002856372775,0.0246198170994919,0.0101613487385845,0.035696863359465,0.011509776733354
"SPEECH_190",NA,NA,NA,NA,NA,NA,NA,NA,NA,NA,NA,NA,NA,NA,NA,NA,NA,NA,NA,NA,NA,NA,NA,NA,NA,NA,NA,NA,NA,NA,NA,NA,NA,NA,NA,NA,NA,NA,NA,NA,NA,NA,NA,NA,NA,NA,NA,NA,NA,NA,NA,NA,NA,NA,NA,NA,NA,NA,NA,NA,0.0793842564266704,0.0372040291523992,0.0142803430322503,0.0544232551038924,0.024602611683388,0.0391902651909231,0.0529815755297543,0.0133422484211959,0.0103194837651025,0.028076810032486,0.0637506777275268,0.0861060056343211,0.0114085926755756,0.0248845216417986,0.0225765588692285,0.0771915116653109,0.0222125767286099,0.0254778179923092,0.0219923831632362,0.0138000626430769,0.0118507664698952,0.0401904782966549,0.0220081589302474,0.028898292088901,0.0364474148001151,0.0460653100376706,0.030001788036832,0.0197758587103381,0.0243361782547503,0.0172201672955393,0.0187548041662913,0.0373249218625082,0.0149456461815013,0.0411668854253789,0.0683723626947937,0.0316184802141907,0.0425897785605888,0.027627157413611,0.0342954729064593,0.0304714156484198,0.0190968294626477,0.043598149424386,0.0297368368198321,0.0331606184706834,0.0711900735811848,0.0223169492400031,0.0234811495893066,0.0213491808649334,0.0262233905917409,0.0420496179426157,0.0231054652862177,0.0354571899541666,0.017686728227309,0.0342416944110172,0.0289875063896185,0.0763002924017769,0.0200839028855364,0.0336502071166214,0.0262826291412969,0.0248346631253626
"SPEECH_508",NA,NA,NA,NA,NA,NA,NA,NA,NA,NA,NA,NA,NA,NA,NA,NA,NA,NA,NA,NA,NA,NA,NA,NA,NA,NA,NA,NA,NA,NA,NA,NA,NA,NA,NA,NA,NA,NA,NA,NA,NA,NA,NA,NA,NA,NA,NA,NA,NA,NA,NA,NA,NA,NA,NA,NA,NA,NA,NA,NA,0.0447763342617214,0.0230168855352049,0.0137141869777045,0.0479312700225992,0.0373199993870874,0.0487004718326675,0.0399844268568037,0.0218473501890199,0.0498448633352321,0.0411328406137191,0.0372813480084193,0.0460321349030097,0.0201564162163033,0.0610209857513604,0.0185439925164809,0.0495466837786078,0.0346383086087423,0.0139367004771842,0.0221295919771104,0.0221389012672446,0.02215483168622,0.037144198302917,0.0249276882990513,0.0401429628683884,0.0455748620670985,0.0420924716316486,0.0270462516343335,0.0245904033011272,0.0279101919185464,0.0147224457744465,0.0368081816471083,0.0496749140119042,0.0102195067403567,0.0253615842582031,0.0512825732463014,0.0308301156914982,0.030184373835818,0.0134134858470664,0.0243033896908361,0.0124106730619578,0.0322524500692223,0.092908080434144,0.0101428621724014,0.0804591586698916,0.0648586795757255,0.0568163639336869,0.0219818049341051,0.0124829785422039,0.0139572056303079,0.0178380293771836,0.0194474602179845,0.0160958870827591,0.0114200144619432,0.0109558632205926,0.0914084649551443,0.0839003179407548,0.0285167670958965,0.0235137733332056,0.015295870166058,0.0112591701557392
"SPEECH_163",NA,NA,NA,NA,NA,NA,NA,NA,NA,NA,NA,NA,NA,NA,NA,NA,NA,NA,NA,NA,NA,NA,NA,NA,NA,NA,NA,NA,NA,NA,NA,NA,NA,NA,NA,NA,NA,NA,NA,NA,NA,NA,NA,NA,NA,NA,NA,NA,NA,NA,NA,NA,NA,NA,NA,NA,NA,NA,NA,NA,0.0298524240916835,0.0334120988744289,0.0282605774184403,0.0224100680854157,0.055456813783677,0.0298525383958111,0.0232996361748878,0.0171323392433878,0.0383037563606158,0.0431045832580847,0.0290521395502585,0.043033656341618,0.0242475408666799,0.0330490249274165,0.0335531983213498,0.0278395051233715,0.0228248921383868,0.0179836935350159,0.0226095451629808,0.0454287618223104,0.0270118372972245,0.0318828744846007,0.0390096682513081,0.0364565606061796,0.067372855795204,0.0635931964483185,0.0208714510005785,0.0357246331470458,0.0296775003834911,0.0276926291102285,0.057088879268456,0.0193435782363488,0.0135251740846798,0.0432349803665478,0.0457229588283664,0.0407738357501485,0.0254330601668918,0.0133066361103697,0.0611274000501523,0.0334629949029844,0.0267239747697232,0.0216673034588454,0.0314674221663921,0.0655314059799549,0.02250360593948,0.031674264292999,0.0546010743913563,0.012746241216121,0.0156285071210756,0.0192898257586401,0.0389075761678637,0.038771888965923,0.0152621061700641,0.020629192278312,0.0285308120518764,0.0717577345807301,0.0240226392064878,0.0489016022393966,0.0395141087109679,0.0188492167688452
"SPEECH_206",NA,NA,NA,NA,NA,NA,NA,NA,NA,NA,NA,NA,NA,NA,NA,NA,NA,NA,NA,NA,NA,NA,NA,NA,NA,NA,NA,NA,NA,NA,NA,NA,NA,NA,NA,NA,NA,NA,NA,NA,NA,NA,NA,NA,NA,NA,NA,NA,NA,NA,NA,NA,NA,NA,NA,NA,NA,NA,NA,NA,0.0503512688234243,0.0283979814534302,0.020370260929795,0.0203001654348221,0.0562133655307099,0.0504303928790455,0.0199588244746693,0.0161634271355826,0.0324908513958147,0.0320632833024291,0.0332852278010726,0.0671661727216215,0.0220340344867725,0.0199481678135272,0.054575963500873,0.0257636042357597,0.0614365811708726,0.0216184957217192,0.0216682243151371,0.0345156363127942,0.0103789888511443,0.019620792267705,0.0231751951869546,0.0163380368934856,0.0126466411187966,0.112552185199098,0.0419800745899788,0.030812940353057,0.0251375269387702,0.0186056891611379,0.027732052195684,0.0409375259708506,0.0179306624461317,0.0194623188816136,0.110394839291811,0.0601057295660295,0.028143141120768,0.0180975139993435,0.0686150521408165,0.0143694100090731,0.0169069016106394,0.0329993640865354,0.0326098398926966,0.0232004559991832,0.034051149632336,0.0230462877950805,0.0103986856575684,0.0259652919069294,0.0123774514704138,0.0320824238154553,0.0319427086118115,0.0441084115642122,0.0406553918489832,0.0134765148953531,0.035404303066983,0.0590275786520111,0.0268634311695997,0.0401765139247793,0.0269412305231361,0.0319778182541709
"SPEECH_510",NA,NA,NA,NA,NA,NA,NA,NA,NA,NA,NA,NA,NA,NA,NA,NA,NA,NA,NA,NA,NA,NA,NA,NA,NA,NA,NA,NA,NA,NA,NA,NA,NA,NA,NA,NA,NA,NA,NA,NA,NA,NA,NA,NA,NA,NA,NA,NA,NA,NA,NA,NA,NA,NA,NA,NA,NA,NA,NA,NA,0.0465733949394859,0.0379415127150419,0.0241750746231963,0.0105570617398882,0.0622797275545636,0.0352153471257586,0.0539503190733942,0.0211225648447294,0.0387541407317842,0.0122491091172148,0.0650628149763994,0.0314850161436642,0.00763308513170111,0.0396243408977144,0.0202753935384743,0.0246205415184072,0.126099774689513,0.0132101623424946,0.0332901038537815,0.0315926244198538,0.0178900321200312,0.0502723194534851,0.0149022097198212,0.0137372631024011,0.0142120325001222,0.0207501629361954,0.0102861857343075,0.0242650860963119,0.011518114965168,0.0864544833950956,0.0236485854801377,0.0320727968239859,0.0104894704760885,0.0393790893422842,0.040892466346656,0.0397016603889442,0.0325074198967809,0.0167782948902926,0.0310201780577953,0.0304366568132697,0.0323494457155158,0.0431782435997324,0.0183298717389502,0.0570073346081035,0.0632536979220221,0.0334405728746324,0.0606842629054279,0.0290184728259354,0.0184224416411972,0.0227682683830914,0.0232068969636927,0.0188920512588631,0.0158316887003796,0.020129745871015,0.0316680690368557,0.056374485265019,0.059457840779191,0.0328866901940334,0.0275832604910773,0.0385900407090297
"SPEECH_500",NA,NA,NA,NA,NA,NA,NA,NA,NA,NA,NA,NA,NA,NA,NA,NA,NA,NA,NA,NA,NA,NA,NA,NA,NA,NA,NA,NA,NA,NA,NA,NA,NA,NA,NA,NA,NA,NA,NA,NA,NA,NA,NA,NA,NA,NA,NA,NA,NA,NA,NA,NA,NA,NA,NA,NA,NA,NA,NA,NA,0.0261610248274483,0.0245902381890276,0.0170026686093216,0.0429540944605795,0.0357316858392219,0.0347926260497282,0.0252803027472959,0.0162830572654432,0.0795950089460756,0.02808944588962,0.0369850628135296,0.0271177452870637,0.0153481469528541,0.051834859085498,0.0321533343791961,0.037240986722642,0.0275237478362022,0.0244659776909907,0.016043769043559,0.0253868507005076,0.0128696532754721,0.0354790938392009,0.0685474845170423,0.0207440891102851,0.0294049992276744,0.0490068049453884,0.0506486256920102,0.0561929221183014,0.0336247729516844,0.0189009209871359,0.0403040448852572,0.0256698495407292,0.0210431633993081,0.0169007805103619,0.0607869739454113,0.026312179002647,0.0170804002422466,0.0144735960443425,0.0536349491909984,0.0417574916303957,0.037594464547122,0.0183041084022198,0.0275812546493645,0.0133257821479086,0.0393321077568421,0.0338057775656135,0.0175228781183528,0.0119983485195901,0.0145014272491487,0.0249774012255308,0.0209311444540508,0.0306047069645247,0.0633414197736181,0.033289048880115,0.0323477365922576,0.103362577089539,0.0450615220935846,0.0641814747280782,0.0341445299733742,0.0158288608774673
"SPEECH_177",NA,NA,NA,NA,NA,NA,NA,NA,NA,NA,NA,NA,NA,NA,NA,NA,NA,NA,NA,NA,NA,NA,NA,NA,NA,NA,NA,NA,NA,NA,NA,NA,NA,NA,NA,NA,NA,NA,NA,NA,NA,NA,NA,NA,NA,NA,NA,NA,NA,NA,NA,NA,NA,NA,NA,NA,NA,NA,NA,NA,0.0217433085455614,0.0241418811363005,0.0202208636363916,0.0460811057486162,0.0524433775345129,0.0297352468718301,0.0209068845890867,0.0224152716676544,0.0838049335069906,0.0204305174807615,0.0248665140992868,0.0309109737734843,0.0221658319991861,0.0385961673653625,0.0490409901306777,0.0332160355742883,0.0237362030266801,0.0226893806748228,0.0163146590724848,0.0185143457557346,0.0223277822723063,0.0169505380159897,0.0160243435864491,0.0767399475390109,0.0439980967326344,0.0686745479456066,0.0641863072402204,0.0232533041958596,0.0230235030978672,0.0228471371843418,0.0412931180663964,0.0359936769713395,0.0139323358975779,0.037156166065531,0.0440322585715834,0.0414193661682561,0.0291060082479539,0.0115860599286542,0.0276086620058551,0.0185953208877215,0.0352246290832184,0.0684185811876529,0.0230942899281952,0.0357548955461376,0.0251480920428313,0.0591049523483009,0.0533911994342023,0.0183137104187979,0.0414768571198303,0.0216501657805958,0.0199040039662713,0.0139938291067169,0.0145416676692698,0.0248775304642372,0.0376485860375517,0.0643394244218707,0.0170883871465094,0.0460185080828242,0.0511132089753234,0.0281745084287939
"SPEECH_556",NA,NA,NA,NA,NA,NA,NA,NA,NA,NA,NA,NA,NA,NA,NA,NA,NA,NA,NA,NA,NA,NA,NA,NA,NA,NA,NA,NA,NA,NA,NA,NA,NA,NA,NA,NA,NA,NA,NA,NA,NA,NA,NA,NA,NA,NA,NA,NA,NA,NA,NA,NA,NA,NA,NA,NA,NA,NA,NA,NA,0.0217433085455614,0.0241418811363005,0.0202208636363916,0.0460811057486162,0.0524433775345129,0.0297352468718301,0.0209068845890867,0.0224152716676544,0.0838049335069906,0.0204305174807615,0.0248665140992868,0.0309109737734843,0.0221658319991861,0.0385961673653625,0.0490409901306777,0.0332160355742883,0.0237362030266801,0.0226893806748228,0.0163146590724848,0.0185143457557346,0.0223277822723063,0.0169505380159897,0.0160243435864491,0.0767399475390109,0.0439980967326344,0.0686745479456066,0.0641863072402204,0.0232533041958596,0.0230235030978672,0.0228471371843418,0.0412931180663964,0.0359936769713395,0.0139323358975779,0.037156166065531,0.0440322585715834,0.0414193661682561,0.0291060082479539,0.0115860599286542,0.0276086620058551,0.0185953208877215,0.0352246290832184,0.0684185811876529,0.0230942899281952,0.0357548955461376,0.0251480920428313,0.0591049523483009,0.0533911994342023,0.0183137104187979,0.0414768571198303,0.0216501657805958,0.0199040039662713,0.0139938291067169,0.0145416676692698,0.0248775304642372,0.0376485860375517,0.0643394244218707,0.0170883871465094,0.0460185080828242,0.0511132089753234,0.0281745084287939
"SPEECH_215",NA,NA,NA,NA,NA,NA,NA,NA,NA,NA,NA,NA,NA,NA,NA,NA,NA,NA,NA,NA,NA,NA,NA,NA,NA,NA,NA,NA,NA,NA,NA,NA,NA,NA,NA,NA,NA,NA,NA,NA,NA,NA,NA,NA,NA,NA,NA,NA,NA,NA,NA,NA,NA,NA,NA,NA,NA,NA,NA,NA,0.0275313838483417,0.0433605318543338,0.0179155597542444,0.0303949771081591,0.0485464652813876,0.031917197474948,0.0189872993023183,0.00877270358904112,0.0128545440187194,0.0193100287279444,0.0299886883826377,0.0174204129763513,0.0106043230115471,0.0219695179989815,0.0419821661406377,0.0647455863734722,0.157086521860716,0.0136065684100587,0.0898830990427079,0.0254785731318335,0.0328221065971849,0.0106481441895043,0.00939188060864076,0.0410314126627497,0.0125911810162753,0.0568333153167772,0.0598828369810924,0.0221589131650812,0.0132980677237654,0.00898599345054777,0.0463306777226518,0.0291643601534141,0.014793402152122,0.0201132239220396,0.0625125635578772,0.0162755805251919,0.0186210636341821,0.017139356223638,0.10971871776908,0.0397674588357104,0.0201668561421255,0.0313725015704458,0.0290194984221345,0.019404722460304,0.0249049741294114,0.0377316879847797,0.0346767880952144,0.0310074047451343,0.017139356223638,0.0481651184552864,0.024185544748654,0.0237006057367272,0.0423457555981412,0.0350373986489037,0.0156999128370267,0.083791259596667,0.0133332037791196,0.0593632254637369,0.0201986833955036,0.0143190974711391
"SPEECH_318",NA,NA,NA,NA,NA,NA,NA,NA,NA,NA,NA,NA,NA,NA,NA,NA,NA,NA,NA,NA,NA,NA,NA,NA,NA,NA,NA,NA,NA,NA,NA,NA,NA,NA,NA,NA,NA,NA,NA,NA,NA,NA,NA,NA,NA,NA,NA,NA,NA,NA,NA,NA,NA,NA,NA,NA,NA,NA,NA,NA,0.0463306777226518,0.0291643601534141,0.014793402152122,0.0201132239220396,0.0625125635578772,0.0162755805251919,0.0186210636341821,0.017139356223638,0.10971871776908,0.0397674588357104,0.0201668561421255,0.0313725015704458,0.0290194984221345,0.019404722460304,0.0249049741294114,0.0377316879847797,0.0346767880952144,0.0310074047451343,0.017139356223638,0.0481651184552864,0.024185544748654,0.0237006057367272,0.0423457555981412,0.0350373986489037,0.0156999128370267,0.083791259596667,0.0133332037791196,0.0593632254637369,0.0201986833955036,0.0143190974711391,0.0381117748901735,0.0354427436613774,0.0132436219730562,0.0320541227674905,0.067196439529438,0.036107416339934,0.0179318150762695,0.0134209242916619,0.0354803299599605,0.0181376384274656,0.0225920135324342,0.0249872129799261,0.0105830718961283,0.0763623297619507,0.0744809276291507,0.0291197477365913,0.0353956588716048,0.0130171152526504,0.0484785803807598,0.0275056171524286,0.0114398297008631,0.019681768184215,0.00978487799251137,0.0350649290402819,0.0638399243462063,0.0593992346593435,0.0320548849447146,0.0441418689334116,0.0389487666010662,0.0159948134869344
"SPEECH_369",NA,NA,NA,NA,NA,NA,NA,NA,NA,NA,NA,NA,NA,NA,NA,NA,NA,NA,NA,NA,NA,NA,NA,NA,NA,NA,NA,NA,NA,NA,NA,NA,NA,NA,NA,NA,NA,NA,NA,NA,NA,NA,NA,NA,NA,NA,NA,NA,NA,NA,NA,NA,NA,NA,NA,NA,NA,NA,NA,NA,0.0187672854533007,0.0223500370202887,0.0160286221219417,0.0211527947581669,0.0581928685380271,0.0252168826965428,0.0225358050773665,0.013983445553309,0.162892156591033,0.025566211616379,0.0192387508270305,0.013503276771494,0.0256289036103255,0.0383038073721026,0.0495522038011482,0.019664593885244,0.0780841978258165,0.0165070789680522,0.0248290199972512,0.0232467925986524,0.0143552643751328,0.0282388165780021,0.0102153410617889,0.0159126877367087,0.0423152754224411,0.0781782677824114,0.0213551250496563,0.0501018839772511,0.0263896858933599,0.0176929170397754,0.0660652249462853,0.0245711669247995,0.0146154161105818,0.0321785556899122,0.0613626396167042,0.0275778344871854,0.0261590997331672,0.0251595905528811,0.0506722035973072,0.0207584339766378,0.0388664749875181,0.0478451285293521,0.0232530052056648,0.0440144656176165,0.0242289736383088,0.037322000861048,0.0184176665142914,0.0155489334596171,0.0227592995099158,0.0351237220452365,0.0308620179822368,0.0367849762469245,0.0273118758229954,0.0150863120350507,0.0249459582925943,0.0658828360767707,0.05424922856572,0.0312499890875736,0.0204312857992706,0.0366956840868326
"SPEECH_560",NA,NA,NA,NA,NA,NA,NA,NA,NA,NA,NA,NA,NA,NA,NA,NA,NA,NA,NA,NA,NA,NA,NA,NA,NA,NA,NA,NA,NA,NA,NA,NA,NA,NA,NA,NA,NA,NA,NA,NA,NA,NA,NA,NA,NA,NA,NA,NA,NA,NA,NA,NA,NA,NA,NA,NA,NA,NA,NA,NA,0.0381117748901735,0.0354427436613774,0.0132436219730562,0.0320541227674905,0.067196439529438,0.036107416339934,0.0179318150762695,0.0134209242916619,0.0354803299599605,0.0181376384274656,0.0225920135324342,0.0249872129799261,0.0105830718961283,0.0763623297619507,0.0744809276291507,0.0291197477365913,0.0353956588716048,0.0130171152526504,0.0484785803807598,0.0275056171524286,0.0114398297008631,0.019681768184215,0.00978487799251137,0.0350649290402819,0.0638399243462063,0.0593992346593435,0.0320548849447146,0.0441418689334116,0.0389487666010662,0.0159948134869344,0.0552443199502023,0.0937597261126673,0.00692499221910987,0.00389044506691566,0.0760192966075319,0.00389044506691566,0.0171957671957672,0.0148615001556178,0.0608465608465608,0.0134609399315282,0.0305010893246187,0.00809212573918456,0.0118269530034236,0.0195300342359166,0.126439464674759,0.0237317149081855,0.00692499221910987,0.00762527233115468,0.0171957671957672,0.0344693432928727,0.00389044506691566,0.0321350762527233,0.00459072517896047,0.0150949268596327,0.0143946467475879,0.193432928727046,0.0477746654217242,0.0162620603797074,0.0302676626206038,0.00972611266728914
"SPEECH_310",NA,NA,NA,NA,NA,NA,NA,NA,NA,NA,NA,NA,NA,NA,NA,NA,NA,NA,NA,NA,NA,NA,NA,NA,NA,NA,NA,NA,NA,NA,NA,NA,NA,NA,NA,NA,NA,NA,NA,NA,NA,NA,NA,NA,NA,NA,NA,NA,NA,NA,NA,NA,NA,NA,NA,NA,NA,NA,NA,NA,0.0788288471191668,0.0250221177917217,0.0174620272831105,0.0155602562449825,0.074682259628637,0.0217483569447182,0.0183894699115313,0.0162416307322357,0.0364441788487781,0.0544107400222639,0.0370466797109318,0.0238609491749902,0.018639174391221,0.0345056032261934,0.0253499152516541,0.0209713561677174,0.019919088214041,0.0181009283615481,0.0693918956029376,0.0255296442178029,0.025968594263547,0.0318327988524511,0.0262362962152661,0.0209590593377295,0.0719157937365063,0.0730715647505863,0.0222440235588058,0.0324036525685493,0.0236899388847692,0.0195731589856062,0.0312547324294698,0.0242884256093476,0.0243187391034882,0.0187793559077419,0.0904105148799595,0.0240029404851528,0.0318123419901006,0.0112442393978288,0.0742722146304567,0.0221719051661912,0.031835528260317,0.0199746390385468,0.0768146372302651,0.0362283421833533,0.0234545154508102,0.0330076251209054,0.0336988074834648,0.00916388247876218,0.0207153751451938,0.0228606916312178,0.0273457006605804,0.0187917164473037,0.0143292808114931,0.0208679792585012,0.0190415675177375,0.0971310382268738,0.0319239035402698,0.0694315435992045,0.0261311918805322,0.0146966244349304
"SPEECH_535",NA,NA,NA,NA,NA,NA,NA,NA,NA,NA,NA,NA,NA,NA,NA,NA,NA,NA,NA,NA,NA,NA,NA,NA,NA,NA,NA,NA,NA,NA,NA,NA,NA,NA,NA,NA,NA,NA,NA,NA,NA,NA,NA,NA,NA,NA,NA,NA,NA,NA,NA,NA,NA,NA,NA,NA,NA,NA,NA,NA,0.0359102597625437,0.0182603767286596,0.0222931026651335,0.0219330518751405,0.0393241431036649,0.0369946086585965,0.0226772988873981,0.0452287601671141,0.0394370838823089,0.0346901858516122,0.0418834944619087,0.0275041903254599,0.0436973756276363,0.0654141903641075,0.0343326785314074,0.0354660809548909,0.0301196529671739,0.0184245042405062,0.0216543311043025,0.0315479591076184,0.0168643795341721,0.0153170365662101,0.0403057429982013,0.0166452181781081,0.036631261351982,0.0575367131435793,0.074412691623961,0.0299815201154702,0.0161391068599673,0.0293730003611649,0.0230332014736926,0.0166880161020693,0.0163161068535976,0.0554475767641323,0.0422506559225323,0.0445039163772791,0.0171034853929327,0.015527941404329,0.0337326850528277,0.0474919929354383,0.0251778088754357,0.0297929980661793,0.0333655433570098,0.0448952083608897,0.029682755188547,0.0335036689507701,0.0357999558575917,0.0220048116763985,0.0203712471723999,0.0270702884616542,0.0400451103910892,0.0185199877782166,0.015430740280062,0.0406978959715756,0.0448417131546463,0.0594959359636549,0.0557811412940862,0.0228903797294057,0.0357393684292563,0.0527978627623004
"SPEECH_301",NA,NA,NA,NA,NA,NA,NA,NA,NA,NA,NA,NA,NA,NA,NA,NA,NA,NA,NA,NA,NA,NA,NA,NA,NA,NA,NA,NA,NA,NA,NA,NA,NA,NA,NA,NA,NA,NA,NA,NA,NA,NA,NA,NA,NA,NA,NA,NA,NA,NA,NA,NA,NA,NA,NA,NA,NA,NA,NA,NA,0.0173213477990459,0.0197720985412075,0.013406178972389,0.035679706401836,0.0424139779031378,0.0641782561484004,0.033861328312829,0.01081694997208,0.0182186726570722,0.0155057978783885,0.0151967873507926,0.0190633616383298,0.0104063702092438,0.0530433442563458,0.0113369786301468,0.0896171772491991,0.0663636377977287,0.0207203521822856,0.0199848920212049,0.0180215624976591,0.0516533491431094,0.014225333991998,0.0123850505804859,0.0507285653398464,0.12152971628395,0.0171991790573692,0.019618888842308,0.0489572885356583,0.0148832517945977,0.0538905980113548,0.026256897071081,0.0291645282770636,0.0174125704332363,0.0649732704827101,0.0682306273447662,0.0500992062650098,0.0414585598204693,0.0152505549406924,0.0371037995642064,0.0284248584032268,0.0168586831346689,0.0440959534326351,0.0344294405944813,0.0376065573593044,0.0183753624995073,0.0354936186998547,0.0395341849689014,0.0160374577280943,0.0416305072707949,0.0296761464453156,0.0236392897602099,0.0206077861847771,0.017464928952682,0.0362029726235439,0.042141260239744,0.0461995361082466,0.0308421990778896,0.0409641118972871,0.030449636578592,0.019375493841008
"SPEECH_498",NA,NA,NA,NA,NA,NA,NA,NA,NA,NA,NA,NA,NA,NA,NA,NA,NA,NA,NA,NA,NA,NA,NA,NA,NA,NA,NA,NA,NA,NA,NA,NA,NA,NA,NA,NA,NA,NA,NA,NA,NA,NA,NA,NA,NA,NA,NA,NA,NA,NA,NA,NA,NA,NA,NA,NA,NA,NA,NA,NA,0.0196827223709509,0.0240144017525095,0.0140720391691724,0.0429510113643265,0.0772785842196742,0.0297906514749946,0.0418443298838132,0.0122191578980406,0.0508078411995245,0.0118248481579365,0.0164615184986917,0.0120006218399582,0.0668705596774483,0.0546630068839457,0.0316764959209567,0.0202615606164908,0.0308697385353901,0.0142393599182426,0.0204783424462097,0.0410054497211906,0.0239381540127103,0.0171611210884549,0.0122954056378397,0.0332094548937981,0.0432030327861474,0.111212549026263,0.0144663489092766,0.0595218033315272,0.0275944554743253,0.0243854332901902,0.0252709646549751,0.0218696041107575,0.0121804073311282,0.0614533275083734,0.0150668830223221,0.0431047036551624,0.0305290311843392,0.026971644927084,0.0196540389856248,0.0172824481474547,0.0913946618402713,0.0230553995298425,0.0167675632944309,0.203483534086417,0.0172824481474547,0.0616561609353221,0.064542636626516,0.0184682435665398,0.0121804073311282,0.0201689238386486,0.0167675632944309,0.0327445963094718,0.0167675632944309,0.0104797270590193,0.0172824481474547,0.0337743660155194,0.0264567600740602,0.0172824481474547,0.0104797270590193,0.0155817678753459
"SPEECH_659",NA,NA,NA,NA,NA,NA,NA,NA,NA,NA,NA,NA,NA,NA,NA,NA,NA,NA,NA,NA,NA,NA,NA,NA,NA,NA,NA,NA,NA,NA,NA,NA,NA,NA,NA,NA,NA,NA,NA,NA,NA,NA,NA,NA,NA,NA,NA,NA,NA,NA,NA,NA,NA,NA,NA,NA,NA,NA,NA,NA,0.036175701682362,0.0285962773852567,0.0186180204896522,0.0209355293545881,0.0361018773037374,0.046146659628176,0.0611492065294447,0.0171262287904394,0.0114208640617051,0.0114876698901459,0.0560380980694833,0.0213627605008373,0.014071613976038,0.0504278511090403,0.0243817349017454,0.0645019331860475,0.143840409606761,0.0138910381428045,0.0603177139989066,0.015549660458197,0.0223413764535812,0.0159614308464191,0.0140617899146587,0.0149400368401294,0.0446361935265242,0.0221178332866564,0.0204656101170849,0.053672550911397,0.0254418143945825,0.0142205146435984,0.0277219406779819,0.0485184812163729,0.0144335557774926,0.0416702816303937,0.0441058591352956,0.0573079974718729,0.0349689112399055,0.0164468597342697,0.0340313641254098,0.035029952619699,0.0318586214991484,0.0134627672696121,0.0239008044373819,0.0304595431404882,0.0365402707947173,0.0669666237410576,0.0424468541674386,0.0224421401309952,0.017889032678797,0.045772724437062,0.0156962837694752,0.0153373316897808,0.0154024297112623,0.0289796360142427,0.0539221205810127,0.0569117395495895,0.0195285663221024,0.0539057354157355,0.0288622843418809,0.0254792866795261
"SPEECH_189",NA,NA,NA,NA,NA,NA,NA,NA,NA,NA,NA,NA,NA,NA,NA,NA,NA,NA,NA,NA,NA,NA,NA,NA,NA,NA,NA,NA,NA,NA,NA,NA,NA,NA,NA,NA,NA,NA,NA,NA,NA,NA,NA,NA,NA,NA,NA,NA,NA,NA,NA,NA,NA,NA,NA,NA,NA,NA,NA,NA,0.0252709646549751,0.0218696041107575,0.0121804073311282,0.0614533275083734,0.0150668830223221,0.0431047036551624,0.0305290311843392,0.026971644927084,0.0196540389856248,0.0172824481474547,0.0913946618402713,0.0230553995298425,0.0167675632944309,0.203483534086417,0.0172824481474547,0.0616561609353221,0.064542636626516,0.0184682435665398,0.0121804073311282,0.0201689238386486,0.0167675632944309,0.0327445963094718,0.0167675632944309,0.0104797270590193,0.0172824481474547,0.0337743660155194,0.0264567600740602,0.0172824481474547,0.0104797270590193,0.0155817678753459,0.0321811299080857,0.02807340175286,0.017577901394504,0.0523376839811265,0.04730194057002,0.0465949333439368,0.0253895976995091,0.0184481021162074,0.0340048218605756,0.0235084535438723,0.0312439002310413,0.0311808620440461,0.0295806999966817,0.0407024970133168,0.033757826575268,0.0386357197541671,0.0476850511927666,0.02098867604753,0.03655091312463,0.0264628047696657,0.0578715625902521,0.0333214317185926,0.029437601360983,0.0397077914906941,0.0385586527597149,0.0293407769376325,0.0211531580019773,0.0384978335558644,0.0270087018519935,0.022895572812485
"SPEECH_209",NA,NA,NA,NA,NA,NA,NA,NA,NA,NA,NA,NA,NA,NA,NA,NA,NA,NA,NA,NA,NA,NA,NA,NA,NA,NA,NA,NA,NA,NA,NA,NA,NA,NA,NA,NA,NA,NA,NA,NA,NA,NA,NA,NA,NA,NA,NA,NA,NA,NA,NA,NA,NA,NA,NA,NA,NA,NA,NA,NA,0.0321811299080857,0.02807340175286,0.017577901394504,0.0523376839811265,0.04730194057002,0.0465949333439368,0.0253895976995091,0.0184481021162074,0.0340048218605756,0.0235084535438723,0.0312439002310413,0.0311808620440461,0.0295806999966817,0.0407024970133168,0.033757826575268,0.0386357197541671,0.0476850511927666,0.02098867604753,0.03655091312463,0.0264628047696657,0.0578715625902521,0.0333214317185926,0.029437601360983,0.0397077914906941,0.0385586527597149,0.0293407769376325,0.0211531580019773,0.0384978335558644,0.0270087018519935,0.022895572812485,0.0501339507087642,0.0458421651832844,0.0119562574931998,0.0312482356185515,0.0543088121570412,0.0380375414823666,0.0210717731370105,0.0169107712781201,0.0279501517094102,0.0204507818075718,0.0160581155978497,0.0852646966880023,0.0206570526561522,0.033243302484999,0.027080418928612,0.0215342052309897,0.0315381825050202,0.0167093957768195,0.0388484744581548,0.0160698082222094,0.0458029539620247,0.0312324844903412,0.0430504220144049,0.0205653079354308,0.0204503307685058,0.0739875239842224,0.0329909895150341,0.054597642890267,0.0249099450112868,0.0274983063043532
"SPEECH_520",NA,NA,NA,NA,NA,NA,NA,NA,NA,NA,NA,NA,NA,NA,NA,NA,NA,NA,NA,NA,NA,NA,NA,NA,NA,NA,NA,NA,NA,NA,NA,NA,NA,NA,NA,NA,NA,NA,NA,NA,NA,NA,NA,NA,NA,NA,NA,NA,NA,NA,NA,NA,NA,NA,NA,NA,NA,NA,NA,NA,0.0321811299080857,0.02807340175286,0.017577901394504,0.0523376839811265,0.04730194057002,0.0465949333439368,0.0253895976995091,0.0184481021162074,0.0340048218605756,0.0235084535438723,0.0312439002310413,0.0311808620440461,0.0295806999966817,0.0407024970133168,0.033757826575268,0.0386357197541671,0.0476850511927666,0.02098867604753,0.03655091312463,0.0264628047696657,0.0578715625902521,0.0333214317185926,0.029437601360983,0.0397077914906941,0.0385586527597149,0.0293407769376325,0.0211531580019773,0.0384978335558644,0.0270087018519935,0.022895572812485,0.0501339507087642,0.0458421651832844,0.0119562574931998,0.0312482356185515,0.0543088121570412,0.0380375414823666,0.0210717731370105,0.0169107712781201,0.0279501517094102,0.0204507818075718,0.0160581155978497,0.0852646966880023,0.0206570526561522,0.033243302484999,0.027080418928612,0.0215342052309897,0.0315381825050202,0.0167093957768195,0.0388484744581548,0.0160698082222094,0.0458029539620247,0.0312324844903412,0.0430504220144049,0.0205653079354308,0.0204503307685058,0.0739875239842224,0.0329909895150341,0.054597642890267,0.0249099450112868,0.0274983063043532
"SPEECH_673",NA,NA,NA,NA,NA,NA,NA,NA,NA,NA,NA,NA,NA,NA,NA,NA,NA,NA,NA,NA,NA,NA,NA,NA,NA,NA,NA,NA,NA,NA,NA,NA,NA,NA,NA,NA,NA,NA,NA,NA,NA,NA,NA,NA,NA,NA,NA,NA,NA,NA,NA,NA,NA,NA,NA,NA,NA,NA,NA,NA,0.0321811299080857,0.02807340175286,0.017577901394504,0.0523376839811265,0.04730194057002,0.0465949333439368,0.0253895976995091,0.0184481021162074,0.0340048218605756,0.0235084535438723,0.0312439002310413,0.0311808620440461,0.0295806999966817,0.0407024970133168,0.033757826575268,0.0386357197541671,0.0476850511927666,0.02098867604753,0.03655091312463,0.0264628047696657,0.0578715625902521,0.0333214317185926,0.029437601360983,0.0397077914906941,0.0385586527597149,0.0293407769376325,0.0211531580019773,0.0384978335558644,0.0270087018519935,0.022895572812485,0.0501339507087642,0.0458421651832844,0.0119562574931998,0.0312482356185515,0.0543088121570412,0.0380375414823666,0.0210717731370105,0.0169107712781201,0.0279501517094102,0.0204507818075718,0.0160581155978497,0.0852646966880023,0.0206570526561522,0.033243302484999,0.027080418928612,0.0215342052309897,0.0315381825050202,0.0167093957768195,0.0388484744581548,0.0160698082222094,0.0458029539620247,0.0312324844903412,0.0430504220144049,0.0205653079354308,0.0204503307685058,0.0739875239842224,0.0329909895150341,0.054597642890267,0.0249099450112868,0.0274983063043532
"SPEECH_511",NA,NA,NA,NA,NA,NA,NA,NA,NA,NA,NA,NA,NA,NA,NA,NA,NA,NA,NA,NA,NA,NA,NA,NA,NA,NA,NA,NA,NA,NA,NA,NA,NA,NA,NA,NA,NA,NA,NA,NA,NA,NA,NA,NA,NA,NA,NA,NA,NA,NA,NA,NA,NA,NA,NA,NA,NA,NA,NA,NA,0.0232858721738428,0.0377994220188393,0.0158350786232785,0.078418933957741,0.0379123436360736,0.0542218067569694,0.021908444511907,0.014079291529535,0.0151670762591219,0.0215916408128972,0.0229071582823306,0.0169735991426123,0.0162666583312072,0.0559059122349603,0.0455446462157768,0.0422627814222534,0.0286271430010396,0.0193403049705236,0.0160384927316967,0.0308499904546375,0.0306358936914318,0.0231327284327324,0.0149783490705279,0.0602670453049465,0.0345231832578042,0.0557315927713206,0.0760588685044567,0.0394498543632621,0.0320272015819451,0.0182586859543294,0.0254035383694062,0.0501433509932115,0.0175392013841778,0.050496965648224,0.0342562660136569,0.0629763479192127,0.0209051701468338,0.0272822689800109,0.0183237729934828,0.0116418915374672,0.0143750846463552,0.0311897806080134,0.0143731232288203,0.0291116223165505,0.0332931274413178,0.0508874033077878,0.0198175675907164,0.0242830865113491,0.0547940603420059,0.0166124480863613,0.0133722937517273,0.0229401438630461,0.0314808726456009,0.0514840259317837,0.0338252574123105,0.0759660865683895,0.0568877630548008,0.0295252579436906,0.0571870528430793,0.0196251679206096
"SPEECH_563",NA,NA,NA,NA,NA,NA,NA,NA,NA,NA,NA,NA,NA,NA,NA,NA,NA,NA,NA,NA,NA,NA,NA,NA,NA,NA,NA,NA,NA,NA,NA,NA,NA,NA,NA,NA,NA,NA,NA,NA,NA,NA,NA,NA,NA,NA,NA,NA,NA,NA,NA,NA,NA,NA,NA,NA,NA,NA,NA,NA,0.0232858721738428,0.0377994220188393,0.0158350786232785,0.078418933957741,0.0379123436360736,0.0542218067569694,0.021908444511907,0.014079291529535,0.0151670762591219,0.0215916408128972,0.0229071582823306,0.0169735991426123,0.0162666583312072,0.0559059122349603,0.0455446462157768,0.0422627814222534,0.0286271430010396,0.0193403049705236,0.0160384927316967,0.0308499904546375,0.0306358936914318,0.0231327284327324,0.0149783490705279,0.0602670453049465,0.0345231832578042,0.0557315927713206,0.0760588685044567,0.0394498543632621,0.0320272015819451,0.0182586859543294,0.0254035383694062,0.0501433509932115,0.0175392013841778,0.050496965648224,0.0342562660136569,0.0629763479192127,0.0209051701468338,0.0272822689800109,0.0183237729934828,0.0116418915374672,0.0143750846463552,0.0311897806080134,0.0143731232288203,0.0291116223165505,0.0332931274413178,0.0508874033077878,0.0198175675907164,0.0242830865113491,0.0547940603420059,0.0166124480863613,0.0133722937517273,0.0229401438630461,0.0314808726456009,0.0514840259317837,0.0338252574123105,0.0759660865683895,0.0568877630548008,0.0295252579436906,0.0571870528430793,0.0196251679206096
"SPEECH_191",NA,NA,NA,NA,NA,NA,NA,NA,NA,NA,NA,NA,NA,NA,NA,NA,NA,NA,NA,NA,NA,NA,NA,NA,NA,NA,NA,NA,NA,NA,NA,NA,NA,NA,NA,NA,NA,NA,NA,NA,NA,NA,NA,NA,NA,NA,NA,NA,NA,NA,NA,NA,NA,NA,NA,NA,NA,NA,NA,NA,0.0276750638712738,0.0336070280812844,0.018153808187777,0.0728608242691178,0.0491947479177005,0.055094965604786,0.028502336223439,0.0156080943799116,0.0290739466728841,0.0150326446229231,0.0282294533684807,0.0213043148299765,0.016867678081693,0.0227514094271714,0.0372570645870179,0.0314921073900362,0.064868755361321,0.022090152180166,0.057129161902939,0.0369344042305935,0.0374427269046811,0.0278915392335683,0.015633070013407,0.0409501378984592,0.0375038517328375,0.0234278848295069,0.0523212855615418,0.0314500550734755,0.033623412787861,0.0160280747741693,0.0334289014495957,0.0690826536741664,0.0126723376965136,0.0624921792610835,0.0512145379395288,0.0285767666829706,0.0339885211085854,0.0197935208301243,0.0444610625970473,0.0230360439754726,0.0325366834974057,0.0136212994659419,0.0230245014866657,0.0270430249979064,0.0187306372651671,0.0421594080831868,0.0418547310112942,0.0114314179670213,0.0401229403447594,0.0411258526225376,0.012665144318845,0.0661055828565728,0.0233270128485473,0.0306666961219483,0.0480505733180633,0.0507958983527299,0.0260884331492214,0.0261483660862981,0.0332865692898056,0.0124687017009941
"SPEECH_368",NA,NA,NA,NA,NA,NA,NA,NA,NA,NA,NA,NA,NA,NA,NA,NA,NA,NA,NA,NA,NA,NA,NA,NA,NA,NA,NA,NA,NA,NA,NA,NA,NA,NA,NA,NA,NA,NA,NA,NA,NA,NA,NA,NA,NA,NA,NA,NA,NA,NA,NA,NA,NA,NA,NA,NA,NA,NA,NA,NA,0.0276750638712738,0.0336070280812844,0.018153808187777,0.0728608242691178,0.0491947479177005,0.055094965604786,0.028502336223439,0.0156080943799116,0.0290739466728841,0.0150326446229231,0.0282294533684807,0.0213043148299765,0.016867678081693,0.0227514094271714,0.0372570645870179,0.0314921073900362,0.064868755361321,0.022090152180166,0.057129161902939,0.0369344042305935,0.0374427269046811,0.0278915392335683,0.015633070013407,0.0409501378984592,0.0375038517328375,0.0234278848295069,0.0523212855615418,0.0314500550734755,0.033623412787861,0.0160280747741693,0.0334289014495957,0.0690826536741664,0.0126723376965136,0.0624921792610835,0.0512145379395288,0.0285767666829706,0.0339885211085854,0.0197935208301243,0.0444610625970473,0.0230360439754726,0.0325366834974057,0.0136212994659419,0.0230245014866657,0.0270430249979064,0.0187306372651671,0.0421594080831868,0.0418547310112942,0.0114314179670213,0.0401229403447594,0.0411258526225376,0.012665144318845,0.0661055828565728,0.0233270128485473,0.0306666961219483,0.0480505733180633,0.0507958983527299,0.0260884331492214,0.0261483660862981,0.0332865692898056,0.0124687017009941
"SPEECH_290",NA,NA,NA,NA,NA,NA,NA,NA,NA,NA,NA,NA,NA,NA,NA,NA,NA,NA,NA,NA,NA,NA,NA,NA,NA,NA,NA,NA,NA,NA,NA,NA,NA,NA,NA,NA,NA,NA,NA,NA,NA,NA,NA,NA,NA,NA,NA,NA,NA,NA,NA,NA,NA,NA,NA,NA,NA,NA,NA,NA,0.0294202828253068,0.013200914324375,0.00830149200710425,0.01283002472304,0.0748373311486316,0.0231424015688686,0.0568348150335688,0.0326185695551231,0.0325251098912969,0.0257361609966513,0.0825824589988758,0.036439943284415,0.058707016148049,0.0231459273476063,0.0300348204788224,0.0172929439674551,0.0218716874898723,0.0169697585454805,0.0512226046759083,0.0174688089262678,0.0105711872324145,0.0189499994713643,0.0513835440023084,0.0117629234780845,0.024945758384323,0.112619953327883,0.0227917399613986,0.0378942155762424,0.0328442591566048,0.0110533474726583,0.0449193439369487,0.0284519994164731,0.0180011381687532,0.0399109601199186,0.0515878927166621,0.0401332325033539,0.0515857394506928,0.0192740821862248,0.022552642501134,0.0620532360379933,0.0419614449252362,0.0221177203170679,0.0226689266770121,0.0355009333926584,0.0229091954935752,0.055243742177778,0.0226001453208485,0.0186002583019824,0.0293470721095756,0.0397740780637118,0.015489131034039,0.0278597103243433,0.0293518536334616,0.0271092308274857,0.0271779744119955,0.0419185949148203,0.0286971869947389,0.0404912503667928,0.0515900059343568,0.0211212777403653
"SPEECH_356",NA,NA,NA,NA,NA,NA,NA,NA,NA,NA,NA,NA,NA,NA,NA,NA,NA,NA,NA,NA,NA,NA,NA,NA,NA,NA,NA,NA,NA,NA,NA,NA,NA,NA,NA,NA,NA,NA,NA,NA,NA,NA,NA,NA,NA,NA,NA,NA,NA,NA,NA,NA,NA,NA,NA,NA,NA,NA,NA,NA,0.0140102582607505,0.039377668324469,0.0193750713201837,0.0266930754702344,0.0336499911362996,0.044511814668987,0.0326908834937388,0.0151366010889435,0.0187610479078987,0.029871708084897,0.066989193146114,0.0224660378118903,0.0324821344566846,0.0390593397476002,0.0342211709995549,0.059798591268048,0.0191734221705917,0.0219572227800596,0.0320608738436383,0.0220430606802377,0.055732350310338,0.0158487386850352,0.0248396312001989,0.0294864732358339,0.0720573493766739,0.0646328932659433,0.0316376856401518,0.0267511035627927,0.0391600013031618,0.0155246067590489,0.0320822311208288,0.0301685777987088,0.0192068967524919,0.0147234780257771,0.061213604011498,0.0475355124139083,0.0329573108390716,0.0169583636741032,0.0153326199160139,0.0332755794032407,0.0147937734889999,0.01955518253263,0.0385443652063227,0.0709790888909196,0.0223534998291792,0.0650173434485176,0.0682999477472004,0.0210244298482046,0.0310005800286592,0.0363220956408374,0.0120979330441769,0.0161509126911571,0.0302727608898374,0.0138858253094325,0.0544274416661302,0.0427449706476189,0.0446499443876003,0.0285874551590053,0.0213556750495952,0.0444826005383333
"SPEECH_675",NA,NA,NA,NA,NA,NA,NA,NA,NA,NA,NA,NA,NA,NA,NA,NA,NA,NA,NA,NA,NA,NA,NA,NA,NA,NA,NA,NA,NA,NA,NA,NA,NA,NA,NA,NA,NA,NA,NA,NA,NA,NA,NA,NA,NA,NA,NA,NA,NA,NA,NA,NA,NA,NA,NA,NA,NA,NA,NA,NA,0.0140102582607505,0.039377668324469,0.0193750713201837,0.0266930754702344,0.0336499911362996,0.044511814668987,0.0326908834937388,0.0151366010889435,0.0187610479078987,0.029871708084897,0.066989193146114,0.0224660378118903,0.0324821344566846,0.0390593397476002,0.0342211709995549,0.059798591268048,0.0191734221705917,0.0219572227800596,0.0320608738436383,0.0220430606802377,0.055732350310338,0.0158487386850352,0.0248396312001989,0.0294864732358339,0.0720573493766739,0.0646328932659433,0.0316376856401518,0.0267511035627927,0.0391600013031618,0.0155246067590489,0.0320822311208288,0.0301685777987088,0.0192068967524919,0.0147234780257771,0.061213604011498,0.0475355124139083,0.0329573108390716,0.0169583636741032,0.0153326199160139,0.0332755794032407,0.0147937734889999,0.01955518253263,0.0385443652063227,0.0709790888909196,0.0223534998291792,0.0650173434485176,0.0682999477472004,0.0210244298482046,0.0310005800286592,0.0363220956408374,0.0120979330441769,0.0161509126911571,0.0302727608898374,0.0138858253094325,0.0544274416661302,0.0427449706476189,0.0446499443876003,0.0285874551590053,0.0213556750495952,0.0444826005383333
"SPEECH_496",NA,NA,NA,NA,NA,NA,NA,NA,NA,NA,NA,NA,NA,NA,NA,NA,NA,NA,NA,NA,NA,NA,NA,NA,NA,NA,NA,NA,NA,NA,NA,NA,NA,NA,NA,NA,NA,NA,NA,NA,NA,NA,NA,NA,NA,NA,NA,NA,NA,NA,NA,NA,NA,NA,NA,NA,NA,NA,NA,NA,0.0363521253596907,0.0676053751947761,0.0119811742843485,0.0422894658803114,0.0255961115565915,0.0196424867251253,0.0219266277017505,0.0170590420308328,0.0291991035241585,0.0281391941677775,0.0671659774905636,0.0444877071028486,0.0171338101837519,0.0478205349959651,0.0160444887741552,0.0586376587748687,0.0133797822851031,0.0168525482912123,0.0213887638449771,0.0250592980942873,0.0524978754312703,0.0755915067692876,0.0168093880753023,0.0360266405029066,0.0379287019682066,0.0627389108078429,0.0350856054227548,0.0219506948258754,0.0179280317370811,0.0156813681963767,0.0350321799042907,0.0377447191937269,0.0145882834966859,0.0255091331946511,0.0555728213384526,0.0281605289311371,0.027559522724287,0.0152010011839654,0.0385852472850751,0.0449606479768306,0.0534796612057767,0.03099468190623,0.0269049346942177,0.0240383364985418,0.0284974826463867,0.0444451293492586,0.0319770545570211,0.013728701880914,0.0525130131531317,0.0237212303293859,0.0325468013001233,0.0452628292590969,0.0410673893719586,0.0151255077759359,0.017929612720041,0.0584669536078122,0.0451667187207485,0.042290701846528,0.0300727875839428,0.0188563863638461
"SPEECH_192",NA,NA,NA,NA,NA,NA,NA,NA,NA,NA,NA,NA,NA,NA,NA,NA,NA,NA,NA,NA,NA,NA,NA,NA,NA,NA,NA,NA,NA,NA,NA,NA,NA,NA,NA,NA,NA,NA,NA,NA,NA,NA,NA,NA,NA,NA,NA,NA,NA,NA,NA,NA,NA,NA,NA,NA,NA,NA,NA,NA,0.0809551180817832,0.0191549717063856,0.0246350034764384,0.0281952581707197,0.0359951683952619,0.0256763020936893,0.0487935900795214,0.0192897683578917,0.0315135808078084,0.0335122981845347,0.0962545461990426,0.0262917787724986,0.018753050849335,0.021791414876832,0.0131219138551459,0.046399915163645,0.0180143113229115,0.0211520371166317,0.0150804270253908,0.0188894967435514,0.0783813257060511,0.0263624728599022,0.0289100966157521,0.0279493848183963,0.0667685787894949,0.0260871133358864,0.0351371114020097,0.0262612916153463,0.0290818044358591,0.011590869142283,0.0243825530750193,0.0303251114623737,0.0128486212754453,0.0760281229183844,0.0612543219119445,0.0401892960529996,0.021117646513062,0.0122750899727369,0.0223912704053455,0.022312809881625,0.0215318274446359,0.024937664386896,0.0271418865493524,0.0274305369380942,0.014983901269755,0.0676657174994796,0.0507267929635633,0.0191855686306243,0.0193237006391285,0.0352296922212471,0.0295502924567831,0.0277556752144441,0.032575713605235,0.0372904134623652,0.0484530652811595,0.0526452979226947,0.0213017178505166,0.0506040967051256,0.042376421235705,0.0261651742542589
"SPEECH_714",NA,NA,NA,NA,NA,NA,NA,NA,NA,NA,NA,NA,NA,NA,NA,NA,NA,NA,NA,NA,NA,NA,NA,NA,NA,NA,NA,NA,NA,NA,NA,NA,NA,NA,NA,NA,NA,NA,NA,NA,NA,NA,NA,NA,NA,NA,NA,NA,NA,NA,NA,NA,NA,NA,NA,NA,NA,NA,NA,NA,0.0350321799042907,0.0377447191937269,0.0145882834966859,0.0255091331946511,0.0555728213384526,0.0281605289311371,0.027559522724287,0.0152010011839654,0.0385852472850751,0.0449606479768306,0.0534796612057767,0.03099468190623,0.0269049346942177,0.0240383364985418,0.0284974826463867,0.0444451293492586,0.0319770545570211,0.013728701880914,0.0525130131531317,0.0237212303293859,0.0325468013001233,0.0452628292590969,0.0410673893719586,0.0151255077759359,0.017929612720041,0.0584669536078122,0.0451667187207485,0.042290701846528,0.0300727875839428,0.0188563863638461,0.046300240656109,0.0362882455534051,0.0188632503878912,0.023032312062981,0.0537286119051349,0.0267397736394918,0.0218558441333556,0.0145219821400613,0.0280949730145892,0.0166765865713991,0.0383817884471016,0.0454473528267529,0.0311156880482122,0.0534136809143898,0.0255861349333392,0.0410690676642198,0.0163004913348178,0.0188718729298823,0.0197105191482608,0.0351574087159372,0.054912752678375,0.0216206513079434,0.015544082959437,0.0258890945051789,0.0601816198964652,0.0611055208862841,0.0433190960469354,0.0539954931281146,0.0219873185396597,0.0302885450242751
"SPEECH_713",NA,NA,NA,NA,NA,NA,NA,NA,NA,NA,NA,NA,NA,NA,NA,NA,NA,NA,NA,NA,NA,NA,NA,NA,NA,NA,NA,NA,NA,NA,NA,NA,NA,NA,NA,NA,NA,NA,NA,NA,NA,NA,NA,NA,NA,NA,NA,NA,NA,NA,NA,NA,NA,NA,NA,NA,NA,NA,NA,NA,0.0155020754936664,0.0184447133936455,0.014256765019119,0.023029165518788,0.0277718858566705,0.0553725651710481,0.0467772500937072,0.0148920726516291,0.0336667605905824,0.157969504517438,0.0208901020892481,0.0262033340833007,0.0219420191046348,0.0265524918693674,0.0339320588201976,0.043193541288524,0.0286930134317473,0.014845546688543,0.0304868985407343,0.00969514393406552,0.0649154313264442,0.0201957659826286,0.0171259622980633,0.0455219885762606,0.03917027046119,0.0242549387050933,0.0108867292450616,0.051994335197974,0.0309720750607733,0.0308455949898542,0.024397394173681,0.0280004146860409,0.0115163358530672,0.0286262904149733,0.0606617916221929,0.0416874516652493,0.0342816463862835,0.010341403009377,0.0730128059595453,0.0323972827353121,0.0136817025507234,0.0367151230887282,0.031737877825257,0.0393516597018477,0.0497429544266786,0.0305511482477225,0.0594781102915231,0.0216040997404308,0.0234347946430743,0.0306589408186064,0.0173270065013147,0.0431856000960351,0.0233159952470541,0.0234478853860025,0.0404288444554878,0.0834063590031776,0.0152563007670223,0.0269168431054763,0.0314684811354245,0.0133674564626905
"SPEECH_718",NA,NA,NA,NA,NA,NA,NA,NA,NA,NA,NA,NA,NA,NA,NA,NA,NA,NA,NA,NA,NA,NA,NA,NA,NA,NA,NA,NA,NA,NA,NA,NA,NA,NA,NA,NA,NA,NA,NA,NA,NA,NA,NA,NA,NA,NA,NA,NA,NA,NA,NA,NA,NA,NA,NA,NA,NA,NA,NA,NA,0.0665228399493629,0.0310931052006096,0.0164160285630393,0.0295116145527704,0.0660059997856759,0.0320643045034448,0.0680158499998407,0.0270976517426142,0.0406465733199226,0.0327222038769258,0.0398709039595661,0.0192545862019583,0.0199605738301047,0.0636020563689094,0.0229448759997489,0.0410147537731179,0.0207275071460714,0.0219189771850906,0.0269883011484653,0.0338053161136172,0.0355521109623756,0.0217949681565885,0.044170235410357,0.0347578442602467,0.0365367760407565,0.0145957943313475,0.0206918740116572,0.0400614899247948,0.0192685338725081,0.0123863498085122,0.0488650992989718,0.0296394336064097,0.0141502952992611,0.0367919125785269,0.07748630943223,0.0511817242537779,0.0426691206134673,0.016671116207865,0.0255707227418885,0.0148166674207596,0.0210570386326672,0.0143234411702315,0.019071026245103,0.0490341678545258,0.0759042956513085,0.0267630212952543,0.0288788226237397,0.0193993346476067,0.0493507569012334,0.0276406081000483,0.0181763651829235,0.0127658984576615,0.0458717334569174,0.0175634389364561,0.0445866407694168,0.0549838684091156,0.0367704675963453,0.0260786795149017,0.0319561998989899,0.0219817932023959
"SPEECH_671",NA,NA,NA,NA,NA,NA,NA,NA,NA,NA,NA,NA,NA,NA,NA,NA,NA,NA,NA,NA,NA,NA,NA,NA,NA,NA,NA,NA,NA,NA,NA,NA,NA,NA,NA,NA,NA,NA,NA,NA,NA,NA,NA,NA,NA,NA,NA,NA,NA,NA,NA,NA,NA,NA,NA,NA,NA,NA,NA,NA,0.0401506136202915,0.0456239210959257,0.00852875552094545,0.0376414840603009,0.0397010087420053,0.05019158634921,0.0290852806734936,0.0138340936297481,0.0217892626656982,0.024005598224989,0.0380219146017664,0.0480680962840343,0.0194522074697005,0.0646378975625982,0.0165318387290351,0.0379377508751365,0.0796230066155788,0.0214968002454844,0.0684725216990744,0.0162723114326616,0.0445460229974497,0.0463288436471567,0.0160297325667755,0.0137447701185245,0.0522775206386792,0.0119839406198692,0.0195943961043729,0.0293320885647854,0.0191810304390671,0.025915704205642,0.0274809498660418,0.0182707385396529,0.0146947284822548,0.0517129780361288,0.0496369987374268,0.089709336463573,0.0502023554315303,0.0192482605599544,0.0287805502223277,0.0140239838628767,0.0237573583067897,0.0237248270676196,0.0139607947391907,0.0350569310463747,0.0568931305237957,0.0259701658358134,0.0447616464666866,0.0233620355833822,0.0490490068776859,0.0180523892409589,0.0478932436402596,0.0169571828726902,0.0196255122050297,0.0220339348440404,0.030072049785393,0.0581093210211505,0.030266816987488,0.043626582081532,0.0325888536329833,0.0204773370393687
"SPEECH_566",NA,NA,NA,NA,NA,NA,NA,NA,NA,NA,NA,NA,NA,NA,NA,NA,NA,NA,NA,NA,NA,NA,NA,NA,NA,NA,NA,NA,NA,NA,NA,NA,NA,NA,NA,NA,NA,NA,NA,NA,NA,NA,NA,NA,NA,NA,NA,NA,NA,NA,NA,NA,NA,NA,NA,NA,NA,NA,NA,NA,0.0284212589882224,0.0280843791652749,0.0123817087036379,0.0545646176123831,0.0335786562982915,0.0199022847558678,0.027618166610583,0.0135325691878172,0.173479253145154,0.0357170503793893,0.0220057213177459,0.0301794457569729,0.0220917913725891,0.0128597728270174,0.0288984838506663,0.0279196806427346,0.011329597293036,0.0171184799332244,0.0143749642537191,0.0219007066363786,0.0156126398613466,0.0484763900363236,0.0441790735272773,0.0414552289913551,0.0218477554342355,0.0768439600905674,0.0196208265170977,0.0597413864507068,0.0231150219564949,0.0131491284038902,0.0540167562579355,0.0439721839387987,0.0199522229730191,0.12454134924101,0.0280148881981106,0.0281731183006292,0.0098926222964147,0.0179840686642153,0.022356675321569,0.0250991073428981,0.0112462884351445,0.0246165977733572,0.0141855028740514,0.0198916876275379,0.0218428382229961,0.0500639922279624,0.011019246475458,0.0243636128008375,0.0147877812167617,0.0180126984195739,0.0176181817223715,0.0268354225197499,0.0259608867817827,0.104320762243215,0.0256627837491261,0.0668622209071888,0.0622647013463355,0.0280714624342652,0.031375777020194,0.0269945626674906
"SPEECH_532",NA,NA,NA,NA,NA,NA,NA,NA,NA,NA,NA,NA,NA,NA,NA,NA,NA,NA,NA,NA,NA,NA,NA,NA,NA,NA,NA,NA,NA,NA,NA,NA,NA,NA,NA,NA,NA,NA,NA,NA,NA,NA,NA,NA,NA,NA,NA,NA,NA,NA,NA,NA,NA,NA,NA,NA,NA,NA,NA,NA,0.043362743091562,0.0504405142026481,0.011032370722923,0.0442321196702768,0.0681442079924835,0.04905697826032,0.0483420937428731,0.0120067199569918,0.0356242283570147,0.00752540896472394,0.0157240648439294,0.0123170088970967,0.036058139857391,0.0156667224802084,0.0311354668293681,0.0566943372889688,0.0674890093425789,0.0136901788411286,0.0996286030158613,0.0307704886790043,0.0141436342032935,0.0364402777940822,0.0123485567556218,0.0151265612376375,0.0268774478023688,0.0152908109878765,0.0065776014349789,0.0705483910562041,0.0377913912795249,0.0159139224110593,0.0507281391277078,0.0295385656366753,0.0118142884649309,0.014529397697502,0.0719747415658356,0.0354305199791954,0.0122670765257939,0.00688805924318591,0.056165852249459,0.0224551578577843,0.034601388063,0.0189617173079901,0.014494434381673,0.032340994544195,0.0675620078860089,0.0540661530797652,0.0120601874212826,0.0172978804252648,0.0245540111827977,0.0200796034231632,0.0263083185024926,0.0334435287576161,0.0556574712125816,0.0220288166121774,0.0142821389442012,0.0521441358883022,0.0781202578591199,0.0524093002705349,0.0394601455814803,0.0183357103082831
"SPEECH_497",NA,NA,NA,NA,NA,NA,NA,NA,NA,NA,NA,NA,NA,NA,NA,NA,NA,NA,NA,NA,NA,NA,NA,NA,NA,NA,NA,NA,NA,NA,NA,NA,NA,NA,NA,NA,NA,NA,NA,NA,NA,NA,NA,NA,NA,NA,NA,NA,NA,NA,NA,NA,NA,NA,NA,NA,NA,NA,NA,NA,0.0453164897594271,0.0750663361618969,0.0138954903485451,0.0345634732553183,0.0385222305323726,0.0260489793269063,0.0259343690717554,0.0118592485981281,0.0216177474960152,0.0112823885759456,0.0451701098660201,0.0181916863176925,0.0157091183437484,0.0501110395673782,0.0850626917903272,0.0608214705697971,0.00993442296789371,0.0160442106275869,0.0537355578040407,0.0181463486258644,0.0290943976603803,0.0152346267207647,0.0222057028649393,0.00942619142579778,0.0266105589151663,0.063409187292212,0.050243860460089,0.0313739765167547,0.0274249808394885,0.0479431076977477,0.0530557673985421,0.0406172613915166,0.0153354377238968,0.0131921478314571,0.0699764701824095,0.0477030631753401,0.0317508386901899,0.0107184338706384,0.0269169977588381,0.0148232105101254,0.0390197238944863,0.0292509370505296,0.0107081352644782,0.0323585891694968,0.0365370645577077,0.0643321597232802,0.0481401519033679,0.0161504730210713,0.114062357864716,0.0240129262395487,0.0157600546120213,0.0320706974242976,0.0370220087855671,0.0163456080459332,0.0200448071039348,0.0416018016768688,0.033892630890147,0.0196408011223011,0.0212084952082781,0.0237509479090141
"SPEECH_557",NA,NA,NA,NA,NA,NA,NA,NA,NA,NA,NA,NA,NA,NA,NA,NA,NA,NA,NA,NA,NA,NA,NA,NA,NA,NA,NA,NA,NA,NA,NA,NA,NA,NA,NA,NA,NA,NA,NA,NA,NA,NA,NA,NA,NA,NA,NA,NA,NA,NA,NA,NA,NA,NA,NA,NA,NA,NA,NA,NA,0.0453164897594271,0.0750663361618969,0.0138954903485451,0.0345634732553183,0.0385222305323726,0.0260489793269063,0.0259343690717554,0.0118592485981281,0.0216177474960152,0.0112823885759456,0.0451701098660201,0.0181916863176925,0.0157091183437484,0.0501110395673782,0.0850626917903272,0.0608214705697971,0.00993442296789371,0.0160442106275869,0.0537355578040407,0.0181463486258644,0.0290943976603803,0.0152346267207647,0.0222057028649393,0.00942619142579778,0.0266105589151663,0.063409187292212,0.050243860460089,0.0313739765167547,0.0274249808394885,0.0479431076977477,0.0530557673985421,0.0406172613915166,0.0153354377238968,0.0131921478314571,0.0699764701824095,0.0477030631753401,0.0317508386901899,0.0107184338706384,0.0269169977588381,0.0148232105101254,0.0390197238944863,0.0292509370505296,0.0107081352644782,0.0323585891694968,0.0365370645577077,0.0643321597232802,0.0481401519033679,0.0161504730210713,0.114062357864716,0.0240129262395487,0.0157600546120213,0.0320706974242976,0.0370220087855671,0.0163456080459332,0.0200448071039348,0.0416018016768688,0.033892630890147,0.0196408011223011,0.0212084952082781,0.0237509479090141
"SPEECH_660",NA,NA,NA,NA,NA,NA,NA,NA,NA,NA,NA,NA,NA,NA,NA,NA,NA,NA,NA,NA,NA,NA,NA,NA,NA,NA,NA,NA,NA,NA,NA,NA,NA,NA,NA,NA,NA,NA,NA,NA,NA,NA,NA,NA,NA,NA,NA,NA,NA,NA,NA,NA,NA,NA,NA,NA,NA,NA,NA,NA,0.0182851340698027,0.0333337375133171,0.0193443676176197,0.0468245577000746,0.034485922326322,0.0223883640809712,0.0147742244553807,0.0238525425229367,0.0301051557368274,0.0225463167761786,0.0191265055083864,0.0144807959482028,0.02530403155883,0.0301332849526467,0.0506022041976189,0.08795010185122,0.0685260835235479,0.0183704011704309,0.0148545076634971,0.0313174207573149,0.0281753501072992,0.0238201114189027,0.0252842361321386,0.0172205752166842,0.0369680805884321,0.0671201337765548,0.0285857679533796,0.0661523140974339,0.0614265910857216,0.018641179692327,0.0239874743190938,0.0440156246914045,0.012492254413722,0.0391424905272881,0.0559679186954129,0.0216774965616373,0.0110439288036608,0.00783932378580672,0.0275392332271125,0.0240543294696351,0.0503271990350527,0.0114417629884054,0.0368770011371249,0.0202276990294386,0.0430672824725842,0.0592510066534318,0.0458999318167515,0.0153597459876311,0.0671696347232839,0.0362431502029186,0.0389481824711837,0.0293222634045321,0.0107308191213742,0.0289656602131227,0.00809229669393352,0.104485220423214,0.0268401312049289,0.0433183146633214,0.0250852494825684,0.030587373780424
"SPEECH_311",NA,NA,NA,NA,NA,NA,NA,NA,NA,NA,NA,NA,NA,NA,NA,NA,NA,NA,NA,NA,NA,NA,NA,NA,NA,NA,NA,NA,NA,NA,NA,NA,NA,NA,NA,NA,NA,NA,NA,NA,NA,NA,NA,NA,NA,NA,NA,NA,NA,NA,NA,NA,NA,NA,NA,NA,NA,NA,NA,NA,0.0229896065405204,0.0709598072522354,0.00925431212637479,0.00800427432281218,0.0312811879391514,0.0235037349919856,0.0106152403802534,0.0119207234089741,0.034683508573848,0.00930975735153281,0.0292397955583334,0.0208373237093864,0.0249201084710223,0.0543363206548585,0.0334334707702854,0.0545026563303326,0.0308225047128441,0.00862929322459349,0.013851225339476,0.0235591802171437,0.135125054185106,0.0157262820448199,0.013795780114318,0.0169763198483825,0.0933344758410033,0.0392804217869492,0.0112402592820347,0.100582678911661,0.0151567083681966,0.0321279877415648,0.0334821880389367,0.0439111171874208,0.0190399497137337,0.0428641762164364,0.0308989116062248,0.0327371082477798,0.0242630245147698,0.0218356548456206,0.0230257526471092,0.0196750417750666,0.0428320877729369,0.0269002957341374,0.0204129497757554,0.0267913231757786,0.0542013746857149,0.0330409488890549,0.0993634694828951,0.0158736290013186,0.0340172659103807,0.0171589580684655,0.0312092519436766,0.0247340256624072,0.0239329073219265,0.030822566702018,0.0501126129650925,0.0562241482776734,0.0278709699131285,0.0308375211470363,0.0225503084537332,0.0393804603237714
"SPEECH_526",NA,NA,NA,NA,NA,NA,NA,NA,NA,NA,NA,NA,NA,NA,NA,NA,NA,NA,NA,NA,NA,NA,NA,NA,NA,NA,NA,NA,NA,NA,NA,NA,NA,NA,NA,NA,NA,NA,NA,NA,NA,NA,NA,NA,NA,NA,NA,NA,NA,NA,NA,NA,NA,NA,NA,NA,NA,NA,NA,NA,0.0334821880389367,0.0439111171874208,0.0190399497137337,0.0428641762164364,0.0308989116062248,0.0327371082477798,0.0242630245147698,0.0218356548456206,0.0230257526471092,0.0196750417750666,0.0428320877729369,0.0269002957341374,0.0204129497757554,0.0267913231757786,0.0542013746857149,0.0330409488890549,0.0993634694828951,0.0158736290013186,0.0340172659103807,0.0171589580684655,0.0312092519436766,0.0247340256624072,0.0239329073219265,0.030822566702018,0.0501126129650925,0.0562241482776734,0.0278709699131285,0.0308375211470363,0.0225503084537332,0.0393804603237714,0.0242716782701004,0.0287865422189723,0.0163257281294203,0.0176293987240295,0.0614768374768135,0.0459933500092158,0.0330774785993345,0.00868147782466613,0.0300014487323705,0.037755749152254,0.0104930720275647,0.0328789095034732,0.0188050703068839,0.0683794325856034,0.0703039238399658,0.0186416637028363,0.0216112256924428,0.0170111799001317,0.0866930010162997,0.0186416637028363,0.0156721017132297,0.0156898055093761,0.0403520985276776,0.0201833834243297,0.0473326732965969,0.0770141339265217,0.0615263666274808,0.0164891347334679,0.0239130397074843,0.0143684311186205
"SPEECH_711",NA,NA,NA,NA,NA,NA,NA,NA,NA,NA,NA,NA,NA,NA,NA,NA,NA,NA,NA,NA,NA,NA,NA,NA,NA,NA,NA,NA,NA,NA,NA,NA,NA,NA,NA,NA,NA,NA,NA,NA,NA,NA,NA,NA,NA,NA,NA,NA,NA,NA,NA,NA,NA,NA,NA,NA,NA,NA,NA,NA,0.0334821880389367,0.0439111171874208,0.0190399497137337,0.0428641762164364,0.0308989116062248,0.0327371082477798,0.0242630245147698,0.0218356548456206,0.0230257526471092,0.0196750417750666,0.0428320877729369,0.0269002957341374,0.0204129497757554,0.0267913231757786,0.0542013746857149,0.0330409488890549,0.0993634694828951,0.0158736290013186,0.0340172659103807,0.0171589580684655,0.0312092519436766,0.0247340256624072,0.0239329073219265,0.030822566702018,0.0501126129650925,0.0562241482776734,0.0278709699131285,0.0308375211470363,0.0225503084537332,0.0393804603237714,0.0242716782701004,0.0287865422189723,0.0163257281294203,0.0176293987240295,0.0614768374768135,0.0459933500092158,0.0330774785993345,0.00868147782466613,0.0300014487323705,0.037755749152254,0.0104930720275647,0.0328789095034732,0.0188050703068839,0.0683794325856034,0.0703039238399658,0.0186416637028363,0.0216112256924428,0.0170111799001317,0.0866930010162997,0.0186416637028363,0.0156721017132297,0.0156898055093761,0.0403520985276776,0.0201833834243297,0.0473326732965969,0.0770141339265217,0.0615263666274808,0.0164891347334679,0.0239130397074843,0.0143684311186205
"SPEECH_506",NA,NA,NA,NA,NA,NA,NA,NA,NA,NA,NA,NA,NA,NA,NA,NA,NA,NA,NA,NA,NA,NA,NA,NA,NA,NA,NA,NA,NA,NA,NA,NA,NA,NA,NA,NA,NA,NA,NA,NA,NA,NA,NA,NA,NA,NA,NA,NA,NA,NA,NA,NA,NA,NA,NA,NA,NA,NA,NA,NA,0.0154653950385658,0.0202730873462581,0.0210157390035439,0.0833203043568897,0.0683109234938503,0.040051073587659,0.0195304356889723,0.0367286845945383,0.0284031686470711,0.0304356889722743,0.0522461955388785,0.0615097977902856,0.025627996664582,0.0504091098603294,0.025627996664582,0.025627996664582,0.0162080466958516,0.017497915363769,0.0466958515739004,0.0378231186158015,0.0359860329372525,0.0223056076714613,0.034696164269335,0.0296930373149885,0.0182405670210548,0.017497915363769,0.0500182405670211,0.017497915363769,0.033758077965395,0.017497915363769,0.0265512392802406,0.0360068857684813,0.0128195040307748,0.0119776515824543,0.0654058654243297,0.0402575425179136,0.0369462838619967,0.0169553497741676,0.0273997898163165,0.0478714308144025,0.0535799719065336,0.0375001781856527,0.0167533058008009,0.0165538775962666,0.0506250935307646,0.0228885391576036,0.0730647088972504,0.0140333892609479,0.0445130482036803,0.0202058164886432,0.0127391060706919,0.0251015618797143,0.013788083609174,0.020238782160927,0.0343461250975012,0.0819609991307471,0.0220694728025268,0.0565651486461048,0.0238565908299298,0.0374246578734619
"SPEECH_314",NA,NA,NA,NA,NA,NA,NA,NA,NA,NA,NA,NA,NA,NA,NA,NA,NA,NA,NA,NA,NA,NA,NA,NA,NA,NA,NA,NA,NA,NA,NA,NA,NA,NA,NA,NA,NA,NA,NA,NA,NA,NA,NA,NA,NA,NA,NA,NA,NA,NA,NA,NA,NA,NA,NA,NA,NA,NA,NA,NA,0.0242716782701004,0.0287865422189723,0.0163257281294203,0.0176293987240295,0.0614768374768135,0.0459933500092158,0.0330774785993345,0.00868147782466613,0.0300014487323705,0.037755749152254,0.0104930720275647,0.0328789095034732,0.0188050703068839,0.0683794325856034,0.0703039238399658,0.0186416637028363,0.0216112256924428,0.0170111799001317,0.0866930010162997,0.0186416637028363,0.0156721017132297,0.0156898055093761,0.0403520985276776,0.0201833834243297,0.0473326732965969,0.0770141339265217,0.0615263666274808,0.0164891347334679,0.0239130397074843,0.0143684311186205,0.0281779154257399,0.0333794023750343,0.0149915652588741,0.050700703209674,0.0536784063997639,0.033080988471481,0.0263678704181833,0.011710464253405,0.0361156188026732,0.0188479655458075,0.052354023551355,0.0301096766450029,0.0174677756609924,0.0555484085511419,0.0419203825804026,0.0403479735026639,0.0672298583913559,0.0229879006485996,0.0152004939475352,0.030730754365427,0.0705398969738975,0.0148297914331822,0.0116756146629777,0.0290094429942877,0.0550018037545091,0.0626780981870705,0.0134715853909873,0.0197182566485832,0.0210012875703928,0.0211260743789994
"SPEECH_561",NA,NA,NA,NA,NA,NA,NA,NA,NA,NA,NA,NA,NA,NA,NA,NA,NA,NA,NA,NA,NA,NA,NA,NA,NA,NA,NA,NA,NA,NA,NA,NA,NA,NA,NA,NA,NA,NA,NA,NA,NA,NA,NA,NA,NA,NA,NA,NA,NA,NA,NA,NA,NA,NA,NA,NA,NA,NA,NA,NA,0.0265512392802406,0.0360068857684813,0.0128195040307748,0.0119776515824543,0.0654058654243297,0.0402575425179136,0.0369462838619967,0.0169553497741676,0.0273997898163165,0.0478714308144025,0.0535799719065336,0.0375001781856527,0.0167533058008009,0.0165538775962666,0.0506250935307646,0.0228885391576036,0.0730647088972504,0.0140333892609479,0.0445130482036803,0.0202058164886432,0.0127391060706919,0.0251015618797143,0.013788083609174,0.020238782160927,0.0343461250975012,0.0819609991307471,0.0220694728025268,0.0565651486461048,0.0238565908299298,0.0374246578734619,0.0202083820735053,0.0311378051101778,0.016553517764971,0.0277179846064632,0.0377655453054347,0.0506920541318816,0.0265637216318316,0.0174649546770996,0.0393402708955945,0.0158209412369692,0.0464370210234118,0.0143820769194918,0.0187396598050566,0.0405993987398833,0.0277827922854994,0.0696108307248472,0.0696034239157978,0.0172496808506,0.0278830137025836,0.0192461867905629,0.0427339344679368,0.0165686908087177,0.0287903515943902,0.0429496901036636,0.0536667879435011,0.0585175799666195,0.0424005967997655,0.0247460257615531,0.0312465860323049,0.0235804943298848
"SPEECH_558",NA,NA,NA,NA,NA,NA,NA,NA,NA,NA,NA,NA,NA,NA,NA,NA,NA,NA,NA,NA,NA,NA,NA,NA,NA,NA,NA,NA,NA,NA,NA,NA,NA,NA,NA,NA,NA,NA,NA,NA,NA,NA,NA,NA,NA,NA,NA,NA,NA,NA,NA,NA,NA,NA,NA,NA,NA,NA,NA,NA,0.0606738427163843,0.0192634986744613,0.0173634352799883,0.0251242409682551,0.025754939240077,0.0362519188535005,0.0147249502308133,0.0197374815591341,0.0643721487735668,0.0255250309790806,0.017839484092552,0.023193778920531,0.0163198465625518,0.0307654046405069,0.0151623366785625,0.0401435367347557,0.0126947333792166,0.0173268388430646,0.0161489648127227,0.0139478662112968,0.0361317999032752,0.136620598442251,0.0101884677150562,0.0386380655674356,0.0335544072931583,0.0332941003789109,0.0523838643555033,0.0927996116842585,0.0384550833828172,0.0155997231263116,0.0434863419364811,0.0155264175450035,0.00909185140527166,0.0634472899256298,0.0207832639593952,0.0347665380160446,0.0291860688692894,0.018436235129,0.02953305262974,0.0258783231746869,0.0432368767564374,0.0370505288628273,0.0348095923641487,0.0368511961236807,0.0183488191831946,0.0692534541547316,0.0979786657630485,0.0172632632365275,0.0297429218275731,0.0196573116344746,0.0288653041052755,0.0155489554409001,0.00845979862653272,0.0128587751774825,0.0502908240053164,0.0849712957619495,0.0221286016057646,0.0346992604903739,0.0231090222189411,0.0247401500702774
"SPEECH_505",NA,NA,NA,NA,NA,NA,NA,NA,NA,NA,NA,NA,NA,NA,NA,NA,NA,NA,NA,NA,NA,NA,NA,NA,NA,NA,NA,NA,NA,NA,NA,NA,NA,NA,NA,NA,NA,NA,NA,NA,NA,NA,NA,NA,NA,NA,NA,NA,NA,NA,NA,NA,NA,NA,NA,NA,NA,NA,NA,NA,0.0500049657380916,0.0236149425447179,0.0143330890394152,0.0423090865684367,0.0445064005885038,0.0361476292011286,0.0212077579132105,0.0153670992056435,0.0208185372494975,0.0181403036844439,0.0424546811856987,0.0407742884655329,0.0285254511660523,0.042806344806568,0.0237521275988147,0.0526453203946307,0.0205973159582946,0.0157141230318258,0.0233060002585961,0.0266899119398354,0.0497109549974944,0.0211974919345429,0.0826666050485594,0.0193454092798434,0.0604347261376591,0.0246774423237107,0.0269904587304536,0.0485675900867773,0.0394050914126773,0.0232888535093437,0.0225373779528021,0.0401608901760981,0.0209560259710546,0.0191677485505774,0.0512437077945536,0.0382148863289911,0.0261198224124994,0.0120134890635427,0.0763529857904567,0.0246260713177335,0.0528958532139362,0.0221675676284504,0.0258178406089693,0.0394260329157349,0.0585055923557818,0.0257280011344513,0.0527978378115117,0.0234826008649623,0.0229022053481017,0.0281369437074871,0.0197495577656861,0.0168411355994003,0.0393839463546531,0.020733967673774,0.0220001435789705,0.0796699179379001,0.0325486555618144,0.0228589956545962,0.0349699025319864,0.0279902963935231
"SPEECH_715",NA,NA,NA,NA,NA,NA,NA,NA,NA,NA,NA,NA,NA,NA,NA,NA,NA,NA,NA,NA,NA,NA,NA,NA,NA,NA,NA,NA,NA,NA,NA,NA,NA,NA,NA,NA,NA,NA,NA,NA,NA,NA,NA,NA,NA,NA,NA,NA,NA,NA,NA,NA,NA,NA,NA,NA,NA,NA,NA,NA,0.0500049657380916,0.0236149425447179,0.0143330890394152,0.0423090865684367,0.0445064005885038,0.0361476292011286,0.0212077579132105,0.0153670992056435,0.0208185372494975,0.0181403036844439,0.0424546811856987,0.0407742884655329,0.0285254511660523,0.042806344806568,0.0237521275988147,0.0526453203946307,0.0205973159582946,0.0157141230318258,0.0233060002585961,0.0266899119398354,0.0497109549974944,0.0211974919345429,0.0826666050485594,0.0193454092798434,0.0604347261376591,0.0246774423237107,0.0269904587304536,0.0485675900867773,0.0394050914126773,0.0232888535093437,0.0225373779528021,0.0401608901760981,0.0209560259710546,0.0191677485505774,0.0512437077945536,0.0382148863289911,0.0261198224124994,0.0120134890635427,0.0763529857904567,0.0246260713177335,0.0528958532139362,0.0221675676284504,0.0258178406089693,0.0394260329157349,0.0585055923557818,0.0257280011344513,0.0527978378115117,0.0234826008649623,0.0229022053481017,0.0281369437074871,0.0197495577656861,0.0168411355994003,0.0393839463546531,0.020733967673774,0.0220001435789705,0.0796699179379001,0.0325486555618144,0.0228589956545962,0.0349699025319864,0.0279902963935231
"SPEECH_749",NA,NA,NA,NA,NA,NA,NA,NA,NA,NA,NA,NA,NA,NA,NA,NA,NA,NA,NA,NA,NA,NA,NA,NA,NA,NA,NA,NA,NA,NA,NA,NA,NA,NA,NA,NA,NA,NA,NA,NA,NA,NA,NA,NA,NA,NA,NA,NA,NA,NA,NA,NA,NA,NA,NA,NA,NA,NA,NA,NA,0.0434863419364811,0.0155264175450035,0.00909185140527166,0.0634472899256298,0.0207832639593952,0.0347665380160446,0.0291860688692894,0.018436235129,0.02953305262974,0.0258783231746869,0.0432368767564374,0.0370505288628273,0.0348095923641487,0.0368511961236807,0.0183488191831946,0.0692534541547316,0.0979786657630485,0.0172632632365275,0.0297429218275731,0.0196573116344746,0.0288653041052755,0.0155489554409001,0.00845979862653272,0.0128587751774825,0.0502908240053164,0.0849712957619495,0.0221286016057646,0.0346992604903739,0.0231090222189411,0.0247401500702774,0.0327137535777741,0.0168986684196233,0.0198762376815686,0.00709801319168169,0.0308934379216756,0.0416460271003802,0.0687740168072994,0.0219389301217001,0.0446070364578264,0.0391144172246322,0.0252868969678448,0.012999824190944,0.012576533345346,0.0816708241098236,0.0422947005622821,0.0421973387461446,0.07892630944791,0.0106874882953997,0.0387239566792126,0.0118434391115569,0.0158562050608728,0.0459694649643471,0.0374468174710389,0.0260340902811638,0.0154930741480532,0.0932006865682364,0.0167706476194568,0.0263361927347453,0.0213347252145371,0.0207902459769227
"SPEECH_512",NA,NA,NA,NA,NA,NA,NA,NA,NA,NA,NA,NA,NA,NA,NA,NA,NA,NA,NA,NA,NA,NA,NA,NA,NA,NA,NA,NA,NA,NA,NA,NA,NA,NA,NA,NA,NA,NA,NA,NA,NA,NA,NA,NA,NA,NA,NA,NA,NA,NA,NA,NA,NA,NA,NA,NA,NA,NA,NA,NA,0.0450124514007905,0.0386483677550025,0.0108481667716563,0.0370925908483351,0.0257276791519017,0.0412445644618604,0.0354047707422832,0.015117551915498,0.0199336435696912,0.0136362149704298,0.069378644848282,0.0234597247801894,0.0107765197563279,0.0379421093411752,0.0286898377710001,0.082413584659026,0.0795404100075846,0.0182442360918714,0.078338944566877,0.0184386754066502,0.022629443897658,0.0317290522119244,0.0273363543238651,0.0205513894781158,0.0477623458554467,0.027716519259249,0.0201264175571542,0.0335975157860714,0.0217771242297029,0.01688514858438,0.0213005841848391,0.0213744306917176,0.0137696861638961,0.0732945594217848,0.0150771174513618,0.0293957629322279,0.0196838340742728,0.0189259495875879,0.013049098443253,0.0122063306574426,0.0642178771364063,0.0262447190805019,0.0112639703423354,0.106966728115749,0.0370977269129341,0.0420828959348176,0.126457897969628,0.032573938608102,0.0546268748511553,0.0129173450079667,0.0173590939396496,0.0176079327471929,0.0107090544878798,0.0336115592771352,0.086196824473681,0.0110841625432053,0.0212820344699885,0.0127677140688066,0.0250287869657844,0.0118255094586967
"SPEECH_294",NA,NA,NA,NA,NA,NA,NA,NA,NA,NA,NA,NA,NA,NA,NA,NA,NA,NA,NA,NA,NA,NA,NA,NA,NA,NA,NA,NA,NA,NA,NA,NA,NA,NA,NA,NA,NA,NA,NA,NA,NA,NA,NA,NA,NA,NA,NA,NA,NA,NA,NA,NA,NA,NA,NA,NA,NA,NA,NA,NA,0.0411605628541337,0.0624795767554186,0.0074912843209282,0.031281980293075,0.0342530553043822,0.0322628488364966,0.029474280279902,0.0147795921981474,0.0133853079198501,0.0185462490216597,0.0752488176752225,0.0308373149006529,0.0198943416885683,0.0395199070561694,0.01446600627458,0.0560823393682243,0.033356554332765,0.0092738155152241,0.0112891908019869,0.0165187120575584,0.0124879614840329,0.0200403631112653,0.0319614245902677,0.0347350511930199,0.0531131991692209,0.0191612591914559,0.0401409980646349,0.0485174508851148,0.0674046983811344,0.0808358564749079,0.0364267950974045,0.0169013047864988,0.0193631107164353,0.0246390441159989,0.0629015651770587,0.034345115080575,0.0260726205308984,0.0181885662619969,0.0366571361766818,0.0221622124040869,0.0497670527161471,0.0345551806208439,0.0214350599311561,0.0404305313672143,0.0800424666987562,0.0291881576781031,0.0813353252072056,0.0187737983936024,0.0194660761253782,0.0189162895622807,0.0398988587411354,0.0202310721206902,0.0170787121151546,0.0220900082826462,0.061471343579232,0.0487881228014003,0.0229580483220591,0.0291388339452225,0.0311445989959073,0.0156329924482295
"SPEECH_569",NA,NA,NA,NA,NA,NA,NA,NA,NA,NA,NA,NA,NA,NA,NA,NA,NA,NA,NA,NA,NA,NA,NA,NA,NA,NA,NA,NA,NA,NA,NA,NA,NA,NA,NA,NA,NA,NA,NA,NA,NA,NA,NA,NA,NA,NA,NA,NA,NA,NA,NA,NA,NA,NA,NA,NA,NA,NA,NA,NA,0.0213005841848391,0.0213744306917176,0.0137696861638961,0.0732945594217848,0.0150771174513618,0.0293957629322279,0.0196838340742728,0.0189259495875879,0.013049098443253,0.0122063306574426,0.0642178771364063,0.0262447190805019,0.0112639703423354,0.106966728115749,0.0370977269129341,0.0420828959348176,0.126457897969628,0.032573938608102,0.0546268748511553,0.0129173450079667,0.0173590939396496,0.0176079327471929,0.0107090544878798,0.0336115592771352,0.086196824473681,0.0110841625432053,0.0212820344699885,0.0127677140688066,0.0250287869657844,0.0118255094586967,0.0336392988421832,0.0202572848357092,0.00931427349812483,0.071536158887757,0.0232945510819164,0.0555660038061297,0.038509751470611,0.01217826682452,0.0408688654415259,0.0338388956365312,0.0146048748808101,0.0418201830041837,0.0119152228848281,0.0594456023055979,0.0271894423954644,0.0465612031095444,0.0893480888627654,0.0192812825237046,0.0585458967720829,0.0147779485838247,0.0246041525340139,0.0141569518096572,0.0141822744731607,0.0549513054287829,0.028691663102737,0.0507967593088747,0.0145857452905884,0.0305857671181942,0.0312851044892778,0.0136671807968984
"SPEECH_529",NA,NA,NA,NA,NA,NA,NA,NA,NA,NA,NA,NA,NA,NA,NA,NA,NA,NA,NA,NA,NA,NA,NA,NA,NA,NA,NA,NA,NA,NA,NA,NA,NA,NA,NA,NA,NA,NA,NA,NA,NA,NA,NA,NA,NA,NA,NA,NA,NA,NA,NA,NA,NA,NA,NA,NA,NA,NA,NA,NA,0.0234604082607385,0.0419957705201387,0.0117154757152058,0.0369493943350321,0.0293724136569015,0.0350161512213192,0.0224454325986149,0.0172940382161108,0.0246135507697542,0.0251822776348823,0.0689437866053785,0.0252079149677141,0.011662330216799,0.115006111945581,0.0225758822140136,0.060124409800692,0.0414386924188835,0.0167666853386625,0.0212693990943905,0.0136031101775118,0.0193298438150922,0.0185116362629528,0.0282229909254169,0.0196488860157977,0.0327495102429269,0.0251482151987944,0.112538887505869,0.0358595311674945,0.0196338870269353,0.023713376130395,0.0262389316650053,0.0123491805941754,0.00914364759805625,0.0328743433443954,0.0282241501799641,0.0949591135485292,0.0593259663751421,0.013741693620258,0.0702621199591195,0.0434972573100542,0.00975752114010659,0.0172291303806991,0.0152012189944509,0.10019261739172,0.0342076333902492,0.0195533945113854,0.00728050215378995,0.00976703487187025,0.0271897696939599,0.0108420271003406,0.0107774526459948,0.0310737506864752,0.068245208825223,0.0139639581785865,0.0158150925365012,0.0792263742526072,0.0463087434286871,0.0656628847204473,0.0126501118220247,0.0144391690801815
"SPEECH_533",NA,NA,NA,NA,NA,NA,NA,NA,NA,NA,NA,NA,NA,NA,NA,NA,NA,NA,NA,NA,NA,NA,NA,NA,NA,NA,NA,NA,NA,NA,NA,NA,NA,NA,NA,NA,NA,NA,NA,NA,NA,NA,NA,NA,NA,NA,NA,NA,NA,NA,NA,NA,NA,NA,NA,NA,NA,NA,NA,NA,0.0234604082607385,0.0419957705201387,0.0117154757152058,0.0369493943350321,0.0293724136569015,0.0350161512213192,0.0224454325986149,0.0172940382161108,0.0246135507697542,0.0251822776348823,0.0689437866053785,0.0252079149677141,0.011662330216799,0.115006111945581,0.0225758822140136,0.060124409800692,0.0414386924188835,0.0167666853386625,0.0212693990943905,0.0136031101775118,0.0193298438150922,0.0185116362629528,0.0282229909254169,0.0196488860157977,0.0327495102429269,0.0251482151987944,0.112538887505869,0.0358595311674945,0.0196338870269353,0.023713376130395,0.0262389316650053,0.0123491805941754,0.00914364759805625,0.0328743433443954,0.0282241501799641,0.0949591135485292,0.0593259663751421,0.013741693620258,0.0702621199591195,0.0434972573100542,0.00975752114010659,0.0172291303806991,0.0152012189944509,0.10019261739172,0.0342076333902492,0.0195533945113854,0.00728050215378995,0.00976703487187025,0.0271897696939599,0.0108420271003406,0.0107774526459948,0.0310737506864752,0.068245208825223,0.0139639581785865,0.0158150925365012,0.0792263742526072,0.0463087434286871,0.0656628847204473,0.0126501118220247,0.0144391690801815
"SPEECH_304",NA,NA,NA,NA,NA,NA,NA,NA,NA,NA,NA,NA,NA,NA,NA,NA,NA,NA,NA,NA,NA,NA,NA,NA,NA,NA,NA,NA,NA,NA,NA,NA,NA,NA,NA,NA,NA,NA,NA,NA,NA,NA,NA,NA,NA,NA,NA,NA,NA,NA,NA,NA,NA,NA,NA,NA,NA,NA,NA,NA,0.0186199145295975,0.0184190420869323,0.0240413231356863,0.0197000551134145,0.0294730135158953,0.0344481495479886,0.040873156916862,0.0377810018106163,0.0454083093027427,0.0268465733372533,0.0255157957497405,0.0495309389143513,0.0317481043902067,0.0623697976829915,0.0483387889779903,0.0466843822146636,0.115555622634634,0.0215379049682141,0.0158452790425404,0.0168194535113608,0.0227769375971964,0.0184111624560109,0.0143399357372403,0.0173351728525344,0.0188189937115584,0.0475201140656042,0.0529853228850291,0.0357663028113986,0.0297265440891271,0.0127629064106184,0.026315007475372,0.0265590797001594,0.0137711846541791,0.0366272676164825,0.0429745703321477,0.0319052875513532,0.025513373213364,0.0134895920678405,0.0566608944208937,0.0138245516145874,0.026213254300911,0.0217255455759965,0.0280888344808159,0.0351696577549065,0.0382036252052058,0.0870632052475874,0.0431175958208167,0.0203140937063544,0.0201926232754418,0.0161551909269022,0.0357459885369338,0.0212281977870399,0.0483731527095152,0.0149131048435718,0.0276856743248337,0.0286840147966348,0.0520505088064276,0.0572719485356397,0.0584694960735245,0.0316934786445615
"SPEECH_746",NA,NA,NA,NA,NA,NA,NA,NA,NA,NA,NA,NA,NA,NA,NA,NA,NA,NA,NA,NA,NA,NA,NA,NA,NA,NA,NA,NA,NA,NA,NA,NA,NA,NA,NA,NA,NA,NA,NA,NA,NA,NA,NA,NA,NA,NA,NA,NA,NA,NA,NA,NA,NA,NA,NA,NA,NA,NA,NA,NA,0.0490172848030109,0.0460008582750978,0.00927836145964797,0.0176696987763533,0.0409962250287593,0.045541033887757,0.0371812545258144,0.0158051012558769,0.0232140784262939,0.0114540274948373,0.0486149175322705,0.0215738729528706,0.0119190535446054,0.0271342170251607,0.0423278508194553,0.0760799320408399,0.0586971461719314,0.0208712361153076,0.0464670626396885,0.0178422559369654,0.0132344121187175,0.0373090661196597,0.011678890290686,0.0117203378595311,0.0257976242847746,0.0771702206999761,0.0560165452632804,0.046859505363277,0.0207339897375186,0.0317939395500346,0.0340533396606977,0.0192482989913154,0.017868036741488,0.139066406897571,0.0286454269113737,0.0226989546158841,0.0238145090369775,0.0290708502075534,0.0224342467871501,0.0498315070611227,0.0296002658650214,0.0199384301162292,0.035546738160511,0.017868036741488,0.0192482989913154,0.033627916364518,0.0638239814857435,0.0199384301162292,0.0327296455358631,0.0275298724902802,0.0231243779120638,0.0192482989913154,0.0224342467871501,0.0185581678664017,0.0238145090369775,0.0231243779120638,0.0185581678664017,0.102007465855971,0.0245046401618913,0.0380425548314319
"SPEECH_537",NA,NA,NA,NA,NA,NA,NA,NA,NA,NA,NA,NA,NA,NA,NA,NA,NA,NA,NA,NA,NA,NA,NA,NA,NA,NA,NA,NA,NA,NA,NA,NA,NA,NA,NA,NA,NA,NA,NA,NA,NA,NA,NA,NA,NA,NA,NA,NA,NA,NA,NA,NA,NA,NA,NA,NA,NA,NA,NA,NA,0.0698155760156357,0.0215912745731536,0.0098023382847209,0.0133369808418309,0.0251103673690702,0.0159442275169683,0.0326976551718793,0.0111020353067808,0.010873785126619,0.0147938139399727,0.0417486341468533,0.0371570085888973,0.0104982060872952,0.0453244138979323,0.0137160314956063,0.127670649969803,0.113086811189565,0.0144991409889721,0.0322353064696052,0.00920886123347917,0.00665785183789319,0.0629437744605465,0.048349232691486,0.00741800541384279,0.0245742934433041,0.00999015664978582,0.0165295661923366,0.0856703066945932,0.056601346967216,0.0110523474343552,0.0218765712632482,0.0372602796438876,0.0195218626777681,0.0349120073232181,0.023847711658308,0.0507620989155192,0.0362371611901559,0.0241792120458042,0.0154441470993876,0.0192807170485682,0.0325388671112098,0.058723564979833,0.0120560639563097,0.112676538507209,0.0396560250688539,0.0532058467636073,0.0224470078086689,0.0204001730475434,0.0186509756965904,0.0160074550300617,0.0300347943112992,0.0190678341222435,0.0132349257140245,0.0344158166632038,0.0958041714322348,0.00977427445898722,0.0598775322162573,0.0186727634705264,0.0309587619758761,0.0184748387995952
"SPEECH_289",NA,NA,NA,NA,NA,NA,NA,NA,NA,NA,NA,NA,NA,NA,NA,NA,NA,NA,NA,NA,NA,NA,NA,NA,NA,NA,NA,NA,NA,NA,NA,NA,NA,NA,NA,NA,NA,NA,NA,NA,NA,NA,NA,NA,NA,NA,NA,NA,NA,NA,NA,NA,NA,NA,NA,NA,NA,NA,NA,NA,0.0416287748503363,0.0296558289000968,0.00800333085125969,0.0276527385697307,0.0216000489615123,0.0556402242555356,0.144550039658259,0.0254485498853724,0.0200349896118492,0.0115869134504032,0.10719319782207,0.0583397962132461,0.00898791408061372,0.0264686808397123,0.01464622692564,0.0635531077853264,0.0615786016475458,0.0203954420560407,0.0301422751149885,0.0159356091642925,0.0164668394844775,0.0249722679385727,0.0110234336118873,0.0109689696607405,0.035579900179082,0.0172601743449627,0.0253813567035645,0.0227459157687404,0.0278278999053196,0.0147309517588215,0.0310472087221298,0.027971291786856,0.0182597093251848,0.0138066983846673,0.0325978406132415,0.0422478427017388,0.0438397790738839,0.0215901054548052,0.0295996621758236,0.0305453826498191,0.0259112130509385,0.0683957418857581,0.016582849140124,0.0321015872481552,0.0418313553604416,0.0356381068599808,0.100218536116447,0.015579603404646,0.0346003779664625,0.0206298307820977,0.0313495195435507,0.0175760244342528,0.014699067205983,0.0117242286968228,0.0183583266220414,0.0453479462851826,0.0492736283192104,0.052239264009732,0.0564576233684609,0.0199796488115621
"SPEECH_677",NA,NA,NA,NA,NA,NA,NA,NA,NA,NA,NA,NA,NA,NA,NA,NA,NA,NA,NA,NA,NA,NA,NA,NA,NA,NA,NA,NA,NA,NA,NA,NA,NA,NA,NA,NA,NA,NA,NA,NA,NA,NA,NA,NA,NA,NA,NA,NA,NA,NA,NA,NA,NA,NA,NA,NA,NA,NA,NA,NA,0.0416287748503363,0.0296558289000968,0.00800333085125969,0.0276527385697307,0.0216000489615123,0.0556402242555356,0.144550039658259,0.0254485498853724,0.0200349896118492,0.0115869134504032,0.10719319782207,0.0583397962132461,0.00898791408061372,0.0264686808397123,0.01464622692564,0.0635531077853264,0.0615786016475458,0.0203954420560407,0.0301422751149885,0.0159356091642925,0.0164668394844775,0.0249722679385727,0.0110234336118873,0.0109689696607405,0.035579900179082,0.0172601743449627,0.0253813567035645,0.0227459157687404,0.0278278999053196,0.0147309517588215,0.0310472087221298,0.027971291786856,0.0182597093251848,0.0138066983846673,0.0325978406132415,0.0422478427017388,0.0438397790738839,0.0215901054548052,0.0295996621758236,0.0305453826498191,0.0259112130509385,0.0683957418857581,0.016582849140124,0.0321015872481552,0.0418313553604416,0.0356381068599808,0.100218536116447,0.015579603404646,0.0346003779664625,0.0206298307820977,0.0313495195435507,0.0175760244342528,0.014699067205983,0.0117242286968228,0.0183583266220414,0.0453479462851826,0.0492736283192104,0.052239264009732,0.0564576233684609,0.0199796488115621
"SPEECH_298",NA,NA,NA,NA,NA,NA,NA,NA,NA,NA,NA,NA,NA,NA,NA,NA,NA,NA,NA,NA,NA,NA,NA,NA,NA,NA,NA,NA,NA,NA,NA,NA,NA,NA,NA,NA,NA,NA,NA,NA,NA,NA,NA,NA,NA,NA,NA,NA,NA,NA,NA,NA,NA,NA,NA,NA,NA,NA,NA,NA,0.049796295138668,0.040439511839695,0.0138823401992998,0.0101240738336047,0.0400186074795985,0.0328022270294701,0.0198158675369949,0.0168909724070845,0.0357524120805943,0.015326267125364,0.0283361040050962,0.024407227027357,0.0104852232096003,0.0555914384174832,0.0239515250481836,0.0696130074652772,0.0577074100395066,0.0159124505654068,0.0294124460909871,0.0397004900640529,0.0162775812594602,0.0929487090499264,0.0208411017941575,0.0117638161115528,0.0461668456117954,0.0790866948735934,0.0359760229117948,0.0351955562999291,0.0149908849590113,0.0167868905254544,0.0369771081404431,0.0299969163561369,0.0137885609235145,0.0359504235556882,0.0781104024212162,0.0351744247066192,0.0386974300128041,0.0162224924784118,0.0328665584177591,0.048346199408594,0.0192125858134025,0.0205715783060564,0.0206599949958886,0.0505872352490571,0.0207040139171428,0.0257405814134315,0.0178904420479312,0.0148976537211782,0.0662135315173812,0.0181807218178231,0.015836168306919,0.0285419484514361,0.0302839555609762,0.0471288152614645,0.0451517914643191,0.0631347636759726,0.013548391332757,0.0530041348212743,0.0449343103872839,0.0176468655171177
"SPEECH_307",NA,NA,NA,NA,NA,NA,NA,NA,NA,NA,NA,NA,NA,NA,NA,NA,NA,NA,NA,NA,NA,NA,NA,NA,NA,NA,NA,NA,NA,NA,NA,NA,NA,NA,NA,NA,NA,NA,NA,NA,NA,NA,NA,NA,NA,NA,NA,NA,NA,NA,NA,NA,NA,NA,NA,NA,NA,NA,NA,NA,0.0142219497587151,0.0394321750886796,0.0130246530103274,0.0308504505633852,0.0611476831251858,0.0755119447166639,0.0179097340825256,0.0133455955391507,0.0332590629588729,0.0160830177835212,0.0313853250139746,0.0122138925071887,0.023924978816116,0.0326603053675916,0.016461501482434,0.072080067835894,0.0424936857567627,0.0169456925628882,0.0298872325996232,0.0271173012988242,0.0589511555543712,0.00915552773399485,0.0128957561844983,0.033643226684284,0.0696428656539185,0.0147405287246824,0.0271711305638485,0.0321563113105125,0.0960762308566011,0.0256110168649642,0.0307426375502507,0.0329049791442643,0.0231047879656215,0.0308831002937082,0.0682568878961056,0.0503330999194567,0.0427791193369091,0.0210287351347257,0.0201471532095924,0.0141270899899038,0.0156021360938768,0.0294991822386861,0.0264593810033918,0.0471745519477081,0.0341054660661166,0.0178370043622092,0.0163412675634083,0.022424650703941,0.0429392500074103,0.0421404823086038,0.0221931211073753,0.0276834272820663,0.0139127227458466,0.0225188072092414,0.0690062953461746,0.0436366844600104,0.0636159601998182,0.0386399482377744,0.0434052933598988,0.0265567773159041
"SPEECH_188",NA,NA,NA,NA,NA,NA,NA,NA,NA,NA,NA,NA,NA,NA,NA,NA,NA,NA,NA,NA,NA,NA,NA,NA,NA,NA,NA,NA,NA,NA,NA,NA,NA,NA,NA,NA,NA,NA,NA,NA,NA,NA,NA,NA,NA,NA,NA,NA,NA,NA,NA,NA,NA,NA,NA,NA,NA,NA,NA,NA,0.0369771081404431,0.0299969163561369,0.0137885609235145,0.0359504235556882,0.0781104024212162,0.0351744247066192,0.0386974300128041,0.0162224924784118,0.0328665584177591,0.048346199408594,0.0192125858134025,0.0205715783060564,0.0206599949958886,0.0505872352490571,0.0207040139171428,0.0257405814134315,0.0178904420479312,0.0148976537211782,0.0662135315173812,0.0181807218178231,0.015836168306919,0.0285419484514361,0.0302839555609762,0.0471288152614645,0.0451517914643191,0.0631347636759726,0.013548391332757,0.0530041348212743,0.0449343103872839,0.0176468655171177,0.0130881371966451,0.0399903618718742,0.0146645471197495,0.0410451068880756,0.0477433018461293,0.041345873340067,0.0163407005944039,0.0145678826083595,0.0324883079665719,0.0443337507600477,0.0569756916009786,0.0129410136534729,0.023558856804441,0.022324670553693,0.0286971672564352,0.0685413345054013,0.0317709495657687,0.0200670050906155,0.00924173483360448,0.0204733215171305,0.0492027207481427,0.0197179063924241,0.01630357909367,0.0203075274906455,0.0574846614933581,0.0603150745029301,0.0367025033559022,0.0583925223773117,0.0366475485464171,0.0447262404257337
"SPEECH_492",NA,NA,NA,NA,NA,NA,NA,NA,NA,NA,NA,NA,NA,NA,NA,NA,NA,NA,NA,NA,NA,NA,NA,NA,NA,NA,NA,NA,NA,NA,NA,NA,NA,NA,NA,NA,NA,NA,NA,NA,NA,NA,NA,NA,NA,NA,NA,NA,NA,NA,NA,NA,NA,NA,NA,NA,NA,NA,NA,NA,0.0130881371966451,0.0399903618718742,0.0146645471197495,0.0410451068880756,0.0477433018461293,0.041345873340067,0.0163407005944039,0.0145678826083595,0.0324883079665719,0.0443337507600477,0.0569756916009786,0.0129410136534729,0.023558856804441,0.022324670553693,0.0286971672564352,0.0685413345054013,0.0317709495657687,0.0200670050906155,0.00924173483360448,0.0204733215171305,0.0492027207481427,0.0197179063924241,0.01630357909367,0.0203075274906455,0.0574846614933581,0.0603150745029301,0.0367025033559022,0.0583925223773117,0.0366475485464171,0.0447262404257337,0.0388675035815874,0.0258965679648853,0.0145669890016802,0.0379729173753855,0.0419607633286989,0.0335519239182208,0.0368157127376692,0.0135744409642213,0.0357110154526625,0.0310674269002797,0.021010382579272,0.0402170267246152,0.0177271189329464,0.0331891769495063,0.0263855709436288,0.0361502404815292,0.0218744985258011,0.0215961418012541,0.0629462495586204,0.031666699029606,0.0547512094499893,0.0249282876703826,0.0180356828717063,0.0297672359542857,0.0284949640969491,0.064239367997774,0.0456599710242413,0.0359577233827578,0.0571972501145277,0.0182199406853161
"SPEECH_523",NA,NA,NA,NA,NA,NA,NA,NA,NA,NA,NA,NA,NA,NA,NA,NA,NA,NA,NA,NA,NA,NA,NA,NA,NA,NA,NA,NA,NA,NA,NA,NA,NA,NA,NA,NA,NA,NA,NA,NA,NA,NA,NA,NA,NA,NA,NA,NA,NA,NA,NA,NA,NA,NA,NA,NA,NA,NA,NA,NA,0.0130881371966451,0.0399903618718742,0.0146645471197495,0.0410451068880756,0.0477433018461293,0.041345873340067,0.0163407005944039,0.0145678826083595,0.0324883079665719,0.0443337507600477,0.0569756916009786,0.0129410136534729,0.023558856804441,0.022324670553693,0.0286971672564352,0.0685413345054013,0.0317709495657687,0.0200670050906155,0.00924173483360448,0.0204733215171305,0.0492027207481427,0.0197179063924241,0.01630357909367,0.0203075274906455,0.0574846614933581,0.0603150745029301,0.0367025033559022,0.0583925223773117,0.0366475485464171,0.0447262404257337,0.0388675035815874,0.0258965679648853,0.0145669890016802,0.0379729173753855,0.0419607633286989,0.0335519239182208,0.0368157127376692,0.0135744409642213,0.0357110154526625,0.0310674269002797,0.021010382579272,0.0402170267246152,0.0177271189329464,0.0331891769495063,0.0263855709436288,0.0361502404815292,0.0218744985258011,0.0215961418012541,0.0629462495586204,0.031666699029606,0.0547512094499893,0.0249282876703826,0.0180356828717063,0.0297672359542857,0.0284949640969491,0.064239367997774,0.0456599710242413,0.0359577233827578,0.0571972501145277,0.0182199406853161
"SPEECH_662",NA,NA,NA,NA,NA,NA,NA,NA,NA,NA,NA,NA,NA,NA,NA,NA,NA,NA,NA,NA,NA,NA,NA,NA,NA,NA,NA,NA,NA,NA,NA,NA,NA,NA,NA,NA,NA,NA,NA,NA,NA,NA,NA,NA,NA,NA,NA,NA,NA,NA,NA,NA,NA,NA,NA,NA,NA,NA,NA,NA,0.0388203824713736,0.0352215763762847,0.0147965494604075,0.0320363068746445,0.0420558598889229,0.0425416009869324,0.0874420936609893,0.0158280354381866,0.0183860362060543,0.0400062986796817,0.0415772054894062,0.0816745706421297,0.0163079523145872,0.0416780300423191,0.0176776521054215,0.0447254210410587,0.0640847751785482,0.00998195786111533,0.0194856540198112,0.018583388372677,0.036631798896687,0.0165882037617441,0.0100991501805857,0.0318192376705966,0.0182400332563338,0.0700362659323493,0.0399421907788956,0.0121287626691916,0.0265498178160913,0.0150531919269729,0.0301115549170137,0.0172131317062013,0.015481567162841,0.0562293157981203,0.0537628580698234,0.0306222750947452,0.0202577686406763,0.0151100931424631,0.0320352582528428,0.0374772145604795,0.0226408980646658,0.0699706847191246,0.0518578003582762,0.0390098975192412,0.0448223805542455,0.0190276921667496,0.0162526902701969,0.0155388879991889,0.0262140942629085,0.0338084393530797,0.0312915677438608,0.0314100722515059,0.0166342241451269,0.0545103854267029,0.0203789837594654,0.0811893935108217,0.0257184315832988,0.0539262487966462,0.0184401797015683,0.0190560104681197
"SPEECH_208",NA,NA,NA,NA,NA,NA,NA,NA,NA,NA,NA,NA,NA,NA,NA,NA,NA,NA,NA,NA,NA,NA,NA,NA,NA,NA,NA,NA,NA,NA,NA,NA,NA,NA,NA,NA,NA,NA,NA,NA,NA,NA,NA,NA,NA,NA,NA,NA,NA,NA,NA,NA,NA,NA,NA,NA,NA,NA,NA,NA,0.0290814960578781,0.0944861147480757,0.0133497616316851,0.0626665398203168,0.0301650985681588,0.0299857068350572,0.0194428395253911,0.0147369365186011,0.0173618587894382,0.00793251266864403,0.0682388930208771,0.06621210224751,0.00799843801044906,0.0412477192190471,0.0236842506000248,0.116514560106947,0.0332026937310708,0.0135211388026965,0.00919726863933509,0.0410949789397893,0.0186785300636208,0.0109969372284308,0.0133761730315518,0.0283527638467806,0.0201499800753089,0.0182761386626979,0.0545334352663317,0.0142746003799199,0.0493247700305708,0.0319157629337939,0.0354132082260005,0.0336045121103765,0.0166388051482968,0.0302443562080423,0.0621632719780408,0.0154445063725343,0.0329546611317831,0.0151163990726032,0.0327777214965714,0.0384899455356416,0.0452444622912692,0.0144569006604744,0.0272428262080628,0.024387708859975,0.0359000795539492,0.0455478237187969,0.0362718413222777,0.0135009326669251,0.0328208545749758,0.0162506527121684,0.0284332664497173,0.0196905899830339,0.028694568235147,0.0350747478649425,0.0485827439499986,0.0662877943116907,0.0316817428271765,0.0287918164805427,0.0524279508049772,0.0558633092440083
"SPEECH_488",NA,NA,NA,NA,NA,NA,NA,NA,NA,NA,NA,NA,NA,NA,NA,NA,NA,NA,NA,NA,NA,NA,NA,NA,NA,NA,NA,NA,NA,NA,NA,NA,NA,NA,NA,NA,NA,NA,NA,NA,NA,NA,NA,NA,NA,NA,NA,NA,NA,NA,NA,NA,NA,NA,NA,NA,NA,NA,NA,NA,0.0205395122870347,0.0216638947982785,0.0185042570583488,0.0329888678688453,0.0610940847759137,0.0487035858156266,0.0497260276093876,0.0290983365392896,0.0246791446200977,0.030709644263736,0.0241118207373919,0.0307879823895194,0.0283948294489212,0.0480804773947614,0.0314131513541044,0.0233778550644019,0.0381317602068596,0.025659139213231,0.0235547621088539,0.038186832920825,0.0317649048992886,0.0254487015027932,0.0451637964916109,0.0278387823600274,0.0329584092862237,0.030909816720006,0.0448811648221179,0.0447011856943018,0.0395124368924143,0.0274148348557879,0.044503309673217,0.0257617094346355,0.00787768975915566,0.101418365075995,0.0331709510282018,0.0490934524533408,0.0375613034082066,0.0172088415284913,0.0374797871041073,0.0109418387162538,0.0247631891182822,0.0238915423952994,0.0388086402701485,0.0297833182964008,0.0347721378169385,0.022933247808907,0.032018625328254,0.0219323510945633,0.013637662235698,0.0138940582491513,0.0307930545975402,0.0113088847945007,0.0165882566963236,0.0328088801336159,0.0673614807977681,0.0649598190855539,0.027515396612981,0.0934066727402202,0.0127966581049341,0.0210088756413143
"SPEECH_851",NA,NA,NA,NA,NA,NA,NA,NA,NA,NA,NA,NA,NA,NA,NA,NA,NA,NA,NA,NA,NA,NA,NA,NA,NA,NA,NA,NA,NA,NA,NA,NA,NA,NA,NA,NA,NA,NA,NA,NA,NA,NA,NA,NA,NA,NA,NA,NA,NA,NA,NA,NA,NA,NA,NA,NA,NA,NA,NA,NA,0.0337866847518204,0.0254702189233297,0.00471475085578012,0.156523060227987,0.0159820828719568,0.0389795923119825,0.0261608394621064,0.00785013182762248,0.024841627273329,0.0128142566399035,0.0575558942939244,0.0155237650223346,0.0126531319998578,0.0239808269784063,0.00757456879151997,0.0223194953067002,0.0146071293230902,0.0200187568982564,0.0121777115348117,0.0326548489788453,0.0442095667346383,0.0615798051743853,0.021523491487967,0.0871381793699377,0.0425489874167921,0.0157776978849631,0.0577725722055943,0.057235566203154,0.0258744613392669,0.0201502979097371,0.0161892743990742,0.0229577281614524,0.00700776539640441,0.0842775380479917,0.0352242947395676,0.0300469509757929,0.0534500336007822,0.00798809325154746,0.12311684317486,0.0207698138291048,0.0356922100940004,0.0062406152759205,0.0119371349526891,0.0144737861717036,0.0262259633345301,0.0747261257674169,0.0444281043379535,0.00992594630724139,0.0185594533556793,0.0123534342648744,0.0228457523161765,0.0126959939385142,0.041767726698064,0.0237753672225133,0.032622647193711,0.0776447625945094,0.0063768984135068,0.0566297465530292,0.0580967657478409,0.0119532298835475
"SPEECH_1226",NA,NA,NA,NA,NA,NA,NA,NA,NA,NA,NA,NA,NA,NA,NA,NA,NA,NA,NA,NA,NA,NA,NA,NA,NA,NA,NA,NA,NA,NA,NA,NA,NA,NA,NA,NA,NA,NA,NA,NA,NA,NA,NA,NA,NA,NA,NA,NA,NA,NA,NA,NA,NA,NA,NA,NA,NA,NA,NA,NA,0.043619820454499,0.032337783355798,0.0231070893103689,0.0520315906739497,0.0313506225071138,0.0371859437818907,0.0415291055756321,0.0318753345655401,0.0292314760459485,0.0143926244430937,0.0234444369919731,0.0396789602000571,0.0141117848744412,0.0463986441670114,0.0393225283183229,0.0598460685108859,0.0525131121238309,0.0174409216195587,0.0160463726472155,0.0212714421424211,0.0153520332194706,0.0180018516605031,0.0131849836285101,0.0168517909947108,0.0350941701547829,0.0448399145633648,0.0570893299938556,0.0674625137770761,0.0310281821395191,0.0343595675586546,0.0358505431508313,0.0246577696091489,0.017950370101441,0.0162717805981599,0.0735371487826424,0.02625451411628,0.0199194127279349,0.0180899842381198,0.0567465868674037,0.0203778449512888,0.0187983966582101,0.0619478743820518,0.0277728115396655,0.0303670641746168,0.0257616199246772,0.0335979262944177,0.031924009540035,0.0260980317825369,0.0111003609472051,0.0297375892603141,0.0373316515002519,0.0199866374055655,0.0250939106134554,0.0250489855360791,0.0209815195439601,0.055059651240238,0.0645107050877352,0.0243648238073968,0.0779898378996321,0.042870637718705
"SPEECH_762",NA,NA,NA,NA,NA,NA,NA,NA,NA,NA,NA,NA,NA,NA,NA,NA,NA,NA,NA,NA,NA,NA,NA,NA,NA,NA,NA,NA,NA,NA,NA,NA,NA,NA,NA,NA,NA,NA,NA,NA,NA,NA,NA,NA,NA,NA,NA,NA,NA,NA,NA,NA,NA,NA,NA,NA,NA,NA,NA,NA,0.0202408245619071,0.0251559029527273,0.0171955149865456,0.0468886405494883,0.0569537097674116,0.0331612987824468,0.0193193923305852,0.0201988612512652,0.03694379440899,0.0453363997603842,0.088167815576963,0.0133653840914492,0.0153117350610507,0.01745750394595,0.0195204673109941,0.0499395109934264,0.0735689052749946,0.0205670780317698,0.0490655747192181,0.0343175049353782,0.012524974880971,0.019272034128534,0.0467168349771588,0.018772955259638,0.0286347090364505,0.0488025277894625,0.060201034730692,0.0242123535246195,0.0183167575210835,0.019869998858445,0.0750714153276415,0.0257916614598039,0.0129476972819283,0.0202875347028447,0.0699371083345075,0.0344554360523055,0.0275450865627202,0.0263416965125686,0.0888318270493527,0.0420290882470354,0.0369476171770207,0.026182460835192,0.0139839231515368,0.0256783539144454,0.025258083684991,0.0189422785571065,0.0247976140518426,0.0138583205822028,0.0395243807070332,0.0253393166331347,0.0200215698222238,0.0366819159583047,0.0488730733171845,0.0356477400374341,0.0237404740055643,0.0428751075110592,0.0269842364922335,0.0381361547704295,0.018631980180643,0.0346568470797094
"SPEECH_1216",NA,NA,NA,NA,NA,NA,NA,NA,NA,NA,NA,NA,NA,NA,NA,NA,NA,NA,NA,NA,NA,NA,NA,NA,NA,NA,NA,NA,NA,NA,NA,NA,NA,NA,NA,NA,NA,NA,NA,NA,NA,NA,NA,NA,NA,NA,NA,NA,NA,NA,NA,NA,NA,NA,NA,NA,NA,NA,NA,NA,0.0275369158831632,0.0293676409805793,0.0157099425031822,0.0386058520644787,0.0542399136223299,0.0265116515763995,0.0266031650719834,0.0192837759608007,0.0506754880224725,0.0261137319538196,0.029805840226724,0.0100097924801828,0.0125186917941461,0.058305295846465,0.0672998207051668,0.042201080201992,0.0565026621720302,0.0188909732348611,0.0183754916516757,0.0144551048956077,0.0305573761074975,0.0178828816543043,0.030095543568852,0.0253814554385656,0.0237614823570762,0.0550780310950921,0.0785016907774778,0.0333483194401499,0.0428391484370512,0.0195412402758729,0.0181083696582072,0.0252793431629516,0.0083661116632902,0.0232122227524143,0.101496375678196,0.0333326916041616,0.0180812370339398,0.0120580388846292,0.0344395374407638,0.0126226935661844,0.0192218746326846,0.0150467042927782,0.0742462443293445,0.0287027985246267,0.0902202118020658,0.0431117267729563,0.0195118218438916,0.0126226935661844,0.0339514567234826,0.0289906385226187,0.0141057290753626,0.0114926129203536,0.0118391392282563,0.0225857415384443,0.0495851715088966,0.129878803704457,0.0251366076338475,0.0422227924177617,0.0297559437604684,0.0107746657567803
"SPEECH_1255",NA,NA,NA,NA,NA,NA,NA,NA,NA,NA,NA,NA,NA,NA,NA,NA,NA,NA,NA,NA,NA,NA,NA,NA,NA,NA,NA,NA,NA,NA,NA,NA,NA,NA,NA,NA,NA,NA,NA,NA,NA,NA,NA,NA,NA,NA,NA,NA,NA,NA,NA,NA,NA,NA,NA,NA,NA,NA,NA,NA,0.0275369158831632,0.0293676409805793,0.0157099425031822,0.0386058520644787,0.0542399136223299,0.0265116515763995,0.0266031650719834,0.0192837759608007,0.0506754880224725,0.0261137319538196,0.029805840226724,0.0100097924801828,0.0125186917941461,0.058305295846465,0.0672998207051668,0.042201080201992,0.0565026621720302,0.0188909732348611,0.0183754916516757,0.0144551048956077,0.0305573761074975,0.0178828816543043,0.030095543568852,0.0253814554385656,0.0237614823570762,0.0550780310950921,0.0785016907774778,0.0333483194401499,0.0428391484370512,0.0195412402758729,0.0181083696582072,0.0252793431629516,0.0083661116632902,0.0232122227524143,0.101496375678196,0.0333326916041616,0.0180812370339398,0.0120580388846292,0.0344395374407638,0.0126226935661844,0.0192218746326846,0.0150467042927782,0.0742462443293445,0.0287027985246267,0.0902202118020658,0.0431117267729563,0.0195118218438916,0.0126226935661844,0.0339514567234826,0.0289906385226187,0.0141057290753626,0.0114926129203536,0.0118391392282563,0.0225857415384443,0.0495851715088966,0.129878803704457,0.0251366076338475,0.0422227924177617,0.0297559437604684,0.0107746657567803
"SPEECH_75",NA,NA,NA,NA,NA,NA,NA,NA,NA,NA,NA,NA,NA,NA,NA,NA,NA,NA,NA,NA,NA,NA,NA,NA,NA,NA,NA,NA,NA,NA,NA,NA,NA,NA,NA,NA,NA,NA,NA,NA,NA,NA,NA,NA,NA,NA,NA,NA,NA,NA,NA,NA,NA,NA,NA,NA,NA,NA,NA,NA,0.0531947877190092,0.0120048264403801,0.00896128549458999,0.0527634975558851,0.0214247267534465,0.0850175756577141,0.0713573762838469,0.0118628137529522,0.0220351032569891,0.0140359477124183,0.0603600950183995,0.0064461470862855,0.023396839127808,0.0399878137529522,0.0264476918218268,0.00800890454220904,0.0149136664469709,0.00942233756247597,0.0120711470862855,0.0118555020047235,0.0190354328005712,0.013775917229637,0.00855193057615203,0.0517364543856758,0.0466998956445323,0.166895459164058,0.0105757400999616,0.0243784670731038,0.0261276226176745,0.0666549953314659,0.0281745004167003,0.0374194111474966,0.0211887852983823,0.0510127268745,0.0452547989093586,0.028308565908126,0.0398210630546096,0.0163215316089493,0.0304640612653183,0.0268454546799419,0.0183940846387475,0.0147641434811358,0.018545254291501,0.0374569305479685,0.0495436214494194,0.0670256618946755,0.0238606332075472,0.0154850700641458,0.0634846252656895,0.0335132915256855,0.0227915208793895,0.0176968334026806,0.0325785540431756,0.0260112725606146,0.0331976472549887,0.0719669945264544,0.0450203940989293,0.0341666933141773,0.0281985909814224,0.021487283408269
"SPEECH_50",NA,NA,NA,NA,NA,NA,NA,NA,NA,NA,NA,NA,NA,NA,NA,NA,NA,NA,NA,NA,NA,NA,NA,NA,NA,NA,NA,NA,NA,NA,NA,NA,NA,NA,NA,NA,NA,NA,NA,NA,NA,NA,NA,NA,NA,NA,NA,NA,NA,NA,NA,NA,NA,NA,NA,NA,NA,NA,NA,NA,0.0138632679090023,0.0226551478750247,0.0208001012310599,0.0149284491852654,0.108635836296346,0.0421963757275982,0.0208433248890593,0.0136743993164398,0.0175173583704806,0.0509963366383771,0.0120610292993758,0.105242403285499,0.0866272892877994,0.0807554493130571,0.0340879933448095,0.0244573864846512,0.0155294459604046,0.0175237479547066,0.0267053925585148,0.020555229812046,0.0212674805242967,0.0193195969801071,0.00770991037042049,0.0203911678405962,0.0172388476698063,0.0824498167066329,0.0326634919203081,0.018251220911731,0.0225095029404616,0.00854299939612165,0.0400535283078327,0.0272417875609875,0.0224504420706873,0.0256338171700244,0.0448509115362608,0.0387921042993022,0.0287838293370186,0.0163391355392493,0.0280846954825934,0.0449563119430566,0.0779822895534537,0.0141780710771462,0.0172764885783854,0.0387120847522053,0.0185394540135496,0.0457882876849018,0.0377888277451088,0.050896209850976,0.0218174380800735,0.0165600271610263,0.0150666088581251,0.0381048880221301,0.0272707168754022,0.0294654493418238,0.019094015781269,0.0710610333115977,0.0515835860139909,0.0274360214146774,0.0292095336923237,0.0349824049448206
"SPEECH_885",NA,NA,NA,NA,NA,NA,NA,NA,NA,NA,NA,NA,NA,NA,NA,NA,NA,NA,NA,NA,NA,NA,NA,NA,NA,NA,NA,NA,NA,NA,NA,NA,NA,NA,NA,NA,NA,NA,NA,NA,NA,NA,NA,NA,NA,NA,NA,NA,NA,NA,NA,NA,NA,NA,NA,NA,NA,NA,NA,NA,0.0400535283078327,0.0272417875609875,0.0224504420706873,0.0256338171700244,0.0448509115362608,0.0387921042993022,0.0287838293370186,0.0163391355392493,0.0280846954825934,0.0449563119430566,0.0779822895534537,0.0141780710771462,0.0172764885783854,0.0387120847522053,0.0185394540135496,0.0457882876849018,0.0377888277451088,0.050896209850976,0.0218174380800735,0.0165600271610263,0.0150666088581251,0.0381048880221301,0.0272707168754022,0.0294654493418238,0.019094015781269,0.0710610333115977,0.0515835860139909,0.0274360214146774,0.0292095336923237,0.0349824049448206,0.0133923045483739,0.0105021311379693,0.0135438196998891,0.0135324341682723,0.0447471828107666,0.0293355520523151,0.0195387400011677,0.0117256378817072,0.0207421031120453,0.0136953348514042,0.136010976820225,0.0138783791673965,0.0198216266713377,0.0925375138669936,0.0158822327319437,0.0471372686401588,0.0658594616687102,0.0153077012903602,0.0198960705319087,0.016737023413324,0.0102534010626496,0.0132837040929526,0.0137610206107316,0.036065277047936,0.094332924621942,0.100769253225901,0.0271600397033923,0.0268797804635955,0.0118657675016057,0.0318053366030245
"SPEECH_16",NA,NA,NA,NA,NA,NA,NA,NA,NA,NA,NA,NA,NA,NA,NA,NA,NA,NA,NA,NA,NA,NA,NA,NA,NA,NA,NA,NA,NA,NA,NA,NA,NA,NA,NA,NA,NA,NA,NA,NA,NA,NA,NA,NA,NA,NA,NA,NA,NA,NA,NA,NA,NA,NA,NA,NA,NA,NA,NA,NA,0.0347552502348387,0.0350943358598131,0.0194643897700294,0.0366963905315542,0.0242735520120549,0.0596484850045507,0.0430451142510209,0.0125535491827852,0.0153883046276337,0.0113595655849414,0.0887721391422996,0.0187829378981532,0.0189025203895189,0.0468707300199302,0.0142223499812497,0.0558609283110764,0.0805472235538576,0.029985394344092,0.039336418584024,0.0171489482917243,0.0118449015241012,0.0432790965525429,0.0175744556161525,0.0373440639550565,0.0291879623594712,0.0275628518900441,0.0358069901120431,0.0364390948594749,0.0427053043027368,0.0155467512532289,0.0388823356182302,0.0339435846248813,0.0197313785142549,0.0443512663818579,0.0379295138775074,0.0356971931740829,0.0252072953157753,0.0227670068795359,0.0347427134219049,0.0240322573523626,0.025619039671638,0.0206809642449519,0.016875281005517,0.0428363923302343,0.0275988239310982,0.0235066331211176,0.0850980409672712,0.0264170298438023,0.020591002482707,0.0229958384482026,0.0408835406204399,0.0436847507432992,0.0404091235958795,0.0367083484132683,0.0200499094653299,0.0560175274189454,0.0437341777699508,0.036181485974157,0.040341173966257,0.0124863708255396
"SPEECH_811",NA,NA,NA,NA,NA,NA,NA,NA,NA,NA,NA,NA,NA,NA,NA,NA,NA,NA,NA,NA,NA,NA,NA,NA,NA,NA,NA,NA,NA,NA,NA,NA,NA,NA,NA,NA,NA,NA,NA,NA,NA,NA,NA,NA,NA,NA,NA,NA,NA,NA,NA,NA,NA,NA,NA,NA,NA,NA,NA,NA,0.0591885224054745,0.0205739698464402,0.01113215914764,0.0169649375154809,0.0528557945999871,0.0445196050238836,0.0500830161892192,0.0133250612006538,0.0397941926777542,0.0414476351906755,0.0119981410906738,0.0231800664479328,0.0215746820243394,0.0257187287914253,0.0282396607853413,0.0490971201747918,0.0996725191496529,0.015999442074134,0.0413085596751491,0.0108590648757569,0.0139173951114381,0.0433219047191545,0.0375195912610124,0.0203143228819293,0.0145336115810088,0.0556841508569694,0.0180557820956977,0.0549051374268413,0.0435999277760418,0.0206152974035004,0.00943813845779802,0.020052947694175,0.0149158649942007,0.0178745170104743,0.0741584525055451,0.0781819619364718,0.0387151898388673,0.0155311471115222,0.0297065513246382,0.0150649627672595,0.0292034728909129,0.0139723510196748,0.01785979729214,0.0303567875616503,0.0539768069882669,0.0428223811385403,0.0750295590673079,0.0206776590119078,0.0409334508421597,0.0103791972622189,0.00867572460522229,0.0220060063352549,0.0403363900360691,0.0118776542660765,0.0445276314005689,0.101205467793494,0.0357596886445717,0.0497281466541574,0.0165734406853162,0.0204586528635374
"SPEECH_866",NA,NA,NA,NA,NA,NA,NA,NA,NA,NA,NA,NA,NA,NA,NA,NA,NA,NA,NA,NA,NA,NA,NA,NA,NA,NA,NA,NA,NA,NA,NA,NA,NA,NA,NA,NA,NA,NA,NA,NA,NA,NA,NA,NA,NA,NA,NA,NA,NA,NA,NA,NA,NA,NA,NA,NA,NA,NA,NA,NA,0.0671264228087404,0.0457520868597946,0.0122470595658117,0.0279729088886476,0.0546577720404847,0.0378488801416938,0.0449921517043478,0.0150676755550428,0.031332130785931,0.0161179957839442,0.0197212425586398,0.0271097704063717,0.0182278277153835,0.028506638356265,0.0221796629973187,0.0616355876115187,0.058983739826353,0.0263171007562281,0.0535594791719239,0.0293167685492463,0.00781615900573852,0.0314265478457264,0.0232687738037685,0.0117602005509433,0.0566245397822868,0.0544844728675534,0.0145804485568135,0.0345527181265023,0.0208933676594693,0.0459198697175106,0.0320196696648732,0.0206565143962976,0.015757594474582,0.0463902188614889,0.0492596608383988,0.0486929382543882,0.0229393864344382,0.0172014441177293,0.0317470878188784,0.0463678226144346,0.02363898286246,0.0174150454021556,0.0376126973436647,0.056441227873767,0.0221913658126763,0.0421751035870474,0.0157456691047387,0.015021631438684,0.0119326387935556,0.0311551859332677,0.0282272980587498,0.0292756826347522,0.0274848335182464,0.0322148291898195,0.0350173058439553,0.0738725505406326,0.0806376670809621,0.0503913943544991,0.0184013369590178,0.0201152161918389
"SPEECH_898",NA,NA,NA,NA,NA,NA,NA,NA,NA,NA,NA,NA,NA,NA,NA,NA,NA,NA,NA,NA,NA,NA,NA,NA,NA,NA,NA,NA,NA,NA,NA,NA,NA,NA,NA,NA,NA,NA,NA,NA,NA,NA,NA,NA,NA,NA,NA,NA,NA,NA,NA,NA,NA,NA,NA,NA,NA,NA,NA,NA,0.0152209947617349,0.0428107468658486,0.0105463589561296,0.050532440827885,0.0405488786206835,0.0427567792576276,0.0158034144108516,0.0109365663090773,0.0611457059927048,0.0153918143124315,0.0523629126735567,0.0270411429474094,0.0211357942679687,0.0609128069344248,0.0294128922586866,0.0151691327739702,0.040325439348306,0.0168715365612179,0.0343105749736168,0.0372798626610351,0.033829825596464,0.0212535298313352,0.0208888296374735,0.0421566978727092,0.0921197386285134,0.0127373555911882,0.00873734084679114,0.0336096260759189,0.0493248789821941,0.0448263812222458,0.0638702577423948,0.0239008186121572,0.0223441155617288,0.0471306890296991,0.0212645734195068,0.0385344052502132,0.0420103232625895,0.0153831745664855,0.0230464714115076,0.021626477318164,0.0671017437012049,0.0707573394565003,0.0180866614527184,0.0674963332592184,0.0248634757894427,0.0476341080476074,0.0157748458859327,0.0236268886746949,0.0138099061756067,0.0133101365540486,0.0156777662999707,0.0153925232322701,0.0139778777280169,0.0291639040714368,0.09209284188109,0.0654205752709598,0.0159054976061558,0.0326548561690463,0.0190867028747117,0.0190547096949206
"SPEECH_14",NA,NA,NA,NA,NA,NA,NA,NA,NA,NA,NA,NA,NA,NA,NA,NA,NA,NA,NA,NA,NA,NA,NA,NA,NA,NA,NA,NA,NA,NA,NA,NA,NA,NA,NA,NA,NA,NA,NA,NA,NA,NA,NA,NA,NA,NA,NA,NA,NA,NA,NA,NA,NA,NA,NA,NA,NA,NA,NA,NA,0.0638702577423948,0.0239008186121572,0.0223441155617288,0.0471306890296991,0.0212645734195068,0.0385344052502132,0.0420103232625895,0.0153831745664855,0.0230464714115076,0.021626477318164,0.0671017437012049,0.0707573394565003,0.0180866614527184,0.0674963332592184,0.0248634757894427,0.0476341080476074,0.0157748458859327,0.0236268886746949,0.0138099061756067,0.0133101365540486,0.0156777662999707,0.0153925232322701,0.0139778777280169,0.0291639040714368,0.09209284188109,0.0654205752709598,0.0159054976061558,0.0326548561690463,0.0190867028747117,0.0190547096949206,0.0225956375991767,0.0426872142262263,0.0141625173541448,0.0665019272434657,0.0521669100479728,0.0406322454615737,0.0296905120939004,0.0121923099679865,0.0275953780033219,0.0283737226186018,0.0264148988170539,0.0304707434859024,0.0248654605917694,0.0245129076595763,0.0217016329840285,0.0229776916205719,0.0260663893730475,0.0240189976876864,0.025435008419143,0.0408805177444676,0.035222970980655,0.0253380034106868,0.0203432235831704,0.0365934665678689,0.0334387231135542,0.0756767406588182,0.0452389955502623,0.03849585058901,0.0423040710904577,0.0434053314558993
"SPEECH_112",NA,NA,NA,NA,NA,NA,NA,NA,NA,NA,NA,NA,NA,NA,NA,NA,NA,NA,NA,NA,NA,NA,NA,NA,NA,NA,NA,NA,NA,NA,NA,NA,NA,NA,NA,NA,NA,NA,NA,NA,NA,NA,NA,NA,NA,NA,NA,NA,NA,NA,NA,NA,NA,NA,NA,NA,NA,NA,NA,NA,0.0638702577423948,0.0239008186121572,0.0223441155617288,0.0471306890296991,0.0212645734195068,0.0385344052502132,0.0420103232625895,0.0153831745664855,0.0230464714115076,0.021626477318164,0.0671017437012049,0.0707573394565003,0.0180866614527184,0.0674963332592184,0.0248634757894427,0.0476341080476074,0.0157748458859327,0.0236268886746949,0.0138099061756067,0.0133101365540486,0.0156777662999707,0.0153925232322701,0.0139778777280169,0.0291639040714368,0.09209284188109,0.0654205752709598,0.0159054976061558,0.0326548561690463,0.0190867028747117,0.0190547096949206,0.0225956375991767,0.0426872142262263,0.0141625173541448,0.0665019272434657,0.0521669100479728,0.0406322454615737,0.0296905120939004,0.0121923099679865,0.0275953780033219,0.0283737226186018,0.0264148988170539,0.0304707434859024,0.0248654605917694,0.0245129076595763,0.0217016329840285,0.0229776916205719,0.0260663893730475,0.0240189976876864,0.025435008419143,0.0408805177444676,0.035222970980655,0.0253380034106868,0.0203432235831704,0.0365934665678689,0.0334387231135542,0.0756767406588182,0.0452389955502623,0.03849585058901,0.0423040710904577,0.0434053314558993
"SPEECH_37",NA,NA,NA,NA,NA,NA,NA,NA,NA,NA,NA,NA,NA,NA,NA,NA,NA,NA,NA,NA,NA,NA,NA,NA,NA,NA,NA,NA,NA,NA,NA,NA,NA,NA,NA,NA,NA,NA,NA,NA,NA,NA,NA,NA,NA,NA,NA,NA,NA,NA,NA,NA,NA,NA,NA,NA,NA,NA,NA,NA,0.0681521086282299,0.0320833270681622,0.0113102956421961,0.0221654126231021,0.0410181400917136,0.0228056331105171,0.0380440338130625,0.0185699458142442,0.0424789597585734,0.0129140541804877,0.0934356001522221,0.0220406363826694,0.0201696001471889,0.0157194616525208,0.0137945569006451,0.0778815802484946,0.0435330308691788,0.0195514401358302,0.0228089055210133,0.025377806577903,0.022447447011949,0.0273729683872993,0.00752945875363886,0.0288506915129052,0.0136428795698473,0.0765697728348388,0.0257155545637945,0.0272780595021567,0.033495755071907,0.0732428834737084,0.0336188075530234,0.0286555309484551,0.022775836996394,0.0121468251486546,0.0734772461066944,0.0275477312737532,0.0393205066374038,0.0139139648577902,0.030527268036647,0.0129444623461387,0.0334712926245261,0.045666610585311,0.0352058105677924,0.0409025576544274,0.0263873662504395,0.0731041508839176,0.0323539362049747,0.00974986595126097,0.0782783937055909,0.0195870838429171,0.0382815776093948,0.0848991960985527,0.00761785786210818,0.0142673216528247,0.0257881177556862,0.0400478585235811,0.00953329826742818,0.0368749196959327,0.0169497372078029,0.0361048671505765
"SPEECH_95",NA,NA,NA,NA,NA,NA,NA,NA,NA,NA,NA,NA,NA,NA,NA,NA,NA,NA,NA,NA,NA,NA,NA,NA,NA,NA,NA,NA,NA,NA,NA,NA,NA,NA,NA,NA,NA,NA,NA,NA,NA,NA,NA,NA,NA,NA,NA,NA,NA,NA,NA,NA,NA,NA,NA,NA,NA,NA,NA,NA,0.0336188075530234,0.0286555309484551,0.022775836996394,0.0121468251486546,0.0734772461066944,0.0275477312737532,0.0393205066374038,0.0139139648577902,0.030527268036647,0.0129444623461387,0.0334712926245261,0.045666610585311,0.0352058105677924,0.0409025576544274,0.0263873662504395,0.0731041508839176,0.0323539362049747,0.00974986595126097,0.0782783937055909,0.0195870838429171,0.0382815776093948,0.0848991960985527,0.00761785786210818,0.0142673216528247,0.0257881177556862,0.0400478585235811,0.00953329826742818,0.0368749196959327,0.0169497372078029,0.0361048671505765,0.0432004349361188,0.0397293912777009,0.0140665682925203,0.0177561187487384,0.072247909904419,0.0335969363815027,0.0737552006348213,0.0172068604080934,0.0220996610089473,0.0082719675646185,0.0659578983124582,0.0889978963253731,0.0222632062127255,0.0179135846244878,0.0181878436846599,0.0579118911659849,0.0663610506500937,0.0130396133183643,0.0176051357854097,0.0235812467001386,0.0156900247174702,0.00848558218653512,0.0183633220836438,0.0141129914528111,0.0410300014908097,0.0410249495176878,0.022120531759044,0.0264145070528627,0.0431465143571992,0.0358611594447602
"SPEECH_1238",NA,NA,NA,NA,NA,NA,NA,NA,NA,NA,NA,NA,NA,NA,NA,NA,NA,NA,NA,NA,NA,NA,NA,NA,NA,NA,NA,NA,NA,NA,NA,NA,NA,NA,NA,NA,NA,NA,NA,NA,NA,NA,NA,NA,NA,NA,NA,NA,NA,NA,NA,NA,NA,NA,NA,NA,NA,NA,NA,NA,0.0298568931190007,0.0519834872107589,0.0107975362119149,0.0449577956284267,0.0418182105221879,0.0506590797560781,0.0263628432524484,0.0133666599942118,0.0193394579615986,0.0193331218295761,0.0648464635167507,0.0186768820682315,0.0157824063765423,0.0236894697957891,0.0181051607105993,0.0403559115966568,0.0869991299400263,0.0127217865144909,0.0328411581210781,0.0125914352924584,0.0169594978396653,0.0167202251461834,0.0091321980184985,0.017309608492436,0.0315614802902692,0.0727890416085459,0.0709160732002087,0.0540180886812113,0.0389024178569845,0.0366064794471716,0.0215819386595046,0.0332503121735412,0.0187202992914234,0.041134919997015,0.0641367992384068,0.03465497801666,0.0241899868690441,0.0169412311622006,0.0240823534449748,0.0132933555074671,0.0331523876404257,0.0436472899734125,0.0212587940233055,0.0559694098201596,0.0432814280510909,0.0423170278339381,0.0162305278963276,0.0183704397487441,0.0159138617987099,0.018871398785084,0.0336539976274381,0.0548976573362502,0.0167939476409959,0.0179929861909921,0.0587990449611049,0.0774731800959426,0.0406322172407793,0.0282317361012955,0.0306029312612805,0.0399235616124853
"SPEECH_3",NA,NA,NA,NA,NA,NA,NA,NA,NA,NA,NA,NA,NA,NA,NA,NA,NA,NA,NA,NA,NA,NA,NA,NA,NA,NA,NA,NA,NA,NA,NA,NA,NA,NA,NA,NA,NA,NA,NA,NA,NA,NA,NA,NA,NA,NA,NA,NA,NA,NA,NA,NA,NA,NA,NA,NA,NA,NA,NA,NA,0.0576736984718457,0.0325545949356879,0.0138853424887102,0.0145622183946014,0.0322709576923234,0.0193920151289125,0.039474365564076,0.0116279069309389,0.031558200637955,0.0350304163958292,0.0529221061877699,0.0254708230650891,0.0152702160149162,0.0211255384527818,0.01575896519896,0.0679298631832157,0.0529471787704131,0.0165311420693901,0.0621407345219482,0.0144601484230296,0.0136657829186256,0.0896049734623851,0.0214759529206404,0.0176667424866408,0.0190409739426686,0.0620493785812698,0.0198805565457278,0.0575702883690397,0.0206652502465313,0.0457936679980769,0.0631874695435868,0.0521596224549069,0.0137055196878768,0.0285613257471689,0.0207947669809053,0.0543877882533962,0.0187775638601862,0.0154740775662057,0.0267299705602054,0.0431045560473164,0.0566312942207308,0.0262625460366843,0.00975694188152877,0.0606901624602849,0.0223024185318773,0.0510702713016038,0.0354736781739061,0.00998310567968671,0.0271767211177539,0.0164221538706651,0.0498963342013743,0.0251935149857641,0.0172597579093975,0.026225053890437,0.0549385288212424,0.0458183524382336,0.0309791212505799,0.0390952805336502,0.022211239820705,0.0357308621721396
"SPEECH_83",NA,NA,NA,NA,NA,NA,NA,NA,NA,NA,NA,NA,NA,NA,NA,NA,NA,NA,NA,NA,NA,NA,NA,NA,NA,NA,NA,NA,NA,NA,NA,NA,NA,NA,NA,NA,NA,NA,NA,NA,NA,NA,NA,NA,NA,NA,NA,NA,NA,NA,NA,NA,NA,NA,NA,NA,NA,NA,NA,NA,0.0576736984718457,0.0325545949356879,0.0138853424887102,0.0145622183946014,0.0322709576923234,0.0193920151289125,0.039474365564076,0.0116279069309389,0.031558200637955,0.0350304163958292,0.0529221061877699,0.0254708230650891,0.0152702160149162,0.0211255384527818,0.01575896519896,0.0679298631832157,0.0529471787704131,0.0165311420693901,0.0621407345219482,0.0144601484230296,0.0136657829186256,0.0896049734623851,0.0214759529206404,0.0176667424866408,0.0190409739426686,0.0620493785812698,0.0198805565457278,0.0575702883690397,0.0206652502465313,0.0457936679980769,0.0631874695435868,0.0521596224549069,0.0137055196878768,0.0285613257471689,0.0207947669809053,0.0543877882533962,0.0187775638601862,0.0154740775662057,0.0267299705602054,0.0431045560473164,0.0566312942207308,0.0262625460366843,0.00975694188152877,0.0606901624602849,0.0223024185318773,0.0510702713016038,0.0354736781739061,0.00998310567968671,0.0271767211177539,0.0164221538706651,0.0498963342013743,0.0251935149857641,0.0172597579093975,0.026225053890437,0.0549385288212424,0.0458183524382336,0.0309791212505799,0.0390952805336502,0.022211239820705,0.0357308621721396
"SPEECH_70",NA,NA,NA,NA,NA,NA,NA,NA,NA,NA,NA,NA,NA,NA,NA,NA,NA,NA,NA,NA,NA,NA,NA,NA,NA,NA,NA,NA,NA,NA,NA,NA,NA,NA,NA,NA,NA,NA,NA,NA,NA,NA,NA,NA,NA,NA,NA,NA,NA,NA,NA,NA,NA,NA,NA,NA,NA,NA,NA,NA,0.0328913829453803,0.0213654258008043,0.0136212968494964,0.0475998713829527,0.0280221098802427,0.0637721075863111,0.051077648473628,0.0131651706283763,0.0240036384375803,0.0207561872109817,0.0410846186332611,0.0144184337191547,0.0149231977250718,0.091783491550355,0.0305271361213125,0.0646417379716817,0.0227624550775318,0.022135136268081,0.0179950362102309,0.0129183524730514,0.0222961158259842,0.014895793535056,0.0280845452328346,0.0218501238015859,0.0323988052626252,0.085753804026056,0.0163194706505488,0.055920985976532,0.0507816266970445,0.0222342940462474,0.0230473653471532,0.0332204923476273,0.0147271698173934,0.0194094747197008,0.06617173122744,0.0255504607209436,0.0203989918849353,0.0125175012817114,0.0422438987515435,0.0237852568824186,0.0236374239219544,0.0185874364244278,0.0232199002906502,0.0235775236683027,0.0538581290631169,0.0136131757863606,0.0175600639367877,0.0154449788084346,0.0334109844571675,0.0206314223975068,0.0540397143662719,0.0368149535965209,0.0353490498899925,0.0136899871979984,0.0387891451053596,0.122000793694931,0.0493160810975665,0.0245476570271726,0.0706839053589614,0.0301553309296488
"SPEECH_1274",NA,NA,NA,NA,NA,NA,NA,NA,NA,NA,NA,NA,NA,NA,NA,NA,NA,NA,NA,NA,NA,NA,NA,NA,NA,NA,NA,NA,NA,NA,NA,NA,NA,NA,NA,NA,NA,NA,NA,NA,NA,NA,NA,NA,NA,NA,NA,NA,NA,NA,NA,NA,NA,NA,NA,NA,NA,NA,NA,NA,0.0328913829453803,0.0213654258008043,0.0136212968494964,0.0475998713829527,0.0280221098802427,0.0637721075863111,0.051077648473628,0.0131651706283763,0.0240036384375803,0.0207561872109817,0.0410846186332611,0.0144184337191547,0.0149231977250718,0.091783491550355,0.0305271361213125,0.0646417379716817,0.0227624550775318,0.022135136268081,0.0179950362102309,0.0129183524730514,0.0222961158259842,0.014895793535056,0.0280845452328346,0.0218501238015859,0.0323988052626252,0.085753804026056,0.0163194706505488,0.055920985976532,0.0507816266970445,0.0222342940462474,0.0230473653471532,0.0332204923476273,0.0147271698173934,0.0194094747197008,0.06617173122744,0.0255504607209436,0.0203989918849353,0.0125175012817114,0.0422438987515435,0.0237852568824186,0.0236374239219544,0.0185874364244278,0.0232199002906502,0.0235775236683027,0.0538581290631169,0.0136131757863606,0.0175600639367877,0.0154449788084346,0.0334109844571675,0.0206314223975068,0.0540397143662719,0.0368149535965209,0.0353490498899925,0.0136899871979984,0.0387891451053596,0.122000793694931,0.0493160810975665,0.0245476570271726,0.0706839053589614,0.0301553309296488
"SPEECH_1271",NA,NA,NA,NA,NA,NA,NA,NA,NA,NA,NA,NA,NA,NA,NA,NA,NA,NA,NA,NA,NA,NA,NA,NA,NA,NA,NA,NA,NA,NA,NA,NA,NA,NA,NA,NA,NA,NA,NA,NA,NA,NA,NA,NA,NA,NA,NA,NA,NA,NA,NA,NA,NA,NA,NA,NA,NA,NA,NA,NA,0.0596781984686644,0.0314950692970789,0.0107126662171461,0.0128723434617785,0.0255403530612662,0.0495780918087647,0.0617904302960504,0.0140804476889526,0.0169111093987713,0.0166558688287385,0.054407669564301,0.0329748823574271,0.0118135942149239,0.0417813069977658,0.0379069789348287,0.160666997974026,0.0886202567072296,0.019591465295425,0.050827388652685,0.0166253935500684,0.010697813295514,0.0182255528359592,0.0133773372640006,0.0118112551889516,0.0304395253456028,0.0127464202667915,0.0139031309062646,0.0274708657371277,0.0347459481959491,0.0120516381879464,0.0302377374339816,0.0269457627036816,0.00896574022061328,0.0417188717094084,0.0546275881588326,0.016827122350343,0.0305450237214741,0.00900296048509165,0.129140030268326,0.0245586820717976,0.0419776767543859,0.00909333563296199,0.0206750860628258,0.0094997024035178,0.040557396359758,0.032707567488003,0.024960476040848,0.0177761740677344,0.0112371614572792,0.034120310863141,0.0134381710307872,0.0494055053952316,0.0490866775976701,0.0298929160823964,0.0254986188993081,0.0674079579185286,0.0255296476059285,0.063686069727792,0.0454331223066186,0.015446907181734
"SPEECH_32",NA,NA,NA,NA,NA,NA,NA,NA,NA,NA,NA,NA,NA,NA,NA,NA,NA,NA,NA,NA,NA,NA,NA,NA,NA,NA,NA,NA,NA,NA,NA,NA,NA,NA,NA,NA,NA,NA,NA,NA,NA,NA,NA,NA,NA,NA,NA,NA,NA,NA,NA,NA,NA,NA,NA,NA,NA,NA,NA,NA,0.0259770383569258,0.0226411286367554,0.0226179705208769,0.0578902970804292,0.0546942218013639,0.0301492501682714,0.0360853800037945,0.0188982391843419,0.0546083544753875,0.0224349706274951,0.0253646859656054,0.0168257029051321,0.0176192578746436,0.0519838912281214,0.0793337851807417,0.0420589102104121,0.0256390586558708,0.0278486586301268,0.0328865499709253,0.0266942528644887,0.0136328074206498,0.0195167620640802,0.0207695127567273,0.0122015781427068,0.0249356283991015,0.0825910906482203,0.074112223328956,0.0201414777102848,0.0202918735829862,0.0195554416045778,0.0174295479743866,0.0498650619322007,0.0192991568223007,0.0291888411237817,0.0692210118314474,0.0109206894514341,0.0254074598203034,0.01405488884459,0.0443721515377383,0.0224654181886637,0.0236320090325938,0.0135188754458576,0.0234917420165458,0.0846976400915607,0.0247952232582695,0.0591406413353438,0.0638932075356013,0.0212922696882654,0.0202475756935341,0.0456047919002653,0.0111634352807858,0.00786444516068631,0.00925281894122327,0.0103685568082816,0.0456141026192623,0.0956188049161423,0.0289463327905729,0.0246535166250444,0.0458710620414355,0.0381087212918817
"SPEECH_31",NA,NA,NA,NA,NA,NA,NA,NA,NA,NA,NA,NA,NA,NA,NA,NA,NA,NA,NA,NA,NA,NA,NA,NA,NA,NA,NA,NA,NA,NA,NA,NA,NA,NA,NA,NA,NA,NA,NA,NA,NA,NA,NA,NA,NA,NA,NA,NA,NA,NA,NA,NA,NA,NA,NA,NA,NA,NA,NA,NA,0.0156142200281967,0.023307664948299,0.0159690351001238,0.0151353482372804,0.0922285643273726,0.0130302407000313,0.0209717990581117,0.00968135206825477,0.0442276130116001,0.0441344097771264,0.0271354253709917,0.0225427556446878,0.0536919193867013,0.0130302407000313,0.0650717129254674,0.0183878197299463,0.0134126953518369,0.022897570716615,0.109707063305351,0.0307979910953416,0.027080146211235,0.0143704389336693,0.0188114123611058,0.0152317653763911,0.0152317653763911,0.140906363959702,0.0219295426399441,0.0163791293318078,0.036992470892737,0.02209152343365,0.034233484547986,0.0361327989408158,0.0154811737084981,0.06652034164143,0.0538702564644842,0.0194053589411696,0.0203179905472356,0.00812437746405842,0.0587827203902194,0.024221334982556,0.00899632458031237,0.0221082215235097,0.0172509389568569,0.0141551156478811,0.044686202369658,0.0210358330280606,0.0172263414449403,0.0168599702260799,0.0304028972695383,0.0388257387850312,0.0198746480059731,0.0149815783049187,0.0374977734272869,0.0176061051951489,0.0186363962137737,0.0919800858189977,0.122206403575363,0.0414896179224278,0.0458495864708874,0.021240383604901
"SPEECH_1",NA,NA,NA,NA,NA,NA,NA,NA,NA,NA,NA,NA,NA,NA,NA,NA,NA,NA,NA,NA,NA,NA,NA,NA,NA,NA,NA,NA,NA,NA,NA,NA,NA,NA,NA,NA,NA,NA,NA,NA,NA,NA,NA,NA,NA,NA,NA,NA,NA,NA,NA,NA,NA,NA,NA,NA,NA,NA,NA,NA,0.0182182198708724,0.0338443945028133,0.0095807961185518,0.0344309569203089,0.0639667833134088,0.0472818973287399,0.0467154546318138,0.0151362858566611,0.074878356452938,0.0316300916947666,0.02601565605598,0.0536480832765676,0.0387260755578002,0.025904996302842,0.0435246297096471,0.025038948129761,0.08152816628927,0.0199735182280174,0.0495626485191164,0.0284231944806605,0.0142851347870483,0.014433276199159,0.0219984574007934,0.0168865416592212,0.0313020429162399,0.0472566963981807,0.0288322024717384,0.0321070654961395,0.0157796313447931,0.00908979808614972,0.0415922176217586,0.0416217380435157,0.0167547806851294,0.0437272319154357,0.0465343266321978,0.0456667898685861,0.0221723599131855,0.0162678694528536,0.0306184328169269,0.0131933320255328,0.0243908062392562,0.0167417027486546,0.0193085630195358,0.0348219452659644,0.0390609894966956,0.0513068959915927,0.0558224196565819,0.01754669995836,0.0470001335168127,0.0447839978433529,0.0266182220237723,0.0274863777005918,0.0157523128870449,0.034130334221228,0.0229223773509228,0.0563073894522071,0.0250564163646368,0.0573231152772477,0.0416171397298776,0.0238530822805425
"SPEECH_55",NA,NA,NA,NA,NA,NA,NA,NA,NA,NA,NA,NA,NA,NA,NA,NA,NA,NA,NA,NA,NA,NA,NA,NA,NA,NA,NA,NA,NA,NA,NA,NA,NA,NA,NA,NA,NA,NA,NA,NA,NA,NA,NA,NA,NA,NA,NA,NA,NA,NA,NA,NA,NA,NA,NA,NA,NA,NA,NA,NA,0.0364202641052611,0.0293889490504072,0.0148703194547582,0.0393848361394833,0.0474703439608779,0.0297721389189344,0.0265950081327223,0.0138687845262501,0.0256247656250532,0.03212293522599,0.0212038114553339,0.0760805161078473,0.0190949226733658,0.044525379815201,0.0465586728890831,0.0335616377651942,0.030637455257709,0.0134734353568079,0.0271522215590312,0.0246807489031004,0.0218927067024281,0.0384477277971095,0.0166752402029566,0.0301404127323407,0.0665179701431865,0.0620548587071809,0.0433493935534238,0.0300531632321852,0.0337083090443315,0.0246730709624458,0.0109387644558351,0.0155408522322409,0.0239752626987828,0.0352859780255784,0.0683520434515079,0.0120803169672506,0.0197574466052802,0.0117665790253715,0.13677636864734,0.0175612810121264,0.0274042083069302,0.0134140119805875,0.0661546561378907,0.0166824047436565,0.0428068428924303,0.0197781403678342,0.0125943935949079,0.0184514331388302,0.0307279641637731,0.0318570190964914,0.0302430603939111,0.0137359461063234,0.0251211032840991,0.0171964813713138,0.021860906704887,0.127472218808256,0.0416941803274256,0.0335196493408369,0.0433652630251332,0.0138852230931681
"SPEECH_1213",NA,NA,NA,NA,NA,NA,NA,NA,NA,NA,NA,NA,NA,NA,NA,NA,NA,NA,NA,NA,NA,NA,NA,NA,NA,NA,NA,NA,NA,NA,NA,NA,NA,NA,NA,NA,NA,NA,NA,NA,NA,NA,NA,NA,NA,NA,NA,NA,NA,NA,NA,NA,NA,NA,NA,NA,NA,NA,NA,NA,0.0133433020700856,0.0433138074290126,0.0122449645593682,0.00705664749854855,0.0356677378298738,0.0293535015079989,0.0627675840824674,0.0143185283375066,0.018204578376899,0.0163112738482316,0.0591623703320991,0.0880588555629059,0.0134329355684464,0.0817774498646083,0.0104649637903004,0.0176982706261712,0.144809629886753,0.0258220739729506,0.0826167806467879,0.0159517476020391,0.00880807426452908,0.0208130239088525,0.00637498424019818,0.0231525689457236,0.0601248698794737,0.0189148156383367,0.0134329355684464,0.0281645382461713,0.0137550725806043,0.0140821133346105,0.0438000154029853,0.0408545968128815,0.0167680754295066,0.0278088382462306,0.0691417012891235,0.0125913682612713,0.0223984732500357,0.0202384475542948,0.0505949725077466,0.0195005197352438,0.0174741450954835,0.0104358358476039,0.025061364303186,0.0151062796826981,0.0382511485191189,0.0389363916811071,0.0302789287547741,0.0197892850539098,0.0634086004990826,0.0325849271477569,0.0330948399418595,0.0217507537375898,0.0347899273321931,0.0506640060171766,0.0209000236415514,0.0479508496911235,0.0464042377436151,0.0233310964763295,0.0621082797807519,0.043982070563769
"SPEECH_789",NA,NA,NA,NA,NA,NA,NA,NA,NA,NA,NA,NA,NA,NA,NA,NA,NA,NA,NA,NA,NA,NA,NA,NA,NA,NA,NA,NA,NA,NA,NA,NA,NA,NA,NA,NA,NA,NA,NA,NA,NA,NA,NA,NA,NA,NA,NA,NA,NA,NA,NA,NA,NA,NA,NA,NA,NA,NA,NA,NA,0.025948992096132,0.0316282200567331,0.00987949909910253,0.0230340627161289,0.0632753264798362,0.0236483255103412,0.018107045263888,0.0124189615994637,0.0204224689159577,0.028174307407377,0.044257214903878,0.0752076933729847,0.0562898198316839,0.0225247341825274,0.0273234624895635,0.0469253542808811,0.0611409370553201,0.018963885624264,0.0209050132342371,0.0150871158870461,0.0332909045677785,0.0324566059945572,0.0111582689985062,0.0330870298208377,0.0313819346674218,0.0536221619018017,0.0206106034245364,0.0606481522383369,0.0458876215791741,0.0326942767997032,0.0232749352236691,0.0268907312020264,0.0143507910615255,0.0359929623566895,0.0487494076431556,0.0334394466786526,0.018405669479714,0.0154769650266529,0.0902093861978071,0.0178644193705249,0.0276247580619592,0.0163229069091702,0.0231556748893703,0.0180652449974695,0.0503466304985646,0.0443180000634732,0.0625752539663959,0.018348318621684,0.0229714087524768,0.0254643520015514,0.0659447534933152,0.0343993495600836,0.0189796235771432,0.023221813396496,0.0272013403057271,0.0649088634423651,0.0422807596934923,0.032886767676029,0.0384912444807721,0.0178382213720439
"SPEECH_56",NA,NA,NA,NA,NA,NA,NA,NA,NA,NA,NA,NA,NA,NA,NA,NA,NA,NA,NA,NA,NA,NA,NA,NA,NA,NA,NA,NA,NA,NA,NA,NA,NA,NA,NA,NA,NA,NA,NA,NA,NA,NA,NA,NA,NA,NA,NA,NA,NA,NA,NA,NA,NA,NA,NA,NA,NA,NA,NA,NA,0.0270329301075269,0.0772345430107527,0.015994623655914,0.0189180107526882,0.0207829301075269,0.0653393817204301,0.0564180107526882,0.00954301075268817,0.0321236559139785,0.0237063172043011,0.0630712365591398,0.0252688172043011,0.0241095430107527,0.0785954301075269,0.0320228494623656,0.0554603494623656,0.0142305107526882,0.0158938172043011,0.0208837365591398,0.0142305107526882,0.0223454301075269,0.0301579301075269,0.014432123655914,0.0190188172043011,0.051932123655914,0.0349462365591398,0.00954301075268817,0.0336861559139785,0.0594926075268817,0.0335853494623656,0.0258116985407773,0.0145731566164572,0.0122413933750352,0.0209776123867384,0.0750655287252534,0.00740650011144208,0.0237920536862978,0.00765164567021772,0.127948026178347,0.0165378292152408,0.0212966333203042,0.0109209789990553,0.0508388032775828,0.0186837972141418,0.0827074639892567,0.0205222362298464,0.0742740122970914,0.0139839901867656,0.0357051434794735,0.0184150797142751,0.00995796841880832,0.0156374569747346,0.00665662079459583,0.012728916788129,0.0126050826289508,0.096917100187518,0.0332583900348495,0.032390524051252,0.0915214738465792,0.00897288306098313
"SPEECH_766",NA,NA,NA,NA,NA,NA,NA,NA,NA,NA,NA,NA,NA,NA,NA,NA,NA,NA,NA,NA,NA,NA,NA,NA,NA,NA,NA,NA,NA,NA,NA,NA,NA,NA,NA,NA,NA,NA,NA,NA,NA,NA,NA,NA,NA,NA,NA,NA,NA,NA,NA,NA,NA,NA,NA,NA,NA,NA,NA,NA,0.0270329301075269,0.0772345430107527,0.015994623655914,0.0189180107526882,0.0207829301075269,0.0653393817204301,0.0564180107526882,0.00954301075268817,0.0321236559139785,0.0237063172043011,0.0630712365591398,0.0252688172043011,0.0241095430107527,0.0785954301075269,0.0320228494623656,0.0554603494623656,0.0142305107526882,0.0158938172043011,0.0208837365591398,0.0142305107526882,0.0223454301075269,0.0301579301075269,0.014432123655914,0.0190188172043011,0.051932123655914,0.0349462365591398,0.00954301075268817,0.0336861559139785,0.0594926075268817,0.0335853494623656,0.0258116985407773,0.0145731566164572,0.0122413933750352,0.0209776123867384,0.0750655287252534,0.00740650011144208,0.0237920536862978,0.00765164567021772,0.127948026178347,0.0165378292152408,0.0212966333203042,0.0109209789990553,0.0508388032775828,0.0186837972141418,0.0827074639892567,0.0205222362298464,0.0742740122970914,0.0139839901867656,0.0357051434794735,0.0184150797142751,0.00995796841880832,0.0156374569747346,0.00665662079459583,0.012728916788129,0.0126050826289508,0.096917100187518,0.0332583900348495,0.032390524051252,0.0915214738465792,0.00897288306098313
"SPEECH_772",NA,NA,NA,NA,NA,NA,NA,NA,NA,NA,NA,NA,NA,NA,NA,NA,NA,NA,NA,NA,NA,NA,NA,NA,NA,NA,NA,NA,NA,NA,NA,NA,NA,NA,NA,NA,NA,NA,NA,NA,NA,NA,NA,NA,NA,NA,NA,NA,NA,NA,NA,NA,NA,NA,NA,NA,NA,NA,NA,NA,0.0270329301075269,0.0772345430107527,0.015994623655914,0.0189180107526882,0.0207829301075269,0.0653393817204301,0.0564180107526882,0.00954301075268817,0.0321236559139785,0.0237063172043011,0.0630712365591398,0.0252688172043011,0.0241095430107527,0.0785954301075269,0.0320228494623656,0.0554603494623656,0.0142305107526882,0.0158938172043011,0.0208837365591398,0.0142305107526882,0.0223454301075269,0.0301579301075269,0.014432123655914,0.0190188172043011,0.051932123655914,0.0349462365591398,0.00954301075268817,0.0336861559139785,0.0594926075268817,0.0335853494623656,0.0258116985407773,0.0145731566164572,0.0122413933750352,0.0209776123867384,0.0750655287252534,0.00740650011144208,0.0237920536862978,0.00765164567021772,0.127948026178347,0.0165378292152408,0.0212966333203042,0.0109209789990553,0.0508388032775828,0.0186837972141418,0.0827074639892567,0.0205222362298464,0.0742740122970914,0.0139839901867656,0.0357051434794735,0.0184150797142751,0.00995796841880832,0.0156374569747346,0.00665662079459583,0.012728916788129,0.0126050826289508,0.096917100187518,0.0332583900348495,0.032390524051252,0.0915214738465792,0.00897288306098313
"SPEECH_23",NA,NA,NA,NA,NA,NA,NA,NA,NA,NA,NA,NA,NA,NA,NA,NA,NA,NA,NA,NA,NA,NA,NA,NA,NA,NA,NA,NA,NA,NA,NA,NA,NA,NA,NA,NA,NA,NA,NA,NA,NA,NA,NA,NA,NA,NA,NA,NA,NA,NA,NA,NA,NA,NA,NA,NA,NA,NA,NA,NA,0.0258116985407773,0.0145731566164572,0.0122413933750352,0.0209776123867384,0.0750655287252534,0.00740650011144208,0.0237920536862978,0.00765164567021772,0.127948026178347,0.0165378292152408,0.0212966333203042,0.0109209789990553,0.0508388032775828,0.0186837972141418,0.0827074639892567,0.0205222362298464,0.0742740122970914,0.0139839901867656,0.0357051434794735,0.0184150797142751,0.00995796841880832,0.0156374569747346,0.00665662079459583,0.012728916788129,0.0126050826289508,0.096917100187518,0.0332583900348495,0.032390524051252,0.0915214738465792,0.00897288306098313,0.0220316111730464,0.0228849767193065,0.0126320684573882,0.0602821839456369,0.0662532778403461,0.0247447464048158,0.0575036804672665,0.0266116249814261,0.0194127048231092,0.0152325194441229,0.0617905674333923,0.033355422604353,0.0163385375432059,0.0605454553699274,0.0203771894041902,0.0772612450652182,0.0418669705599637,0.0177939485281872,0.0220040472135628,0.0278217560427125,0.0171141154735628,0.0232498568580307,0.0129517428148866,0.0109085057570169,0.0222144861796736,0.0545460975960933,0.0416274334737482,0.0420519669415518,0.0418027175583475,0.0267885433259109
"SPEECH_1241",NA,NA,NA,NA,NA,NA,NA,NA,NA,NA,NA,NA,NA,NA,NA,NA,NA,NA,NA,NA,NA,NA,NA,NA,NA,NA,NA,NA,NA,NA,NA,NA,NA,NA,NA,NA,NA,NA,NA,NA,NA,NA,NA,NA,NA,NA,NA,NA,NA,NA,NA,NA,NA,NA,NA,NA,NA,NA,NA,NA,0.0258116985407773,0.0145731566164572,0.0122413933750352,0.0209776123867384,0.0750655287252534,0.00740650011144208,0.0237920536862978,0.00765164567021772,0.127948026178347,0.0165378292152408,0.0212966333203042,0.0109209789990553,0.0508388032775828,0.0186837972141418,0.0827074639892567,0.0205222362298464,0.0742740122970914,0.0139839901867656,0.0357051434794735,0.0184150797142751,0.00995796841880832,0.0156374569747346,0.00665662079459583,0.012728916788129,0.0126050826289508,0.096917100187518,0.0332583900348495,0.032390524051252,0.0915214738465792,0.00897288306098313,0.0220316111730464,0.0228849767193065,0.0126320684573882,0.0602821839456369,0.0662532778403461,0.0247447464048158,0.0575036804672665,0.0266116249814261,0.0194127048231092,0.0152325194441229,0.0617905674333923,0.033355422604353,0.0163385375432059,0.0605454553699274,0.0203771894041902,0.0772612450652182,0.0418669705599637,0.0177939485281872,0.0220040472135628,0.0278217560427125,0.0171141154735628,0.0232498568580307,0.0129517428148866,0.0109085057570169,0.0222144861796736,0.0545460975960933,0.0416274334737482,0.0420519669415518,0.0418027175583475,0.0267885433259109
"SPEECH_783",NA,NA,NA,NA,NA,NA,NA,NA,NA,NA,NA,NA,NA,NA,NA,NA,NA,NA,NA,NA,NA,NA,NA,NA,NA,NA,NA,NA,NA,NA,NA,NA,NA,NA,NA,NA,NA,NA,NA,NA,NA,NA,NA,NA,NA,NA,NA,NA,NA,NA,NA,NA,NA,NA,NA,NA,NA,NA,NA,NA,0.0391000840333991,0.0447538301332273,0.0156940768431384,0.0415134053469328,0.0259717926405357,0.0589779744176091,0.0240298055007986,0.0145134042910796,0.086283209252916,0.0359218758496157,0.0257045939707233,0.0309209149298602,0.0144797695239666,0.0243082561429797,0.0312687824088114,0.0282092679240894,0.0388104202164415,0.0176735043228742,0.0173926425600557,0.0295671544341272,0.0196798363387994,0.0153195504123985,0.014945445652225,0.0233115656646937,0.0334158677182143,0.0928647762193931,0.0242616855008854,0.0655452224797087,0.0371483906226106,0.0284128946478898,0.022233775020473,0.0316133670387393,0.0171494432574439,0.0239071802380657,0.0651775412683842,0.0247769052442429,0.0297013285614227,0.0243573371676384,0.021975561156418,0.0222826132624667,0.102029939762014,0.019131866366436,0.0280873623297095,0.0452949337496897,0.0180712426252377,0.0806849541093317,0.0206818204818511,0.0137200665067644,0.0442200447757356,0.0187143712608551,0.0124190513402109,0.0140506160442867,0.0149768860848911,0.0326743887464055,0.0536597163733522,0.0699641010736814,0.0482894191470844,0.0259894824790616,0.0186860393986716,0.0354786451294356
"SPEECH_52",NA,NA,NA,NA,NA,NA,NA,NA,NA,NA,NA,NA,NA,NA,NA,NA,NA,NA,NA,NA,NA,NA,NA,NA,NA,NA,NA,NA,NA,NA,NA,NA,NA,NA,NA,NA,NA,NA,NA,NA,NA,NA,NA,NA,NA,NA,NA,NA,NA,NA,NA,NA,NA,NA,NA,NA,NA,NA,NA,NA,0.0230163715863911,0.0398701180427801,0.0279829212713489,0.0201343072590003,0.0468546108597123,0.0438322418641079,0.0429031409385828,0.0188683637513169,0.0343562387980312,0.0230690527410354,0.0553080171401228,0.0904065228002032,0.0150254333436292,0.0380698408639182,0.0396112239123098,0.0403504875599264,0.0309518378146951,0.0184906181908494,0.0363731784220652,0.0188619101566669,0.0199550677215222,0.0163644085173502,0.022959166846983,0.022454445771122,0.0244362003284147,0.0688217233249296,0.0378698045026503,0.0461457163065068,0.0157570288836529,0.0209000004801752,0.0206139430321009,0.0340288234423707,0.021217428037098,0.0213836934551548,0.0696680530844032,0.0282953198861212,0.0146955389853686,0.0132547360434105,0.0372239042632085,0.0518504226234444,0.0237779884184791,0.0222515526248863,0.0122102030069469,0.083409149771213,0.0294392759436234,0.0157916200635193,0.0158319395838593,0.0201108910323805,0.0246447836518231,0.0450379904564028,0.0196882406838824,0.0231236265365342,0.0259715598049247,0.00817936238722476,0.0267252303293513,0.103504076722247,0.0621007030192394,0.0800102398877731,0.0274254342736557,0.0185342689493531
"SPEECH_844",NA,NA,NA,NA,NA,NA,NA,NA,NA,NA,NA,NA,NA,NA,NA,NA,NA,NA,NA,NA,NA,NA,NA,NA,NA,NA,NA,NA,NA,NA,NA,NA,NA,NA,NA,NA,NA,NA,NA,NA,NA,NA,NA,NA,NA,NA,NA,NA,NA,NA,NA,NA,NA,NA,NA,NA,NA,NA,NA,NA,0.0424878597673061,0.0368261619519279,0.0188245776884472,0.0272589184786766,0.0380810895051625,0.0337987870438388,0.0279571205790876,0.0130032783862688,0.0226227337514261,0.0388873718617014,0.0585121958007552,0.0261979138787432,0.016966723070745,0.04132676912426,0.0239341222320293,0.0698657653165421,0.098993673057656,0.0266955837581462,0.0455894436542674,0.019247144759336,0.0141285339580325,0.0662358328112069,0.0100768491881245,0.0232394261396832,0.0257779713871869,0.0453541112462296,0.0285959985912713,0.0202876097552488,0.0190742367636766,0.0201521964930159,0.0235221454840408,0.0229189179279551,0.0115367026290197,0.0679293839597647,0.0405833806641739,0.0620732631654824,0.045012642028979,0.0192789953662657,0.0234356027291129,0.0279789472534075,0.0230951010238797,0.0126062445186377,0.0295551788366667,0.0324086032140389,0.0514296235217488,0.0312695203984969,0.0176261826838281,0.0323423750173427,0.024290619363588,0.0276946854394757,0.0142444907176861,0.0226555872902982,0.0169006802870015,0.0248408001841688,0.0849851963458269,0.0505283307762141,0.0595978202896522,0.0332859669487057,0.0382653239660459,0.0281076879684957
"SPEECH_40",NA,NA,NA,NA,NA,NA,NA,NA,NA,NA,NA,NA,NA,NA,NA,NA,NA,NA,NA,NA,NA,NA,NA,NA,NA,NA,NA,NA,NA,NA,NA,NA,NA,NA,NA,NA,NA,NA,NA,NA,NA,NA,NA,NA,NA,NA,NA,NA,NA,NA,NA,NA,NA,NA,NA,NA,NA,NA,NA,NA,0.00599520383693046,0.0311750599520384,0.0167865707434053,0.0203836930455636,0.00959232613908873,0.0347721822541966,0.013189448441247,0.0167865707434053,0.0491606714628297,0.013189448441247,0.0239808153477218,0.00599520383693046,0.00959232613908873,0.23621103117506,0.0275779376498801,0.0419664268585132,0.0167865707434053,0.0311750599520384,0.00599520383693046,0.0203836930455636,0.00959232613908873,0.00959232613908873,0.013189448441247,0.0491606714628297,0.196642685851319,0.013189448441247,0.0203836930455636,0.013189448441247,0.0383693045563549,0.00599520383693046,0.0115718747335818,0.0224219106688951,0.0210977525931623,0.0166439822393176,0.0272935900535738,0.0396004955308057,0.0180071058097847,0.0190597879445405,0.0101309242591338,0.0260667408508291,0.0167790177803837,0.00861247894508223,0.0135951850688213,0.0512822479476171,0.0283848759336558,0.0415829562038944,0.12200209868265,0.0137969561020227,0.0301606259414726,0.011902148990672,0.0637705044850134,0.0192615589777418,0.00942154043375537,0.0252133843576319,0.0229094949224741,0.104360713132367,0.120369694360446,0.0467527305744275,0.022139066864158,0.0158085556120885
"SPEECH_43",NA,NA,NA,NA,NA,NA,NA,NA,NA,NA,NA,NA,NA,NA,NA,NA,NA,NA,NA,NA,NA,NA,NA,NA,NA,NA,NA,NA,NA,NA,NA,NA,NA,NA,NA,NA,NA,NA,NA,NA,NA,NA,NA,NA,NA,NA,NA,NA,NA,NA,NA,NA,NA,NA,NA,NA,NA,NA,NA,NA,0.0258726688505408,0.0360503588779629,0.0137092294790911,0.0177271282001169,0.0323519737249039,0.0207501066680322,0.0515343529109074,0.0141180490530755,0.0236382653780172,0.0166436485808323,0.0454755005893391,0.0188701945507566,0.00972239216235474,0.0642100749726457,0.042785168080497,0.0576198151431451,0.0690050280854901,0.013330090621163,0.0583337258875073,0.0308129008555187,0.0174621144322747,0.0289170070346687,0.0451247835909873,0.0224373644919013,0.0506960087962765,0.0560666740873771,0.0414058104888518,0.0193519011455335,0.0336230397664385,0.0223546234937932,0.0224430579974988,0.0332466838585703,0.0114788056505721,0.0194279690059285,0.067219098826966,0.0173870451938609,0.0129053811771024,0.0161997869223689,0.0228252284868839,0.0125764484561167,0.015229133476431,0.0155388001231102,0.0148685853258341,0.0154178368076538,0.0550318276815375,0.0380291959210724,0.0235490848720902,0.0184319395255368,0.0219859270485833,0.0392539198320954,0.0211001039685251,0.0549753249697414,0.0181808646129789,0.0881761854565552,0.024277426354842,0.1201379932778,0.064668914321655,0.0453598960219513,0.0297584502154135,0.0403190846107241
"SPEECH_5",NA,NA,NA,NA,NA,NA,NA,NA,NA,NA,NA,NA,NA,NA,NA,NA,NA,NA,NA,NA,NA,NA,NA,NA,NA,NA,NA,NA,NA,NA,NA,NA,NA,NA,NA,NA,NA,NA,NA,NA,NA,NA,NA,NA,NA,NA,NA,NA,NA,NA,NA,NA,NA,NA,NA,NA,NA,NA,NA,NA,0.0483313765142178,0.0301915138888414,0.0202895314625816,0.0266639238424746,0.0405929519253544,0.0378422279197204,0.0606679322209536,0.0167076609974613,0.0137127944969791,0.019608239813864,0.06514639287214,0.0158106190454527,0.01339782677589,0.0301468521185049,0.0381290814047016,0.0908188959250706,0.0836064738228198,0.0180512426276046,0.0199026904133268,0.0163334289831053,0.0239209854385856,0.0246594726499705,0.0255582857258082,0.0279779636474763,0.0226088439783122,0.0383448516833064,0.0491880059935524,0.028273416023714,0.034557644815368,0.0189588729728416,0.0103368493589033,0.0236974904083316,0.0247596246221549,0.0881899674599943,0.0743906391018612,0.053687782232002,0.0142615674227829,0.015831172849581,0.0771462454240105,0.0242613801201094,0.0143783883459491,0.0227072953193117,0.0329372838152249,0.0269098554734679,0.0390185418815032,0.0217598121897706,0.0181372302714124,0.0275751430118889,0.0213025149012279,0.0239264379766113,0.0335571760931734,0.0475289468310303,0.0196873788759523,0.0368498813737533,0.0235427481812937,0.0860097363455773,0.0325442910016318,0.0212723940356729,0.0329224629414372,0.0108697621343791
"SPEECH_809",NA,NA,NA,NA,NA,NA,NA,NA,NA,NA,NA,NA,NA,NA,NA,NA,NA,NA,NA,NA,NA,NA,NA,NA,NA,NA,NA,NA,NA,NA,NA,NA,NA,NA,NA,NA,NA,NA,NA,NA,NA,NA,NA,NA,NA,NA,NA,NA,NA,NA,NA,NA,NA,NA,NA,NA,NA,NA,NA,NA,0.0483313765142178,0.0301915138888414,0.0202895314625816,0.0266639238424746,0.0405929519253544,0.0378422279197204,0.0606679322209536,0.0167076609974613,0.0137127944969791,0.019608239813864,0.06514639287214,0.0158106190454527,0.01339782677589,0.0301468521185049,0.0381290814047016,0.0908188959250706,0.0836064738228198,0.0180512426276046,0.0199026904133268,0.0163334289831053,0.0239209854385856,0.0246594726499705,0.0255582857258082,0.0279779636474763,0.0226088439783122,0.0383448516833064,0.0491880059935524,0.028273416023714,0.034557644815368,0.0189588729728416,0.0103368493589033,0.0236974904083316,0.0247596246221549,0.0881899674599943,0.0743906391018612,0.053687782232002,0.0142615674227829,0.015831172849581,0.0771462454240105,0.0242613801201094,0.0143783883459491,0.0227072953193117,0.0329372838152249,0.0269098554734679,0.0390185418815032,0.0217598121897706,0.0181372302714124,0.0275751430118889,0.0213025149012279,0.0239264379766113,0.0335571760931734,0.0475289468310303,0.0196873788759523,0.0368498813737533,0.0235427481812937,0.0860097363455773,0.0325442910016318,0.0212723940356729,0.0329224629414372,0.0108697621343791
"SPEECH_1285",NA,NA,NA,NA,NA,NA,NA,NA,NA,NA,NA,NA,NA,NA,NA,NA,NA,NA,NA,NA,NA,NA,NA,NA,NA,NA,NA,NA,NA,NA,NA,NA,NA,NA,NA,NA,NA,NA,NA,NA,NA,NA,NA,NA,NA,NA,NA,NA,NA,NA,NA,NA,NA,NA,NA,NA,NA,NA,NA,NA,0.0483313765142178,0.0301915138888414,0.0202895314625816,0.0266639238424746,0.0405929519253544,0.0378422279197204,0.0606679322209536,0.0167076609974613,0.0137127944969791,0.019608239813864,0.06514639287214,0.0158106190454527,0.01339782677589,0.0301468521185049,0.0381290814047016,0.0908188959250706,0.0836064738228198,0.0180512426276046,0.0199026904133268,0.0163334289831053,0.0239209854385856,0.0246594726499705,0.0255582857258082,0.0279779636474763,0.0226088439783122,0.0383448516833064,0.0491880059935524,0.028273416023714,0.034557644815368,0.0189588729728416,0.0103368493589033,0.0236974904083316,0.0247596246221549,0.0881899674599943,0.0743906391018612,0.053687782232002,0.0142615674227829,0.015831172849581,0.0771462454240105,0.0242613801201094,0.0143783883459491,0.0227072953193117,0.0329372838152249,0.0269098554734679,0.0390185418815032,0.0217598121897706,0.0181372302714124,0.0275751430118889,0.0213025149012279,0.0239264379766113,0.0335571760931734,0.0475289468310303,0.0196873788759523,0.0368498813737533,0.0235427481812937,0.0860097363455773,0.0325442910016318,0.0212723940356729,0.0329224629414372,0.0108697621343791
"SPEECH_779",NA,NA,NA,NA,NA,NA,NA,NA,NA,NA,NA,NA,NA,NA,NA,NA,NA,NA,NA,NA,NA,NA,NA,NA,NA,NA,NA,NA,NA,NA,NA,NA,NA,NA,NA,NA,NA,NA,NA,NA,NA,NA,NA,NA,NA,NA,NA,NA,NA,NA,NA,NA,NA,NA,NA,NA,NA,NA,NA,NA,0.0121665952375635,0.0620769291680385,0.0180697479527655,0.0546212214055322,0.0265949057859469,0.0266525833270866,0.0200318059352384,0.0213773572294362,0.0417627191577842,0.015442499842663,0.0342651200993572,0.01988583891732,0.0191649678489052,0.0433775653594767,0.022013012249345,0.0802174797374788,0.0260520523340135,0.0273682114033783,0.0170006738896901,0.0233905840614977,0.023645916360632,0.0460089938063781,0.0291178195965177,0.0290138702709208,0.0717508041017004,0.049063297464877,0.0617518541115997,0.0389455770865452,0.0305876304114293,0.00858236584688248,0.0125661114445408,0.0281598416447075,0.014012364178345,0.0263424326916102,0.0482023700091281,0.0510346991333291,0.0214378765446545,0.0158892817519267,0.0551648392210595,0.0273867473654268,0.0166166886091536,0.0180609965456548,0.015203837376661,0.019591737035286,0.0565945828281739,0.0378035055271256,0.0306509375960433,0.0235845580141945,0.0204870704253665,0.0218540683748449,0.0174101862710229,0.0367869482107478,0.0198673990643858,0.0447211051998183,0.0833916966077493,0.0636867639293745,0.0457739947142882,0.0498661137779241,0.0643399566926286,0.0135112892148281
"SPEECH_4",NA,NA,NA,NA,NA,NA,NA,NA,NA,NA,NA,NA,NA,NA,NA,NA,NA,NA,NA,NA,NA,NA,NA,NA,NA,NA,NA,NA,NA,NA,NA,NA,NA,NA,NA,NA,NA,NA,NA,NA,NA,NA,NA,NA,NA,NA,NA,NA,NA,NA,NA,NA,NA,NA,NA,NA,NA,NA,NA,NA,0.0103368493589033,0.0236974904083316,0.0247596246221549,0.0881899674599943,0.0743906391018612,0.053687782232002,0.0142615674227829,0.015831172849581,0.0771462454240105,0.0242613801201094,0.0143783883459491,0.0227072953193117,0.0329372838152249,0.0269098554734679,0.0390185418815032,0.0217598121897706,0.0181372302714124,0.0275751430118889,0.0213025149012279,0.0239264379766113,0.0335571760931734,0.0475289468310303,0.0196873788759523,0.0368498813737533,0.0235427481812937,0.0860097363455773,0.0325442910016318,0.0212723940356729,0.0329224629414372,0.0108697621343791,0.0249503298574486,0.0475792846345258,0.0174585884611531,0.0246351258670688,0.0615070491918344,0.0413218478450255,0.0265075140688643,0.0135593221807609,0.0191993874198136,0.00822208766293801,0.0447856279608273,0.0153607237491694,0.0111867381234437,0.0164531764896649,0.0627966464159283,0.0510643752731605,0.0351307362637156,0.0242759253354353,0.0303339041948736,0.0253242570992454,0.0210655565391458,0.0412229656110405,0.0187260816126,0.0241025435641971,0.0253435997501257,0.0801833922074577,0.0659641592206875,0.0732527920715918,0.0258382266511737,0.0226480346770833
"SPEECH_80",NA,NA,NA,NA,NA,NA,NA,NA,NA,NA,NA,NA,NA,NA,NA,NA,NA,NA,NA,NA,NA,NA,NA,NA,NA,NA,NA,NA,NA,NA,NA,NA,NA,NA,NA,NA,NA,NA,NA,NA,NA,NA,NA,NA,NA,NA,NA,NA,NA,NA,NA,NA,NA,NA,NA,NA,NA,NA,NA,NA,0.0125661114445408,0.0281598416447075,0.014012364178345,0.0263424326916102,0.0482023700091281,0.0510346991333291,0.0214378765446545,0.0158892817519267,0.0551648392210595,0.0273867473654268,0.0166166886091536,0.0180609965456548,0.015203837376661,0.019591737035286,0.0565945828281739,0.0378035055271256,0.0306509375960433,0.0235845580141945,0.0204870704253665,0.0218540683748449,0.0174101862710229,0.0367869482107478,0.0198673990643858,0.0447211051998183,0.0833916966077493,0.0636867639293745,0.0457739947142882,0.0498661137779241,0.0643399566926286,0.0135112892148281,0.0398338320273539,0.0427584892964711,0.0241336188959706,0.0597531906994814,0.044400287595875,0.0396419121423824,0.0293645229936065,0.0196834401518454,0.0266169451609896,0.0225361106445995,0.0373864745657411,0.0199927046245721,0.0200459932342581,0.0347612222418273,0.0429930480547071,0.0416517988877733,0.0426586780486943,0.0181346829754106,0.0570255765974381,0.0267177691322026,0.0185545976909077,0.0248244532413699,0.017569825138365,0.0214014059823494,0.0354599158696329,0.0571484627780319,0.0399965690270435,0.0457613905895407,0.0243819418803577,0.0248111398312012
"SPEECH_1239",NA,NA,NA,NA,NA,NA,NA,NA,NA,NA,NA,NA,NA,NA,NA,NA,NA,NA,NA,NA,NA,NA,NA,NA,NA,NA,NA,NA,NA,NA,NA,NA,NA,NA,NA,NA,NA,NA,NA,NA,NA,NA,NA,NA,NA,NA,NA,NA,NA,NA,NA,NA,NA,NA,NA,NA,NA,NA,NA,NA,0.0249503298574486,0.0475792846345258,0.0174585884611531,0.0246351258670688,0.0615070491918344,0.0413218478450255,0.0265075140688643,0.0135593221807609,0.0191993874198136,0.00822208766293801,0.0447856279608273,0.0153607237491694,0.0111867381234437,0.0164531764896649,0.0627966464159283,0.0510643752731605,0.0351307362637156,0.0242759253354353,0.0303339041948736,0.0253242570992454,0.0210655565391458,0.0412229656110405,0.0187260816126,0.0241025435641971,0.0253435997501257,0.0801833922074577,0.0659641592206875,0.0732527920715918,0.0258382266511737,0.0226480346770833,0.0329008525548369,0.0281339919271959,0.0236936510431464,0.0453650330790171,0.0604555780551242,0.0287213465145229,0.0235094980701816,0.0120192136433914,0.0385152328967466,0.0100838515897125,0.0324599400174725,0.0215220315095542,0.0211992809191851,0.0315166002777375,0.0563516265550195,0.0415144650888534,0.0200605326179684,0.0227509039243075,0.0201190227863633,0.0221208262753497,0.0232569496685466,0.0363059732670555,0.0285965557006628,0.0649808103103747,0.0269675688946894,0.0731597700125246,0.0652852732295637,0.0465714941676094,0.0240377468804532,0.0178243785228337
"SPEECH_1288",NA,NA,NA,NA,NA,NA,NA,NA,NA,NA,NA,NA,NA,NA,NA,NA,NA,NA,NA,NA,NA,NA,NA,NA,NA,NA,NA,NA,NA,NA,NA,NA,NA,NA,NA,NA,NA,NA,NA,NA,NA,NA,NA,NA,NA,NA,NA,NA,NA,NA,NA,NA,NA,NA,NA,NA,NA,NA,NA,NA,0.0249503298574486,0.0475792846345258,0.0174585884611531,0.0246351258670688,0.0615070491918344,0.0413218478450255,0.0265075140688643,0.0135593221807609,0.0191993874198136,0.00822208766293801,0.0447856279608273,0.0153607237491694,0.0111867381234437,0.0164531764896649,0.0627966464159283,0.0510643752731605,0.0351307362637156,0.0242759253354353,0.0303339041948736,0.0253242570992454,0.0210655565391458,0.0412229656110405,0.0187260816126,0.0241025435641971,0.0253435997501257,0.0801833922074577,0.0659641592206875,0.0732527920715918,0.0258382266511737,0.0226480346770833,0.0329008525548369,0.0281339919271959,0.0236936510431464,0.0453650330790171,0.0604555780551242,0.0287213465145229,0.0235094980701816,0.0120192136433914,0.0385152328967466,0.0100838515897125,0.0324599400174725,0.0215220315095542,0.0211992809191851,0.0315166002777375,0.0563516265550195,0.0415144650888534,0.0200605326179684,0.0227509039243075,0.0201190227863633,0.0221208262753497,0.0232569496685466,0.0363059732670555,0.0285965557006628,0.0649808103103747,0.0269675688946894,0.0731597700125246,0.0652852732295637,0.0465714941676094,0.0240377468804532,0.0178243785228337
"SPEECH_10",NA,NA,NA,NA,NA,NA,NA,NA,NA,NA,NA,NA,NA,NA,NA,NA,NA,NA,NA,NA,NA,NA,NA,NA,NA,NA,NA,NA,NA,NA,NA,NA,NA,NA,NA,NA,NA,NA,NA,NA,NA,NA,NA,NA,NA,NA,NA,NA,NA,NA,NA,NA,NA,NA,NA,NA,NA,NA,NA,NA,0.0414102114394639,0.0337849391083092,0.0178634219703528,0.0210615631996001,0.0557283135366954,0.0124864705989623,0.0230049698089203,0.0208089428670423,0.0255496771715963,0.0197152738222046,0.0384646905427744,0.0365125950812515,0.0166345930023632,0.0389264869468768,0.0225911229966028,0.037431843463355,0.0834879090867158,0.0173057263826807,0.0252053411768997,0.0167654084994138,0.0141553738405478,0.0139505421951044,0.0124647484684557,0.00707041939265996,0.0171226168677439,0.0252751738038615,0.0177458006562765,0.0769736835048041,0.0815670291312542,0.128935111437211,0.0150585056717723,0.0468393030971254,0.0228062856348213,0.031999324552516,0.0270079663070902,0.0369906827979419,0.0165037646264179,0.0326549059340048,0.0165037646264179,0.00941156604485766,0.0363351014164531,0.0306881617895385,0.0256968035441127,0.0495957248147486,0.027663547688579,0.0447384627609909,0.0555108568249995,0.015714087053261,0.0115124063809921,0.015714087053261,0.050772791386058,0.0347557462701393,0.0423694300415202,0.0305540655978704,0.0515624689592149,0.0199157677255299,0.139008085503705,0.015714087053261,0.0228062856348213,0.0235959632079782
"SPEECH_865",NA,NA,NA,NA,NA,NA,NA,NA,NA,NA,NA,NA,NA,NA,NA,NA,NA,NA,NA,NA,NA,NA,NA,NA,NA,NA,NA,NA,NA,NA,NA,NA,NA,NA,NA,NA,NA,NA,NA,NA,NA,NA,NA,NA,NA,NA,NA,NA,NA,NA,NA,NA,NA,NA,NA,NA,NA,NA,NA,NA,0.0150585056717723,0.0468393030971254,0.0228062856348213,0.031999324552516,0.0270079663070902,0.0369906827979419,0.0165037646264179,0.0326549059340048,0.0165037646264179,0.00941156604485766,0.0363351014164531,0.0306881617895385,0.0256968035441127,0.0495957248147486,0.027663547688579,0.0447384627609909,0.0555108568249995,0.015714087053261,0.0115124063809921,0.015714087053261,0.050772791386058,0.0347557462701393,0.0423694300415202,0.0305540655978704,0.0515624689592149,0.0199157677255299,0.139008085503705,0.015714087053261,0.0228062856348213,0.0235959632079782,0.0206867493441241,0.0183641223494431,0.0169931169576946,0.0216697406567326,0.0931873959131863,0.0480384828313361,0.035546035071815,0.0164386098926602,0.0496546768138449,0.0160221760216699,0.0200573818550529,0.0183146248987964,0.0191348151184035,0.0481659916869048,0.0246587814545314,0.0365084043727613,0.0502735310476668,0.0167349724630066,0.014916940965083,0.0298702302332689,0.0405242308436084,0.0135538435454926,0.023308856818017,0.0230886448616044,0.031837535041621,0.073865671069458,0.0439794536460503,0.0360999576215506,0.0615261053895708,0.0369789212150445
"SPEECH_60",NA,NA,NA,NA,NA,NA,NA,NA,NA,NA,NA,NA,NA,NA,NA,NA,NA,NA,NA,NA,NA,NA,NA,NA,NA,NA,NA,NA,NA,NA,NA,NA,NA,NA,NA,NA,NA,NA,NA,NA,NA,NA,NA,NA,NA,NA,NA,NA,NA,NA,NA,NA,NA,NA,NA,NA,NA,NA,NA,NA,0.0518504333064992,0.0387437835205222,0.0135842858274316,0.0408492594602198,0.0233779229422522,0.051128039085653,0.0249257332401822,0.0190641265247885,0.0323865725225401,0.0117680158215092,0.0207463439948838,0.0434189543665781,0.0293429061502216,0.0695895202597829,0.0154831861001469,0.0785158942096161,0.0205399456460706,0.0132541193965981,0.0247505428891277,0.00974534746677353,0.0374025488895745,0.0154831861001469,0.0343480661089419,0.0112933350828726,0.0863686066456485,0.024874310971148,0.0389507138238427,0.0795388427270589,0.0181973953143083,0.0204780616050604,0.0350494286417755,0.0370772929587868,0.0159690690098463,0.0468664070634812,0.060560470129918,0.0181280362630782,0.0304960833718787,0.0102641574402297,0.0956820496414612,0.0151604427643799,0.0476805447562271,0.0218302338832291,0.0159085478608023,0.00878516096386929,0.0778802785775682,0.0176185222219561,0.0635524090599849,0.0109963206422461,0.0460750588704596,0.0242531255811996,0.0139384316164935,0.0199696192443759,0.0238326245158452,0.0227069179981357,0.0117848640820601,0.0768818455330892,0.0476700702725271,0.0343526829589591,0.0366419027023184,0.0123874013738184
"SPEECH_753",NA,NA,NA,NA,NA,NA,NA,NA,NA,NA,NA,NA,NA,NA,NA,NA,NA,NA,NA,NA,NA,NA,NA,NA,NA,NA,NA,NA,NA,NA,NA,NA,NA,NA,NA,NA,NA,NA,NA,NA,NA,NA,NA,NA,NA,NA,NA,NA,NA,NA,NA,NA,NA,NA,NA,NA,NA,NA,NA,NA,0.0216031941756347,0.0384944297039524,0.012365447000194,0.0501049118962988,0.0463337406838078,0.0685818360505858,0.0388267001297769,0.0163800995688025,0.0308617358924425,0.0218167732654584,0.0145447414582814,0.0134216096616507,0.0198095588005931,0.0578127705441243,0.0679884517231129,0.0431368098613043,0.0455949597491341,0.0209879292764122,0.0674804879857868,0.0136374957469239,0.0253544010381852,0.0277416606867848,0.0109842631122299,0.0291006469383961,0.040818013125186,0.0546787468355286,0.0237624974039404,0.0334754369148586,0.027336928516437,0.0169637222541759,0.0309132742132678,0.039291691701477,0.0107185403028328,0.0867145893440375,0.0397601952216433,0.0220523401106397,0.0126493764690414,0.00916766799056912,0.0193029811132886,0.0121742926863154,0.0224409053258899,0.016187940973307,0.0198287111995288,0.0736648864922818,0.0695977754279636,0.0555583979324724,0.0182943215398636,0.0273193778044735,0.012951688065141,0.0143795203878583,0.0209342165645726,0.0159552261416176,0.0136265458369485,0.0231963271295703,0.0650131873982011,0.0582021262119851,0.0418509009220899,0.0327220810686654,0.09593574213782,0.0195951722866368
"SPEECH_850",NA,NA,NA,NA,NA,NA,NA,NA,NA,NA,NA,NA,NA,NA,NA,NA,NA,NA,NA,NA,NA,NA,NA,NA,NA,NA,NA,NA,NA,NA,NA,NA,NA,NA,NA,NA,NA,NA,NA,NA,NA,NA,NA,NA,NA,NA,NA,NA,NA,NA,NA,NA,NA,NA,NA,NA,NA,NA,NA,NA,0.0255273471892197,0.0373068705937674,0.0211694111077952,0.0418940754414305,0.0780539128428554,0.049127479275203,0.0274391956645335,0.0112957872875541,0.0236733805366676,0.0147647136629226,0.110921643683723,0.0141029546802996,0.0151567868534705,0.0470281638237611,0.0207009181076371,0.043536291064617,0.0434011698874985,0.0174588396911596,0.039671106399883,0.0234415607909044,0.0166510040981257,0.0244059394287661,0.0239581552704802,0.0162132742033769,0.0338128556886324,0.0456732286692144,0.0576729896339879,0.0361558036023351,0.0160114387502446,0.0237737020699337,0.0198528274579211,0.034644805327022,0.0234095377423351,0.0432153884228833,0.0759086209692189,0.0203501068921155,0.0213863364844582,0.019127490318739,0.0400321289095182,0.0106170510014923,0.036828970059738,0.0106115295318096,0.0248038669797851,0.0409140405888606,0.0283216351906332,0.0783835963832409,0.0256817235847388,0.0201204542013508,0.014004500836381,0.0587549452218652,0.0117744132954716,0.015388558008049,0.0173165135945254,0.0136243578962508,0.0322929275464726,0.0296549148349479,0.05357354602743,0.0155872777009963,0.0912281393552839,0.0725897956364659
"SPEECH_872",NA,NA,NA,NA,NA,NA,NA,NA,NA,NA,NA,NA,NA,NA,NA,NA,NA,NA,NA,NA,NA,NA,NA,NA,NA,NA,NA,NA,NA,NA,NA,NA,NA,NA,NA,NA,NA,NA,NA,NA,NA,NA,NA,NA,NA,NA,NA,NA,NA,NA,NA,NA,NA,NA,NA,NA,NA,NA,NA,NA,0.0361525774760601,0.0245048143398991,0.0151844363408331,0.0172764481719354,0.0609026213019246,0.0619753579651569,0.0632930638473575,0.0174189366663869,0.0381720267533894,0.0260786105178499,0.0475615455011155,0.017628289909031,0.0209279107944942,0.0464721254329105,0.0259654642915383,0.0311857803752681,0.0500528378456572,0.0129980021980323,0.0618086463258716,0.0395487826962002,0.0137299134817736,0.0189980462935072,0.0121921751712046,0.0158743842417344,0.0193397257922216,0.0614540487336246,0.0275294886910641,0.0510083024528018,0.0198227458377914,0.0449428905533651,0.0359648834539222,0.0474135811666801,0.0169272569304688,0.0280231532199192,0.091904339432908,0.0337351248336979,0.0209815891433205,0.0137307273381982,0.0276314669964029,0.0114183330820959,0.0281446225435378,0.0153483606414514,0.0259274613182345,0.0337128416084737,0.0388084650524636,0.0447424910050638,0.0370385505104871,0.0190444097048664,0.0300668944436221,0.0369396847860663,0.0160846918539527,0.0362646791708674,0.0140419917137845,0.0198132628282573,0.0193486850801967,0.0697108727343451,0.0261630594789502,0.0366028403771408,0.0345893364423009,0.0898763431083238
"SPEECH_86",NA,NA,NA,NA,NA,NA,NA,NA,NA,NA,NA,NA,NA,NA,NA,NA,NA,NA,NA,NA,NA,NA,NA,NA,NA,NA,NA,NA,NA,NA,NA,NA,NA,NA,NA,NA,NA,NA,NA,NA,NA,NA,NA,NA,NA,NA,NA,NA,NA,NA,NA,NA,NA,NA,NA,NA,NA,NA,NA,NA,0.0428497271950221,0.0374751480620058,0.016313810938373,0.0257835982363118,0.0474225573263195,0.0299344022807066,0.0204142768853527,0.0214265631007465,0.0246747283113997,0.0183157847464105,0.0558100116374758,0.0232985116919878,0.0219734673697528,0.0186285917368886,0.0359048589446915,0.0470194761241169,0.0683029491370827,0.0220006999732905,0.0758416949470926,0.0163138676354759,0.0380867644429193,0.0177522140999657,0.0471225705399886,0.027970715857145,0.0280962228549655,0.0491400004525406,0.0322892519640288,0.022382887417954,0.0200825269890283,0.047372119100961,0.0665036434623051,0.0183948501326868,0.0223137003009584,0.0530795916666868,0.0475620010116127,0.0588261284135657,0.0226053912150331,0.014089759291391,0.0254746985947,0.030924458334679,0.0217795208002744,0.0475678670960034,0.0275334957544416,0.0136478227667282,0.0577146838903293,0.037849690574151,0.0190993514691247,0.0205028769571553,0.0153863956373616,0.0220033148764373,0.0221926627495178,0.0247433867025462,0.0138667095616014,0.0526394298877801,0.0189953372480821,0.0839545779462532,0.0360236108646687,0.0467501534546014,0.0263230309940836,0.0316518583452402
"SPEECH_1286",NA,NA,NA,NA,NA,NA,NA,NA,NA,NA,NA,NA,NA,NA,NA,NA,NA,NA,NA,NA,NA,NA,NA,NA,NA,NA,NA,NA,NA,NA,NA,NA,NA,NA,NA,NA,NA,NA,NA,NA,NA,NA,NA,NA,NA,NA,NA,NA,NA,NA,NA,NA,NA,NA,NA,NA,NA,NA,NA,NA,0.0376994879976363,0.0373212204457678,0.0117603324270172,0.0214345826504347,0.0960647223264621,0.0593996988049383,0.0237094574773983,0.0237909096533265,0.030129391904765,0.0303026671237845,0.0154923124417249,0.0213048066739444,0.0188079948500453,0.0228793964536288,0.0510052409573683,0.0283399811543192,0.0901646131897826,0.0226250255377765,0.0815411907977275,0.0114787635850434,0.0252629030640863,0.00874884062837527,0.013795684077136,0.012865945196747,0.0144429130913413,0.0951582113747883,0.016581158786916,0.0435331669068605,0.0256694106847139,0.00868996973614361,0.00809799363414654,0.024182750897733,0.0179988807379585,0.0128343558560331,0.102286432319456,0.0395940566262725,0.0140578049543819,0.0150878360842116,0.0239533491322036,0.0324448775992323,0.0153131699401803,0.0342598938441559,0.0359843636842292,0.0185966812981885,0.0435306799715238,0.0304777701087901,0.101960534072406,0.0356823466972865,0.101989758258504,0.0268922417638391,0.0148571593022527,0.014372025670007,0.00924069169196056,0.00844133734408978,0.0162251912160354,0.108958006382692,0.0348416656264152,0.02384475011378,0.0246678845299788,0.00932551064205618
"SPEECH_71",NA,NA,NA,NA,NA,NA,NA,NA,NA,NA,NA,NA,NA,NA,NA,NA,NA,NA,NA,NA,NA,NA,NA,NA,NA,NA,NA,NA,NA,NA,NA,NA,NA,NA,NA,NA,NA,NA,NA,NA,NA,NA,NA,NA,NA,NA,NA,NA,NA,NA,NA,NA,NA,NA,NA,NA,NA,NA,NA,NA,0.0307428017787799,0.0276697368614064,0.013908974211688,0.0619636441191313,0.0603781294593573,0.0287176470236956,0.0402005312508592,0.0100492293341272,0.0270778345060396,0.0253547123214202,0.0275678369165187,0.0451224934965588,0.0307764378890043,0.0489771301952893,0.0200527801479908,0.0321686517346505,0.0499166188016817,0.0150688010067484,0.0379782452949393,0.0316815224053454,0.0299431501459794,0.0207157597796648,0.0160673746965589,0.0280943124465372,0.0651143980876363,0.05703081204292,0.0228952448842939,0.0393642102644588,0.0315800669075522,0.0238209119891667,0.0378856457228713,0.0283255771407932,0.0171009834254503,0.040281675631618,0.0605660382321837,0.043274922012982,0.0466301197260378,0.0138922590262159,0.0358955393778419,0.0135478962457526,0.0472356986318592,0.0223524241481038,0.0339923693151408,0.0273699545524483,0.0237619057822935,0.0322032662120751,0.031751048662311,0.0248623946258237,0.0313407927210527,0.0384205225526863,0.0275960095254718,0.0262344115002649,0.0217208562923035,0.0258236084302239,0.0766257418998096,0.0542990792263944,0.0309747299280368,0.0428479457268504,0.031452378435657,0.0117342052894466
"SPEECH_1221",NA,NA,NA,NA,NA,NA,NA,NA,NA,NA,NA,NA,NA,NA,NA,NA,NA,NA,NA,NA,NA,NA,NA,NA,NA,NA,NA,NA,NA,NA,NA,NA,NA,NA,NA,NA,NA,NA,NA,NA,NA,NA,NA,NA,NA,NA,NA,NA,NA,NA,NA,NA,NA,NA,NA,NA,NA,NA,NA,NA,0.0307428017787799,0.0276697368614064,0.013908974211688,0.0619636441191313,0.0603781294593573,0.0287176470236956,0.0402005312508592,0.0100492293341272,0.0270778345060396,0.0253547123214202,0.0275678369165187,0.0451224934965588,0.0307764378890043,0.0489771301952893,0.0200527801479908,0.0321686517346505,0.0499166188016817,0.0150688010067484,0.0379782452949393,0.0316815224053454,0.0299431501459794,0.0207157597796648,0.0160673746965589,0.0280943124465372,0.0651143980876363,0.05703081204292,0.0228952448842939,0.0393642102644588,0.0315800669075522,0.0238209119891667,0.0378856457228713,0.0283255771407932,0.0171009834254503,0.040281675631618,0.0605660382321837,0.043274922012982,0.0466301197260378,0.0138922590262159,0.0358955393778419,0.0135478962457526,0.0472356986318592,0.0223524241481038,0.0339923693151408,0.0273699545524483,0.0237619057822935,0.0322032662120751,0.031751048662311,0.0248623946258237,0.0313407927210527,0.0384205225526863,0.0275960095254718,0.0262344115002649,0.0217208562923035,0.0258236084302239,0.0766257418998096,0.0542990792263944,0.0309747299280368,0.0428479457268504,0.031452378435657,0.0117342052894466
"SPEECH_8",NA,NA,NA,NA,NA,NA,NA,NA,NA,NA,NA,NA,NA,NA,NA,NA,NA,NA,NA,NA,NA,NA,NA,NA,NA,NA,NA,NA,NA,NA,NA,NA,NA,NA,NA,NA,NA,NA,NA,NA,NA,NA,NA,NA,NA,NA,NA,NA,NA,NA,NA,NA,NA,NA,NA,NA,NA,NA,NA,NA,0.0218702954932992,0.0257875194983537,0.0181502856604572,0.050951212400153,0.0241140295424404,0.0398525248205382,0.0276347502817603,0.0135041353329106,0.025063635981963,0.0172452858378248,0.0505607862384448,0.017684242812417,0.0103450875581749,0.0274378681707412,0.0338779955461988,0.0560556633769267,0.0307924921034986,0.0180490738187961,0.0169782078390951,0.0315058495986644,0.0341199458842012,0.0236295500740132,0.0117845513733863,0.0458462598847722,0.0866954084029935,0.0209199276070798,0.0404157995802143,0.0854813231602709,0.0589532020062403,0.0346930901141704,0.023908999608713,0.0389784754086251,0.0306561238651371,0.0616903733204647,0.0272719637661282,0.05118990619842,0.0469468231048989,0.0209900227337433,0.0523759973721982,0.0249331718135581,0.0348208259429547,0.0392536882029279,0.0108002028384054,0.0765666401786473,0.0142150001714475,0.0360839024738962,0.026489965006884,0.0227791070101822,0.0153491204118386,0.0195912207427182,0.0133083760786763,0.019126551875585,0.0342585717078885,0.0190435592493059,0.040972199295685,0.0635142852268376,0.0688128277709271,0.0358594959747186,0.0169310963000471,0.01328150634854
"SPEECH_761",NA,NA,NA,NA,NA,NA,NA,NA,NA,NA,NA,NA,NA,NA,NA,NA,NA,NA,NA,NA,NA,NA,NA,NA,NA,NA,NA,NA,NA,NA,NA,NA,NA,NA,NA,NA,NA,NA,NA,NA,NA,NA,NA,NA,NA,NA,NA,NA,NA,NA,NA,NA,NA,NA,NA,NA,NA,NA,NA,NA,0.0497252090800478,0.025531660692951,0.00951015531660693,0.0234169653524492,0.0908542413381123,0.0126642771804062,0.047610513739546,0.0144205495818399,0.0313201911589008,0.00951015531660693,0.0543309438470729,0.0278614097968937,0.143775388291517,0.0144205495818399,0.00951015531660693,0.0794026284348865,0.0511768219832736,0.015352449223417,0.0318399044205496,0.0313201911589008,0.00816606929510155,0.0404241338112306,0.00816606929510155,0.0103882915173238,0.015352449223417,0.0175746714456392,0.0446535244922342,0.0108542413381123,0.0555137395459976,0.015352449223417,0.024108213593188,0.0219397974184824,0.0124878316490567,0.0493770275848673,0.0451998357643042,0.0963981693502368,0.041478214962856,0.0106230252031972,0.0464333312128268,0.0150722710247645,0.0380532235743434,0.0164123851663842,0.020241538497379,0.0427180675306073,0.0345433252077997,0.025183517023033,0.0570308942580739,0.0153856831310521,0.0185432280004291,0.029463979588662,0.0145892653636261,0.0162526001260158,0.015029740820135,0.0343941785604171,0.0367909634847278,0.0834637741202826,0.0281112011695067,0.0485292941440102,0.0233960234535094,0.0387493990162257
"SPEECH_21",NA,NA,NA,NA,NA,NA,NA,NA,NA,NA,NA,NA,NA,NA,NA,NA,NA,NA,NA,NA,NA,NA,NA,NA,NA,NA,NA,NA,NA,NA,NA,NA,NA,NA,NA,NA,NA,NA,NA,NA,NA,NA,NA,NA,NA,NA,NA,NA,NA,NA,NA,NA,NA,NA,NA,NA,NA,NA,NA,NA,0.0592540976655966,0.0474433470953824,0.0232928892725142,0.0218048784808408,0.0392791739967913,0.0179272313794861,0.0610687594637421,0.0129843269502521,0.0339805897015525,0.0307959825635642,0.0579935056641627,0.0330492801507545,0.0122302576645448,0.0186334981675433,0.0248221300882303,0.0265647434823506,0.0565179675212623,0.024156207404784,0.0426275225995443,0.0204895526647652,0.0130613824849838,0.0245298919544784,0.0424036861338746,0.0102495391246561,0.0143225278983237,0.0745186032118004,0.0534747480893297,0.0308651093331081,0.0301975315914848,0.041461038200296,0.0111421257527994,0.0463530021710249,0.00759395816263708,0.0265846398829776,0.0626565197868785,0.0124336309813125,0.027299828262208,0.00365695028862133,0.0536090396107894,0.0698500650381665,0.0362639855203285,0.00496928624662658,0.0190161415008309,0.0132946344669879,0.0356876686710458,0.0146694626134696,0.0194674739731608,0.0177662977313021,0.0287163178676739,0.0313618205131766,0.0102602915376319,0.0265221476945012,0.0115934582251293,0.0420063232836636,0.0658158470931874,0.172969119600791,0.0299245001782185,0.0582265179815486,0.0230156415633231,0.017273303799988
"SPEECH_6",NA,NA,NA,NA,NA,NA,NA,NA,NA,NA,NA,NA,NA,NA,NA,NA,NA,NA,NA,NA,NA,NA,NA,NA,NA,NA,NA,NA,NA,NA,NA,NA,NA,NA,NA,NA,NA,NA,NA,NA,NA,NA,NA,NA,NA,NA,NA,NA,NA,NA,NA,NA,NA,NA,NA,NA,NA,NA,NA,NA,0.0100898005000255,0.0180685239042808,0.023387672840451,0.0447408031021991,0.0331649573957855,0.0163464972702689,0.0387902444002245,0.0100898005000255,0.0207280983723659,0.309588499413235,0.0110273483340987,0.0474003775702842,0.0154089494361957,0.0313663962447064,0.0607747844277769,0.0606217153936425,0.057713403745089,0.0154089494361957,0.0207280983723659,0.0127493749681106,0.00743022603194041,0.00922878718301954,0.0145479361191898,0.0180685239042808,0.0180685239042808,0.0145479361191898,0.00743022603194041,0.01986708505536,0.0251862339915302,0.00743022603194041,0.0233976187668129,0.0151607218693288,0.01160492097313,0.0141454555022567,0.0534294229987912,0.0467136157702796,0.0247752111031833,0.0139787251659988,0.0309512308413074,0.0280180762573295,0.0430511242583535,0.0250201439005883,0.0084009266852112,0.0682484188685851,0.0430147595403942,0.0732129838563779,0.0757494955956293,0.0141121750034061,0.0225444355811942,0.0171344067365734,0.030717256159645,0.0387827138542612,0.0183167439805838,0.0310017992202455,0.0457554018897066,0.0723020110600848,0.0288844675852126,0.0348048482745591,0.0229031551629194,0.0238677335380507
"SPEECH_54",NA,NA,NA,NA,NA,NA,NA,NA,NA,NA,NA,NA,NA,NA,NA,NA,NA,NA,NA,NA,NA,NA,NA,NA,NA,NA,NA,NA,NA,NA,NA,NA,NA,NA,NA,NA,NA,NA,NA,NA,NA,NA,NA,NA,NA,NA,NA,NA,NA,NA,NA,NA,NA,NA,NA,NA,NA,NA,NA,NA,0.0348765060905199,0.0271790826458691,0.0110777922073315,0.0310400038714015,0.0534816829531274,0.0410435350117616,0.0591375211125694,0.0218244130958416,0.0308552326572786,0.0182220138067432,0.0310475160005983,0.0173486427410037,0.021159648863048,0.104238726600009,0.0477516226112731,0.0480608637352677,0.0257135999761034,0.0224094573858833,0.0161211467821841,0.0308019313553785,0.0133295244815442,0.0199045625721913,0.0113089502785763,0.051860670198717,0.0523865418052929,0.0549823314928248,0.0251818571163857,0.0186849765637486,0.040758497584355,0.018211148403171,0.0656291054506002,0.0197263018404029,0.0103888239321105,0.0483018289215403,0.0314203258023949,0.0184629604414184,0.0424650344063872,0.01999161938651,0.041933472845856,0.0173501239529069,0.0662823347767073,0.0317430162892337,0.0116119512616528,0.0247686833595664,0.0145846906779989,0.066691196989858,0.041216672021216,0.0126945886826776,0.013287293601375,0.0219833772859352,0.0171932097038388,0.0349154164090531,0.0127071202452653,0.0223688406679135,0.0206962901475989,0.077081482325412,0.0115976449056192,0.0676689076405512,0.0499296566234303,0.0653080294049697
"SPEECH_1228",NA,NA,NA,NA,NA,NA,NA,NA,NA,NA,NA,NA,NA,NA,NA,NA,NA,NA,NA,NA,NA,NA,NA,NA,NA,NA,NA,NA,NA,NA,NA,NA,NA,NA,NA,NA,NA,NA,NA,NA,NA,NA,NA,NA,NA,NA,NA,NA,NA,NA,NA,NA,NA,NA,NA,NA,NA,NA,NA,NA,0.0239075583569193,0.0311911359543951,0.0229224674135789,0.0274143565490755,0.0483558868926275,0.0332850510685569,0.0284682602933253,0.0189306808660316,0.0383602739997732,0.019183736184364,0.0234076721209452,0.0218751896322332,0.0224904696521248,0.0271852644796435,0.0298712282023934,0.0654776237833707,0.0321311626928787,0.0190125479944497,0.0191717702068163,0.0436793834132145,0.0239522196222244,0.0270834448694807,0.0347228396332829,0.0481005918260618,0.0428843044548219,0.0633897309402547,0.0472038051688213,0.0534924754529918,0.0396037489595065,0.0232451193158367,0.0310475271078302,0.0532850532962318,0.0269555342471288,0.0305765440488836,0.0898704176984108,0.0310312224728798,0.0217228277167925,0.0174001255427795,0.0414232666656153,0.0177269069004333,0.0346024210734013,0.0274722295540025,0.0186148917399729,0.0284630839974315,0.0382545864785852,0.0360063072470339,0.0200045668481242,0.0287305797347154,0.0439756178118135,0.0349593244762572,0.0440800725196185,0.0157478683211819,0.0139582653048611,0.0112440455520378,0.0255831832092612,0.0595093816940253,0.0458916229474181,0.0291176186979019,0.0475371744641147,0.0352077326312563
"SPEECH_1242",NA,NA,NA,NA,NA,NA,NA,NA,NA,NA,NA,NA,NA,NA,NA,NA,NA,NA,NA,NA,NA,NA,NA,NA,NA,NA,NA,NA,NA,NA,NA,NA,NA,NA,NA,NA,NA,NA,NA,NA,NA,NA,NA,NA,NA,NA,NA,NA,NA,NA,NA,NA,NA,NA,NA,NA,NA,NA,NA,NA,0.0656291054506002,0.0197263018404029,0.0103888239321105,0.0483018289215403,0.0314203258023949,0.0184629604414184,0.0424650344063872,0.01999161938651,0.041933472845856,0.0173501239529069,0.0662823347767073,0.0317430162892337,0.0116119512616528,0.0247686833595664,0.0145846906779989,0.066691196989858,0.041216672021216,0.0126945886826776,0.013287293601375,0.0219833772859352,0.0171932097038388,0.0349154164090531,0.0127071202452653,0.0223688406679135,0.0206962901475989,0.077081482325412,0.0115976449056192,0.0676689076405512,0.0499296566234303,0.0653080294049697,0.0525902165243832,0.0413499709394899,0.0131050456878433,0.0219993316755532,0.0577461214338134,0.0335144971735739,0.0259030827532379,0.0112913225844336,0.0333983081402713,0.0172920268782916,0.0229989498145754,0.0287901985446039,0.0203763159818786,0.0349210561829476,0.0291878090657796,0.0394565127178659,0.0200389149942544,0.0168408062233252,0.0376789434897492,0.0340526863484011,0.0108528484843286,0.0235351993255267,0.0426800294747617,0.0227046052794839,0.046176326984539,0.0472823859013905,0.0369939979639996,0.0589408373610625,0.0587576879329997,0.0595439641376358
"SPEECH_810",NA,NA,NA,NA,NA,NA,NA,NA,NA,NA,NA,NA,NA,NA,NA,NA,NA,NA,NA,NA,NA,NA,NA,NA,NA,NA,NA,NA,NA,NA,NA,NA,NA,NA,NA,NA,NA,NA,NA,NA,NA,NA,NA,NA,NA,NA,NA,NA,NA,NA,NA,NA,NA,NA,NA,NA,NA,NA,NA,NA,0.0126002290950745,0.0744558991981672,0.0229095074455899,0.174112256586483,0.0847651775486827,0.00572737686139748,0.0126002290950745,0.00572737686139748,0.0194730813287514,0.00916380297823597,0.0297823596792669,0.0675830469644903,0.0400916380297824,0.0126002290950745,0.0126002290950745,0.0366552119129439,0.0126002290950745,0.00916380297823597,0.0194730813287514,0.0332187857961054,0.0332187857961054,0.0160366552119129,0.0194730813287514,0.150057273768614,0.0160366552119129,0.00916380297823597,0.0263459335624284,0.00572737686139748,0.0160366552119129,0.0126002290950745,0.0224493633582977,0.0193194792646054,0.0092861503015258,0.0709797312228,0.0274374182978928,0.0595546851763246,0.0224795976895018,0.0140136581534741,0.0247246516559376,0.0151657310771177,0.0394054585086478,0.0364132398241394,0.010388622026209,0.0966659196026184,0.0157110890118066,0.0598517009720442,0.0161654585727971,0.0152394762079514,0.0230319782923848,0.0195376798508234,0.0330856294764866,0.0271754100642048,0.0139302479333737,0.0363272972535547,0.0685150395223077,0.0598349123403866,0.0284967138197845,0.0667454138082736,0.0287721486303636,0.0192960980843645
"SPEECH_1225",NA,NA,NA,NA,NA,NA,NA,NA,NA,NA,NA,NA,NA,NA,NA,NA,NA,NA,NA,NA,NA,NA,NA,NA,NA,NA,NA,NA,NA,NA,NA,NA,NA,NA,NA,NA,NA,NA,NA,NA,NA,NA,NA,NA,NA,NA,NA,NA,NA,NA,NA,NA,NA,NA,NA,NA,NA,NA,NA,NA,0.017603102021217,0.0396520445992378,0.0122151123659022,0.0592624176177776,0.0574400774041317,0.0584256993479563,0.0207707987719577,0.0200081861651679,0.0732051510736109,0.020934720930712,0.0178979147590877,0.0161978171697311,0.0224012763873361,0.033246416182034,0.017147548552899,0.0515979125146446,0.0327354928502023,0.02125227503681,0.0207214123064236,0.028205345649229,0.0328836097743613,0.0219851355288986,0.0416225562915834,0.012701901320874,0.0567258983252946,0.048074177518418,0.027152994247056,0.0309098905375313,0.0338748775578416,0.0531482371920727,0.0172880387530327,0.0205050294603721,0.0140712247085356,0.0489192319494191,0.0661151838834871,0.0512692279125426,0.0309414591062545,0.016585198769072,0.0353163375650057,0.0372433191494664,0.037184446992876,0.0148717363583481,0.0172654498140381,0.0358278641892557,0.0645679542355855,0.0554845429288813,0.0321347442066379,0.0232005319396952,0.0238484945403369,0.0181276217780638,0.0111940012369135,0.0293814532667125,0.0170962735405255,0.00972834331569487,0.059118868575311,0.0586719450918566,0.0293501783231129,0.0439356413535717,0.0254060003337728,0.055349656721622
"SPEECH_104",NA,NA,NA,NA,NA,NA,NA,NA,NA,NA,NA,NA,NA,NA,NA,NA,NA,NA,NA,NA,NA,NA,NA,NA,NA,NA,NA,NA,NA,NA,NA,NA,NA,NA,NA,NA,NA,NA,NA,NA,NA,NA,NA,NA,NA,NA,NA,NA,NA,NA,NA,NA,NA,NA,NA,NA,NA,NA,NA,NA,0.0221134205741734,0.0492812017279482,0.0203237629018195,0.0595746695673746,0.019232099968896,0.056225469890483,0.0350829167914082,0.0181913272021238,0.0159563882280544,0.119822667848638,0.0400728582768268,0.024966942890783,0.022673589905863,0.0308344136167305,0.017577087342188,0.0536028095044728,0.0298495974407851,0.0170422588791425,0.0192541059757284,0.0195888427300741,0.0196509545313164,0.0216660447810141,0.0164348971716932,0.0460242923111321,0.0664508252179685,0.0238503792676539,0.0207206114574075,0.0404342301993309,0.0380739817521259,0.0154273520468443,0.0405944097164256,0.0248803654129069,0.0188404413753111,0.0712447186839939,0.0495645080714537,0.0294774122873242,0.0294305148875718,0.00999173381075128,0.0472059869238284,0.0245149845696655,0.0335785375257404,0.0162333680374936,0.0254558790127166,0.055748288340895,0.0245499581306804,0.0350621974527928,0.0863033307904947,0.0143467910021486,0.0311835926493055,0.0349448637579727,0.0104485063002234,0.0221353636329632,0.0159115744017955,0.0197434680674512,0.0318760513323071,0.0634087543655734,0.0117802479499791,0.0577275843574174,0.0352846505385244,0.0285319166142925
"SPEECH_1229",NA,NA,NA,NA,NA,NA,NA,NA,NA,NA,NA,NA,NA,NA,NA,NA,NA,NA,NA,NA,NA,NA,NA,NA,NA,NA,NA,NA,NA,NA,NA,NA,NA,NA,NA,NA,NA,NA,NA,NA,NA,NA,NA,NA,NA,NA,NA,NA,NA,NA,NA,NA,NA,NA,NA,NA,NA,NA,NA,NA,0.0270947693092613,0.0326270567363551,0.0172908477406338,0.0270487355202282,0.0639867348476943,0.056343734418664,0.0311472501478415,0.0179044769889032,0.0153760972159414,0.00947948191695366,0.0471321065386533,0.0153300634269083,0.0108829906888835,0.146536682088566,0.0146140466831322,0.0327651581034543,0.0174670980160249,0.0189729942834615,0.0293730360269477,0.0280854813835647,0.0132105379112023,0.0137360420217762,0.0171606312542758,0.0637971498475203,0.105026843380759,0.0258460592989413,0.0252506348488538,0.0305050961839496,0.037276469428694,0.00873169374195568,0.0100647136501066,0.049708043185578,0.00745971806764216,0.0515685791741626,0.0691548539347279,0.0485946968787946,0.0293908293669766,0.0150246855973852,0.0331182416356457,0.0426649463812913,0.0693943407433357,0.0117692354669201,0.0423172436736701,0.0509979099382923,0.0313899239780244,0.0365782137250141,0.0109195667632062,0.0228666656742813,0.0249632170859248,0.0253183383786318,0.024062743320274,0.0180855563182124,0.00768489820595704,0.01488005123226,0.0153362329855306,0.0871627989776103,0.0525257196748577,0.054405341039249,0.0154082734668349,0.0271844214796027
"SPEECH_7",NA,NA,NA,NA,NA,NA,NA,NA,NA,NA,NA,NA,NA,NA,NA,NA,NA,NA,NA,NA,NA,NA,NA,NA,NA,NA,NA,NA,NA,NA,NA,NA,NA,NA,NA,NA,NA,NA,NA,NA,NA,NA,NA,NA,NA,NA,NA,NA,NA,NA,NA,NA,NA,NA,NA,NA,NA,NA,NA,NA,0.0100647136501066,0.049708043185578,0.00745971806764216,0.0515685791741626,0.0691548539347279,0.0485946968787946,0.0293908293669766,0.0150246855973852,0.0331182416356457,0.0426649463812913,0.0693943407433357,0.0117692354669201,0.0423172436736701,0.0509979099382923,0.0313899239780244,0.0365782137250141,0.0109195667632062,0.0228666656742813,0.0249632170859248,0.0253183383786318,0.024062743320274,0.0180855563182124,0.00768489820595704,0.01488005123226,0.0153362329855306,0.0871627989776103,0.0525257196748577,0.054405341039249,0.0154082734668349,0.0271844214796027,0.0393224042937019,0.0252538688264776,0.0239781629329321,0.0333109085762511,0.0799245852885647,0.0249341066418669,0.0332078477415636,0.014401933087995,0.0347689880755402,0.0127975079104052,0.018013147730915,0.0100831984778769,0.0178071677463712,0.0284665813579965,0.0503717917954615,0.0283351337202936,0.0476373806361477,0.0128022513258446,0.0705985235191312,0.0456632457394221,0.0293788076839913,0.04636910739525,0.0202329001729852,0.0222581034828661,0.0388294832998953,0.0834918043082457,0.0271959813059316,0.0397954100560306,0.02497380426206,0.0157958626079854
"SPEECH_815",NA,NA,NA,NA,NA,NA,NA,NA,NA,NA,NA,NA,NA,NA,NA,NA,NA,NA,NA,NA,NA,NA,NA,NA,NA,NA,NA,NA,NA,NA,NA,NA,NA,NA,NA,NA,NA,NA,NA,NA,NA,NA,NA,NA,NA,NA,NA,NA,NA,NA,NA,NA,NA,NA,NA,NA,NA,NA,NA,NA,0.0557782183649381,0.0243020248492304,0.00952301571703569,0.0456557198649402,0.0627197610829329,0.0791313762596052,0.0496573887314306,0.0215899264250911,0.0248600218246569,0.0202616654017507,0.0241492405496977,0.0123748644199635,0.0262745844424623,0.0208925833751844,0.0238702714929531,0.0344910789479948,0.0893613141572769,0.0209239805000594,0.0237325631659136,0.024201443956237,0.0161867757063178,0.0254789634291121,0.0138419556352151,0.0197367160849785,0.0389656591917813,0.0542550116745202,0.0204654820696444,0.0630935103034681,0.0369699281495254,0.0172549542260825,0.0192553593173462,0.0523803344339236,0.0220275713592165,0.0462239650473791,0.0648288093951199,0.0238203144569912,0.0244175518574477,0.0203396884991353,0.0304019876618111,0.0112253798404171,0.0184536030429349,0.0195120632354565,0.0458431528306681,0.0423829992409919,0.0382129551109537,0.0283620768373254,0.0305647716103629,0.0261263269338,0.017613397993229,0.0424112310179404,0.0266414599509238,0.0218828788737363,0.0160000688589775,0.0438895429669055,0.0422658052508771,0.0508302323533993,0.0762038569408425,0.0352943942905788,0.0478427664440543,0.0147454543472545
"SPEECH_1276",NA,NA,NA,NA,NA,NA,NA,NA,NA,NA,NA,NA,NA,NA,NA,NA,NA,NA,NA,NA,NA,NA,NA,NA,NA,NA,NA,NA,NA,NA,NA,NA,NA,NA,NA,NA,NA,NA,NA,NA,NA,NA,NA,NA,NA,NA,NA,NA,NA,NA,NA,NA,NA,NA,NA,NA,NA,NA,NA,NA,0.0557782183649381,0.0243020248492304,0.00952301571703569,0.0456557198649402,0.0627197610829329,0.0791313762596052,0.0496573887314306,0.0215899264250911,0.0248600218246569,0.0202616654017507,0.0241492405496977,0.0123748644199635,0.0262745844424623,0.0208925833751844,0.0238702714929531,0.0344910789479948,0.0893613141572769,0.0209239805000594,0.0237325631659136,0.024201443956237,0.0161867757063178,0.0254789634291121,0.0138419556352151,0.0197367160849785,0.0389656591917813,0.0542550116745202,0.0204654820696444,0.0630935103034681,0.0369699281495254,0.0172549542260825,0.0192553593173462,0.0523803344339236,0.0220275713592165,0.0462239650473791,0.0648288093951199,0.0238203144569912,0.0244175518574477,0.0203396884991353,0.0304019876618111,0.0112253798404171,0.0184536030429349,0.0195120632354565,0.0458431528306681,0.0423829992409919,0.0382129551109537,0.0283620768373254,0.0305647716103629,0.0261263269338,0.017613397993229,0.0424112310179404,0.0266414599509238,0.0218828788737363,0.0160000688589775,0.0438895429669055,0.0422658052508771,0.0508302323533993,0.0762038569408425,0.0352943942905788,0.0478427664440543,0.0147454543472545
"SPEECH_1220",NA,NA,NA,NA,NA,NA,NA,NA,NA,NA,NA,NA,NA,NA,NA,NA,NA,NA,NA,NA,NA,NA,NA,NA,NA,NA,NA,NA,NA,NA,NA,NA,NA,NA,NA,NA,NA,NA,NA,NA,NA,NA,NA,NA,NA,NA,NA,NA,NA,NA,NA,NA,NA,NA,NA,NA,NA,NA,NA,NA,0.0324294819577996,0.0172922315651024,0.013499120535437,0.0585483718478885,0.0649154959772548,0.0358875611673281,0.0199616032114937,0.0119132911557034,0.0345103085158137,0.0214169050963238,0.0433361756126459,0.0196292972026827,0.0214715488873254,0.0992873950602364,0.0313955550052462,0.0563627359318089,0.0191877827154449,0.0191444644432541,0.0320640502343557,0.0262225359711435,0.0185628107116226,0.0220267675343624,0.0508841188944542,0.0154070206935661,0.0503196261115576,0.0568117020823221,0.0263546312617871,0.0322884131663815,0.0307071943874511,0.0181618030622068,0.034076149189319,0.0249117593079326,0.016717598209456,0.0330063898473904,0.0814993505245002,0.0327841947850944,0.0310018315541108,0.011971126280556,0.0168113686871865,0.00904750146606394,0.0310849312108131,0.0359610785733076,0.0134258705337605,0.00998489083465369,0.087245542029726,0.0741153838931971,0.0176151858642761,0.0168947759434289,0.0172622642346203,0.0160670566822383,0.00913355643244483,0.017028149232921,0.0151613278572882,0.0843846621909328,0.031937824349921,0.0721627237250159,0.032323134335454,0.0451653817533397,0.0460890824699619,0.035129908001089
"SPEECH_36",NA,NA,NA,NA,NA,NA,NA,NA,NA,NA,NA,NA,NA,NA,NA,NA,NA,NA,NA,NA,NA,NA,NA,NA,NA,NA,NA,NA,NA,NA,NA,NA,NA,NA,NA,NA,NA,NA,NA,NA,NA,NA,NA,NA,NA,NA,NA,NA,NA,NA,NA,NA,NA,NA,NA,NA,NA,NA,NA,NA,0.0245846063905196,0.0510791973967182,0.0157907534094837,0.0199067702497781,0.0967400239661625,0.017046432926337,0.0095813678698405,0.0146155306160064,0.0299927654488605,0.0304357525182286,0.0276975046908217,0.0920457124560454,0.0477773536206097,0.0222215891476729,0.0327140504769201,0.0369948985500422,0.0645754115488917,0.0235718352108691,0.0502281045881528,0.0330905911564411,0.0218347768314157,0.0147270993691638,0.00953087074378171,0.0196006351537367,0.0182971023160743,0.0784430717249093,0.0449026739545638,0.0124523716084852,0.0231447597252971,0.0163763863341706,0.0431542479129809,0.0237910461430594,0.0156953871236281,0.0749458066797925,0.0391385954589876,0.0219535433606485,0.0189758527369653,0.0113859219669683,0.0549806097027264,0.0155990511630448,0.0636271924268975,0.0159715188255637,0.0187427474944325,0.0291010029669456,0.0213695173037702,0.0776137185026162,0.0458464939400027,0.0165610230448026,0.0330101971511724,0.0165212416355166,0.0117134871308906,0.0375518759408349,0.0271682107185146,0.0270748137160085,0.0143749691734727,0.0592039770172812,0.0644519915857479,0.0462878925997484,0.0248301785894105,0.0293578879875688
"SPEECH_1235",NA,NA,NA,NA,NA,NA,NA,NA,NA,NA,NA,NA,NA,NA,NA,NA,NA,NA,NA,NA,NA,NA,NA,NA,NA,NA,NA,NA,NA,NA,NA,NA,NA,NA,NA,NA,NA,NA,NA,NA,NA,NA,NA,NA,NA,NA,NA,NA,NA,NA,NA,NA,NA,NA,NA,NA,NA,NA,NA,NA,0.0490589499604396,0.0387478833237929,0.0160366856849615,0.0326134441682678,0.0689070677975694,0.027999064315176,0.0354140285260466,0.0160830104939766,0.0420701188035393,0.0199329350913657,0.0924715019624294,0.0274314541514125,0.0187279907580301,0.0188070054399204,0.0201528529902166,0.0327920304010432,0.0172145688119109,0.0177184189019692,0.0455426630731987,0.0220076152215145,0.0177873355026838,0.0874840706805352,0.0334794202746856,0.032887255154327,0.033319367295413,0.0473077543776659,0.0154799743496053,0.0361388130466523,0.0209194930492781,0.0154672263923729,0.0330978254134776,0.0358905067132024,0.0154716211059413,0.0236040460714179,0.0655117770300232,0.0472681153236855,0.0482846919020685,0.0162755282945943,0.0314587624827454,0.0176328063722201,0.0422946984197396,0.0347918864287554,0.0250488046166516,0.0395801669711436,0.0290070256757254,0.0246200756337991,0.0360464150103466,0.0172502868189042,0.0366931735298607,0.038317552610397,0.0203676761054962,0.0197758288231552,0.0439132760919317,0.0269857459359823,0.0876571506429633,0.0208330399533368,0.0256075703524145,0.0411903195372526,0.0365683957242111,0.0189552304085569
"SPEECH_81",NA,NA,NA,NA,NA,NA,NA,NA,NA,NA,NA,NA,NA,NA,NA,NA,NA,NA,NA,NA,NA,NA,NA,NA,NA,NA,NA,NA,NA,NA,NA,NA,NA,NA,NA,NA,NA,NA,NA,NA,NA,NA,NA,NA,NA,NA,NA,NA,NA,NA,NA,NA,NA,NA,NA,NA,NA,NA,NA,NA,0.0200253824919477,0.0395699995256872,0.00904355147061915,0.036442509390471,0.0161517488613544,0.0510877168689189,0.0212739864729556,0.00770528118830816,0.0382457428661114,0.0217524927293841,0.0186292896544587,0.0135660466795044,0.0168530235003203,0.0295482250374908,0.0405022723509327,0.0619084666146084,0.0527203606560134,0.0144026219067258,0.0451056670473536,0.0103290179457062,0.0179454507433853,0.0297950588648348,0.0088285671342456,0.0591962634340872,0.0934142544269519,0.0902807029010845,0.0224736518060186,0.0634604883060746,0.0424600468402335,0.00728211228421189,0.0177508710478522,0.0644291462694606,0.0159868557211219,0.0230665589465838,0.0593996651169647,0.0202103485370801,0.0528554881904475,0.0137033126806116,0.0366203952978552,0.0247017899436631,0.0139925766999806,0.0125209488072924,0.0215125021584141,0.0692929351041223,0.0683767397954133,0.0595568624670738,0.0225278091245919,0.0145656305042484,0.0162112167723371,0.0150635620492072,0.0398238545258999,0.0191101388299297,0.0150051778778203,0.0205332914768741,0.0669716440473909,0.0572266828737756,0.0238498828880051,0.0570917166761147,0.023389220809871,0.034653174759997
"SPEECH_82",NA,NA,NA,NA,NA,NA,NA,NA,NA,NA,NA,NA,NA,NA,NA,NA,NA,NA,NA,NA,NA,NA,NA,NA,NA,NA,NA,NA,NA,NA,NA,NA,NA,NA,NA,NA,NA,NA,NA,NA,NA,NA,NA,NA,NA,NA,NA,NA,NA,NA,NA,NA,NA,NA,NA,NA,NA,NA,NA,NA,0.0221505696473604,0.0210600943591958,0.0144892349642029,0.150354022433612,0.0242278963074855,0.0516578986412106,0.0156272447029828,0.0196995949242419,0.0251269735223522,0.0305232308441551,0.048041499581936,0.0352721982375384,0.0131634745241934,0.0381223822815607,0.0131451783569884,0.096369090528269,0.0282361802900956,0.0223639112599318,0.0219244325791181,0.0201591934582949,0.0117901796335686,0.0491904217834898,0.0239706379629358,0.0404294637285651,0.0196922705266736,0.0223821777737054,0.0226321117206868,0.0718952832560021,0.0156327157610855,0.0106704364085622,0.0442426175119674,0.0250932776752417,0.013827387701031,0.0125421821625619,0.0236044900805752,0.0663782382227704,0.0409248428937702,0.0261788052209431,0.0239423197754102,0.0199904340785026,0.0457898290557487,0.0428730844107719,0.00838910355096292,0.0796940137010509,0.0113659939756756,0.0480244400625166,0.01852716537843,0.0255042042390407,0.0137196419597466,0.029946399132934,0.0108365996199377,0.0122338829169371,0.0512389541386478,0.0183654273814972,0.0791814117401513,0.0585980934680138,0.0732100839470588,0.020943183450904,0.0365467958160611,0.0182870967311396
"SPEECH_74",NA,NA,NA,NA,NA,NA,NA,NA,NA,NA,NA,NA,NA,NA,NA,NA,NA,NA,NA,NA,NA,NA,NA,NA,NA,NA,NA,NA,NA,NA,NA,NA,NA,NA,NA,NA,NA,NA,NA,NA,NA,NA,NA,NA,NA,NA,NA,NA,NA,NA,NA,NA,NA,NA,NA,NA,NA,NA,NA,NA,0.0210736074707026,0.0295580875329189,0.0135051640117174,0.0228579175571317,0.0447643764495904,0.0759681769597762,0.0418075356271569,0.0207144227581875,0.0351229107901104,0.0216969834754507,0.025570387602795,0.0745541653825437,0.0125226467886607,0.0298333823957335,0.0228088878033624,0.0266402172846409,0.115638440785346,0.0172776973308079,0.0818803421510843,0.0301650936592845,0.0360124381505872,0.0201531600229631,0.0301598988324788,0.0166793886503206,0.0231137211639247,0.0227862873429893,0.018322552501273,0.0239251562136343,0.0357195977580399,0.00916735554678783,0.019814396691834,0.0405413229863264,0.0141791822252614,0.03376850599559,0.110942978132535,0.0374156748148714,0.0350105717467818,0.0186853738976413,0.01552030970159,0.0140333437544252,0.0211834942629717,0.0622213309343704,0.01518871695066,0.0431339986291337,0.085199104126954,0.0193586374036218,0.0418656738178885,0.0174335120467422,0.0497322492059747,0.0278950567344299,0.0180080564461638,0.0151433836336111,0.018898840774179,0.0351544520615919,0.0307841058573918,0.0243137324013803,0.033528142023823,0.0196215703654019,0.053956125419444,0.0274681569574096
"SPEECH_1259",NA,NA,NA,NA,NA,NA,NA,NA,NA,NA,NA,NA,NA,NA,NA,NA,NA,NA,NA,NA,NA,NA,NA,NA,NA,NA,NA,NA,NA,NA,NA,NA,NA,NA,NA,NA,NA,NA,NA,NA,NA,NA,NA,NA,NA,NA,NA,NA,NA,NA,NA,NA,NA,NA,NA,NA,NA,NA,NA,NA,NA,NA,NA,NA,NA,NA,NA,NA,NA,NA,NA,NA,NA,NA,NA,NA,NA,NA,NA,NA,NA,NA,NA,NA,NA,NA,NA,NA,NA,NA,0.0503146608499798,0.0407163178960427,0.013418272422711,0.0216159015719137,0.0463708902638272,0.0277879026026954,0.0371097565069156,0.0134232727751949,0.0230058778256173,0.0235657553639557,0.0889549026571375,0.0171914231741046,0.019777781855811,0.0428178254742833,0.0193444765509731,0.0559275103095686,0.0340794620787341,0.00836812030039484,0.0499283246219752,0.0175194024387127,0.0300323983682364,0.0141477679071667,0.0144272496662348,0.022391586120166,0.0496308804453588,0.0801394689615033,0.0287177463483226,0.0134999348386953,0.0490094156885107,0.0467657141152572
"SPEECH_116",NA,NA,NA,NA,NA,NA,NA,NA,NA,NA,NA,NA,NA,NA,NA,NA,NA,NA,NA,NA,NA,NA,NA,NA,NA,NA,NA,NA,NA,NA,NA,NA,NA,NA,NA,NA,NA,NA,NA,NA,NA,NA,NA,NA,NA,NA,NA,NA,NA,NA,NA,NA,NA,NA,NA,NA,NA,NA,NA,NA,0.103564547206166,0.0269749518304432,0.00529865125240848,0.0486512524084778,0.01252408477842,0.0154142581888247,0.0255298651252409,0.0183044315992293,0.00963391136801542,0.00385356454720617,0.0515414258188825,0.0457610789980732,0.0255298651252409,0.0342003853564547,0.00674373795761079,0.0905587668593449,0.198940269749518,0.016859344894027,0.0081888246628131,0.0081888246628131,0.00963391136801542,0.0197495183044316,0.00529865125240848,0.0226396917148362,0.1252408477842,0.00240847784200385,0.016859344894027,0.0154142581888247,0.0240847784200385,0.00240847784200385,0.0423132562344559,0.0361257365182635,0.0165432781462935,0.0390708194715065,0.0438543565927623,0.0223466447713567,0.0220724405243751,0.0104577299423136,0.0325554332573682,0.0209454676836282,0.0395679135368397,0.0136565094117731,0.0126929034197054,0.0242497512069263,0.0386345706266564,0.0479124127905492,0.0255688901257211,0.0168392890300806,0.0542884265265805,0.0144020800613546,0.0180788287677586,0.0526249269152171,0.0718426513375247,0.0356400711009748,0.0563531784660026,0.0608590408028168,0.0567766867814709,0.0395421623431134,0.017582132672961,0.0166024109336496
"SPEECH_13",NA,NA,NA,NA,NA,NA,NA,NA,NA,NA,NA,NA,NA,NA,NA,NA,NA,NA,NA,NA,NA,NA,NA,NA,NA,NA,NA,NA,NA,NA,NA,NA,NA,NA,NA,NA,NA,NA,NA,NA,NA,NA,NA,NA,NA,NA,NA,NA,NA,NA,NA,NA,NA,NA,NA,NA,NA,NA,NA,NA,0.0372320083389257,0.0300096150435713,0.0178449279141376,0.0105803353790503,0.0314988981610856,0.068854093057259,0.0918970944605014,0.0167113594971541,0.0124263358324278,0.0143803709659422,0.0535163011888928,0.0388812621507116,0.00981947408551339,0.0215496565555185,0.0123438992299416,0.0683894585486278,0.13150879279349,0.0126627102378517,0.0390196306744654,0.0164693720169157,0.0246947845575399,0.0189367993061317,0.0444019651614153,0.0208792019570922,0.0289638083032902,0.0435379646424591,0.014866986204475,0.021233351311581,0.0148155659923201,0.0320739764317125,0.0707045137572591,0.0128251632326025,0.0108955052634201,0.0325904769583918,0.0237022855928591,0.0595008957338845,0.086589334794662,0.0108849754973539,0.0121804740710475,0.0513614507114881,0.0525166593156282,0.0172341996907534,0.0120593464574728,0.0274384475249244,0.0318229162210426,0.0598984212845462,0.0257400770649475,0.0115389036437292,0.0191207814700705,0.0135382804137481,0.0105857283786273,0.0259170737703956,0.0177361645348563,0.016711175314518,0.0631057593237809,0.0585050130076323,0.0219939913002359,0.0851941345608021,0.0321911972927799,0.0259166538165402
"SPEECH_760",NA,NA,NA,NA,NA,NA,NA,NA,NA,NA,NA,NA,NA,NA,NA,NA,NA,NA,NA,NA,NA,NA,NA,NA,NA,NA,NA,NA,NA,NA,NA,NA,NA,NA,NA,NA,NA,NA,NA,NA,NA,NA,NA,NA,NA,NA,NA,NA,NA,NA,NA,NA,NA,NA,NA,NA,NA,NA,NA,NA,0.0237626157100007,0.0899348410196757,0.0162403585451525,0.0301525350822043,0.067529811822256,0.0338233761792759,0.0198483999151325,0.0161625908821165,0.0220425211280098,0.0248740679802737,0.0192237748349176,0.0111092956231678,0.0303290816815765,0.0524904337433352,0.0111223643554524,0.0284872938980123,0.014054075929784,0.0297455022833084,0.0414716620086579,0.0478327641715257,0.0364086209747144,0.0489745884621182,0.0543190712686264,0.0118512829396874,0.0476146949220285,0.0439911080244818,0.0703825763734389,0.0253431479870525,0.0211815856208769,0.0096959566331397,0.0334051826687012,0.0349530867076293,0.0183768546749304,0.0209425045452473,0.0489146983952774,0.0642823678765223,0.0201223596128656,0.0193818636289751,0.0500393801065704,0.0172182875807732,0.0311305928436781,0.0202267383478339,0.0209832468591132,0.0119728540810685,0.0167748657475854,0.0347406913037327,0.018405123584815,0.0188714792151306,0.0257298509316143,0.0392875564908739,0.0136220817604873,0.0475285240462926,0.073288754035038,0.0173407116193994,0.0244149851821853,0.0744580815566679,0.0270717862932165,0.0845235823990168,0.040731838085041,0.0312600698197171
"SPEECH_51",NA,NA,NA,NA,NA,NA,NA,NA,NA,NA,NA,NA,NA,NA,NA,NA,NA,NA,NA,NA,NA,NA,NA,NA,NA,NA,NA,NA,NA,NA,NA,NA,NA,NA,NA,NA,NA,NA,NA,NA,NA,NA,NA,NA,NA,NA,NA,NA,NA,NA,NA,NA,NA,NA,NA,NA,NA,NA,NA,NA,0.067379754848247,0.0728006932561572,0.0103407372006603,0.0333028129868384,0.0399452905592513,0.051425327128637,0.0491656850962276,0.0138813280581651,0.0225033263110611,0.0238292844839523,0.034947695751422,0.0219784663681821,0.0175589064197423,0.0107342120881052,0.0200859059223938,0.0415076096005337,0.0484397887364314,0.0194944150885954,0.073202302503462,0.0152290207351621,0.0110775760237301,0.0872027911505494,0.0214464790019007,0.0179323752317125,0.0146632474868359,0.06330863537719,0.0245509870912601,0.0285147546250423,0.0337143772536093,0.00983621361494227,0.0271688746026515,0.0219001676044074,0.0156232420859138,0.05240065479783,0.0375814119689046,0.0388734097945324,0.0729047640628038,0.014345511517116,0.0209507795568924,0.031918665140785,0.0196622818591314,0.0498948655241439,0.0400757706356988,0.0220126591244948,0.0178021795232988,0.0134182544528442,0.0395017121990954,0.0231599408164505,0.0226182554084113,0.0364489092969366,0.0203593173498594,0.0509210229761976,0.0488379827580793,0.0524296979173141,0.0346168747311146,0.051439042973391,0.0246737640745891,0.0593631561284403,0.0165570149318561,0.022539816186816
"SPEECH_805",NA,NA,NA,NA,NA,NA,NA,NA,NA,NA,NA,NA,NA,NA,NA,NA,NA,NA,NA,NA,NA,NA,NA,NA,NA,NA,NA,NA,NA,NA,NA,NA,NA,NA,NA,NA,NA,NA,NA,NA,NA,NA,NA,NA,NA,NA,NA,NA,NA,NA,NA,NA,NA,NA,NA,NA,NA,NA,NA,NA,0.067379754848247,0.0728006932561572,0.0103407372006603,0.0333028129868384,0.0399452905592513,0.051425327128637,0.0491656850962276,0.0138813280581651,0.0225033263110611,0.0238292844839523,0.034947695751422,0.0219784663681821,0.0175589064197423,0.0107342120881052,0.0200859059223938,0.0415076096005337,0.0484397887364314,0.0194944150885954,0.073202302503462,0.0152290207351621,0.0110775760237301,0.0872027911505494,0.0214464790019007,0.0179323752317125,0.0146632474868359,0.06330863537719,0.0245509870912601,0.0285147546250423,0.0337143772536093,0.00983621361494227,0.0271688746026515,0.0219001676044074,0.0156232420859138,0.05240065479783,0.0375814119689046,0.0388734097945324,0.0729047640628038,0.014345511517116,0.0209507795568924,0.031918665140785,0.0196622818591314,0.0498948655241439,0.0400757706356988,0.0220126591244948,0.0178021795232988,0.0134182544528442,0.0395017121990954,0.0231599408164505,0.0226182554084113,0.0364489092969366,0.0203593173498594,0.0509210229761976,0.0488379827580793,0.0524296979173141,0.0346168747311146,0.051439042973391,0.0246737640745891,0.0593631561284403,0.0165570149318561,0.022539816186816
"SPEECH_764",NA,NA,NA,NA,NA,NA,NA,NA,NA,NA,NA,NA,NA,NA,NA,NA,NA,NA,NA,NA,NA,NA,NA,NA,NA,NA,NA,NA,NA,NA,NA,NA,NA,NA,NA,NA,NA,NA,NA,NA,NA,NA,NA,NA,NA,NA,NA,NA,NA,NA,NA,NA,NA,NA,NA,NA,NA,NA,NA,NA,0.0226955955770771,0.0285463831845634,0.00931721635359129,0.0655437104465789,0.0477164207365063,0.0536759559790585,0.0259249261504708,0.0299478224061544,0.0396519976067907,0.0247201174410032,0.0473916050089654,0.0314351112218802,0.0136500683987424,0.0343241033889387,0.0144484355951929,0.0774783535785503,0.0340083523918733,0.00950335689664213,0.0239190251797636,0.0210188812724416,0.010600924814216,0.0290549069049563,0.0795956536245131,0.0323546815128871,0.0364010576019444,0.0198353176003907,0.0209521608586957,0.0669599726597011,0.0337902933476369,0.0155375922602737,0.0324256491996385,0.0324857892089088,0.0194183521442696,0.0218054026946541,0.0385049734588416,0.0520664759423638,0.0302945390299349,0.0176341630076974,0.0204152075042039,0.028396571619799,0.0359523281218127,0.013255181909398,0.0285818485953901,0.0305466353716326,0.0215682693435582,0.0281105873261012,0.0760420331909689,0.0241359132151432,0.0387925953664404,0.0182850189636345,0.0261019152278468,0.0283922941220208,0.0399874230746747,0.0492855191990239,0.0706945924705293,0.0592224533636898,0.0429460276283381,0.0284675711477132,0.0206256685810959,0.025558999970676
"SPEECH_49",NA,NA,NA,NA,NA,NA,NA,NA,NA,NA,NA,NA,NA,NA,NA,NA,NA,NA,NA,NA,NA,NA,NA,NA,NA,NA,NA,NA,NA,NA,NA,NA,NA,NA,NA,NA,NA,NA,NA,NA,NA,NA,NA,NA,NA,NA,NA,NA,NA,NA,NA,NA,NA,NA,NA,NA,NA,NA,NA,NA,0.0264780190600855,0.0290474638110113,0.0123222140997707,0.0787325093300521,0.0459437985281447,0.0592540424163474,0.0584003153080461,0.0172987042217235,0.0220415831781815,0.0192325463269493,0.0276870484690957,0.0374914212236374,0.0241554264601343,0.0432597268148562,0.0275396963808097,0.0266224455562405,0.0367415347536118,0.0264245770429202,0.0269695881548393,0.027219497556648,0.0197702264149908,0.0281986800652936,0.0310840489857495,0.0257108464091733,0.0208959164484746,0.0678637668435203,0.02274593708623,0.0362217305608189,0.0532972591566926,0.0213494293359511,0.0199427531110841,0.0387773055810833,0.0112127320734464,0.0365766865201978,0.0385443066499441,0.0387421797425546,0.0397044392843647,0.0144084534452472,0.0287194828615042,0.0172267953917576,0.0541298252437726,0.0260033190573987,0.0149676965673098,0.026584521241073,0.0212623479473117,0.0666645914814431,0.0272528383022246,0.0216221035054608,0.0277488998255821,0.0219143844257394,0.0396398003008719,0.0247488406335876,0.0377653186507163,0.0263815306410957,0.0598521658877319,0.0455303272884963,0.0235338152558495,0.0622274398734301,0.0306577125990064,0.0576573866107145
"SPEECH_800",NA,NA,NA,NA,NA,NA,NA,NA,NA,NA,NA,NA,NA,NA,NA,NA,NA,NA,NA,NA,NA,NA,NA,NA,NA,NA,NA,NA,NA,NA,NA,NA,NA,NA,NA,NA,NA,NA,NA,NA,NA,NA,NA,NA,NA,NA,NA,NA,NA,NA,NA,NA,NA,NA,NA,NA,NA,NA,NA,NA,0.0264780190600855,0.0290474638110113,0.0123222140997707,0.0787325093300521,0.0459437985281447,0.0592540424163474,0.0584003153080461,0.0172987042217235,0.0220415831781815,0.0192325463269493,0.0276870484690957,0.0374914212236374,0.0241554264601343,0.0432597268148562,0.0275396963808097,0.0266224455562405,0.0367415347536118,0.0264245770429202,0.0269695881548393,0.027219497556648,0.0197702264149908,0.0281986800652936,0.0310840489857495,0.0257108464091733,0.0208959164484746,0.0678637668435203,0.02274593708623,0.0362217305608189,0.0532972591566926,0.0213494293359511,0.0199427531110841,0.0387773055810833,0.0112127320734464,0.0365766865201978,0.0385443066499441,0.0387421797425546,0.0397044392843647,0.0144084534452472,0.0287194828615042,0.0172267953917576,0.0541298252437726,0.0260033190573987,0.0149676965673098,0.026584521241073,0.0212623479473117,0.0666645914814431,0.0272528383022246,0.0216221035054608,0.0277488998255821,0.0219143844257394,0.0396398003008719,0.0247488406335876,0.0377653186507163,0.0263815306410957,0.0598521658877319,0.0455303272884963,0.0235338152558495,0.0622274398734301,0.0306577125990064,0.0576573866107145
"SPEECH_1219",NA,NA,NA,NA,NA,NA,NA,NA,NA,NA,NA,NA,NA,NA,NA,NA,NA,NA,NA,NA,NA,NA,NA,NA,NA,NA,NA,NA,NA,NA,NA,NA,NA,NA,NA,NA,NA,NA,NA,NA,NA,NA,NA,NA,NA,NA,NA,NA,NA,NA,NA,NA,NA,NA,NA,NA,NA,NA,NA,NA,0.0485632370881939,0.0504150171868641,0.0260782313180474,0.0210968215614118,0.0468859313753469,0.02796605356131,0.0530704640632962,0.0113773218224386,0.0208914398801741,0.0282704649513246,0.0235440027941051,0.0261345266538279,0.0188611610685852,0.0323047545152099,0.0235930454266118,0.0556291329556124,0.0233729881626533,0.0193956663828722,0.0262169467023674,0.033008787800852,0.0182007160162842,0.0542514053814816,0.0503213095437936,0.0222622938713497,0.022485799924938,0.0789551441483279,0.0313272064319868,0.0289361660595393,0.053803053368776,0.0227809099824182,0.0115168393252099,0.0177620885874971,0.00776603854583999,0.207370046923735,0.0396295890604963,0.0431281235927582,0.00848134612810036,0.0121541435284303,0.0100082207816492,0.0125026692645664,0.0149971177474837,0.0101824836497173,0.0187479185268536,0.0304451060901276,0.0168907742471568,0.0303073554420357,0.0317379706065565,0.0166019957800725,0.0125989287535945,0.0223244564381555,0.0361858228581987,0.0161754666648964,0.00616116051325117,0.097147953047498,0.00384097489840198,0.00643168287034732,0.00919665371036073,0.0780404444754245,0.163630067038649,0.00803656090293614
"SPEECH_19",NA,NA,NA,NA,NA,NA,NA,NA,NA,NA,NA,NA,NA,NA,NA,NA,NA,NA,NA,NA,NA,NA,NA,NA,NA,NA,NA,NA,NA,NA,NA,NA,NA,NA,NA,NA,NA,NA,NA,NA,NA,NA,NA,NA,NA,NA,NA,NA,NA,NA,NA,NA,NA,NA,NA,NA,NA,NA,NA,NA,0.0295212106560502,0.0443559386114632,0.0127662765854587,0.0339110302298147,0.0343210837226825,0.0542942221034556,0.0371453753990357,0.0217789351715972,0.0290248567173487,0.0160252006077897,0.0302810728259481,0.0469697776221348,0.0129579727505036,0.0510151301925035,0.010967797654457,0.046495653187485,0.0781021235352405,0.0143787276689861,0.0426788772567394,0.0144203266921442,0.0281652999591863,0.0383615867350784,0.0733548717857151,0.0122408983740171,0.0328264143229904,0.0487927813000193,0.0248501265111396,0.040673733151366,0.0212170177900594,0.0181056808795901,0.0251328810775562,0.0285476168022479,0.0105901943852915,0.0436681546499608,0.0250082350808642,0.0595596983841252,0.0262438247094355,0.0148466017224759,0.0216489294153612,0.00932347849539353,0.0619216888257405,0.0175926437244354,0.0118400739192916,0.0179621403232372,0.0194298719475011,0.0475130825466248,0.048066669989697,0.0189593061032125,0.0687932173752823,0.0292709831973898,0.0168321160219371,0.0326183809686453,0.0757981816317653,0.0158793510092196,0.0398648533650624,0.0586256641742611,0.0357305269552518,0.064567025062265,0.0376363234498592,0.0165282846866091
"SPEECH_860",NA,NA,NA,NA,NA,NA,NA,NA,NA,NA,NA,NA,NA,NA,NA,NA,NA,NA,NA,NA,NA,NA,NA,NA,NA,NA,NA,NA,NA,NA,NA,NA,NA,NA,NA,NA,NA,NA,NA,NA,NA,NA,NA,NA,NA,NA,NA,NA,NA,NA,NA,NA,NA,NA,NA,NA,NA,NA,NA,NA,0.0295212106560502,0.0443559386114632,0.0127662765854587,0.0339110302298147,0.0343210837226825,0.0542942221034556,0.0371453753990357,0.0217789351715972,0.0290248567173487,0.0160252006077897,0.0302810728259481,0.0469697776221348,0.0129579727505036,0.0510151301925035,0.010967797654457,0.046495653187485,0.0781021235352405,0.0143787276689861,0.0426788772567394,0.0144203266921442,0.0281652999591863,0.0383615867350784,0.0733548717857151,0.0122408983740171,0.0328264143229904,0.0487927813000193,0.0248501265111396,0.040673733151366,0.0212170177900594,0.0181056808795901,0.0251328810775562,0.0285476168022479,0.0105901943852915,0.0436681546499608,0.0250082350808642,0.0595596983841252,0.0262438247094355,0.0148466017224759,0.0216489294153612,0.00932347849539353,0.0619216888257405,0.0175926437244354,0.0118400739192916,0.0179621403232372,0.0194298719475011,0.0475130825466248,0.048066669989697,0.0189593061032125,0.0687932173752823,0.0292709831973898,0.0168321160219371,0.0326183809686453,0.0757981816317653,0.0158793510092196,0.0398648533650624,0.0586256641742611,0.0357305269552518,0.064567025062265,0.0376363234498592,0.0165282846866091
"SPEECH_780",NA,NA,NA,NA,NA,NA,NA,NA,NA,NA,NA,NA,NA,NA,NA,NA,NA,NA,NA,NA,NA,NA,NA,NA,NA,NA,NA,NA,NA,NA,NA,NA,NA,NA,NA,NA,NA,NA,NA,NA,NA,NA,NA,NA,NA,NA,NA,NA,NA,NA,NA,NA,NA,NA,NA,NA,NA,NA,NA,NA,0.0488287345303747,0.0328576637714677,0.0259214098936423,0.0461704568735439,0.056892854000957,0.0230950299161866,0.0209621456306328,0.0420868351175685,0.0490337679394347,0.0163804849553845,0.0465868836502294,0.014836714563486,0.0196319236228701,0.0158720024918934,0.0159622531555012,0.0294746135504275,0.0228250414452392,0.0254251074129187,0.0355462726266005,0.0173050741615806,0.00997742238375193,0.0368568029291097,0.0597809242113179,0.0176125883235502,0.0560741613459407,0.0780294706556375,0.0820280613321807,0.0196718269245153,0.0133223298934603,0.0209511426905963,0.0211934581643405,0.0591584942862288,0.0104433030335186,0.0361234989360636,0.0236288023220849,0.0362341957132568,0.0478931850132504,0.0160319400473158,0.0242971344624074,0.0295363141050385,0.0208000205799171,0.0223278133254663,0.0113808933850117,0.0247109331828219,0.0287600873673019,0.0480512989574685,0.0302569584469651,0.0257027118095662,0.0339157252500129,0.0190090711264736,0.0151309498855704,0.0320323263186002,0.0654841143477225,0.0207145511981855,0.0681007826128519,0.08762809737485,0.0491521704772204,0.0253457823800485,0.045840193930246,0.021115191960194
"SPEECH_1224",NA,NA,NA,NA,NA,NA,NA,NA,NA,NA,NA,NA,NA,NA,NA,NA,NA,NA,NA,NA,NA,NA,NA,NA,NA,NA,NA,NA,NA,NA,NA,NA,NA,NA,NA,NA,NA,NA,NA,NA,NA,NA,NA,NA,NA,NA,NA,NA,NA,NA,NA,NA,NA,NA,NA,NA,NA,NA,NA,NA,0.0227602245746617,0.0470550769067929,0.012566487711128,0.0227191443092932,0.0640440376626926,0.0354001408470514,0.0305553132847249,0.0168954990257634,0.0259987440831889,0.0117346590437129,0.0825270657583104,0.0282658548961838,0.0464888143816785,0.057043169472036,0.0213701770664913,0.0439426825251834,0.0204401692166536,0.0248736596555641,0.0303280290423921,0.0207286497658722,0.0126878679170513,0.0148029638481349,0.0598113049056895,0.0122710763938299,0.0741693057345168,0.0502239578021053,0.0517948220889782,0.0145951996752365,0.0289810423074171,0.0149248600976652,0.0538383384705154,0.0285153822865494,0.0211933100087292,0.0317378707698657,0.0974411814911805,0.0152511987287112,0.0422652785549446,0.0186210902577395,0.0237430769988172,0.0209950456453544,0.0377739638973234,0.0557291515674701,0.0262632130928365,0.0341809857069144,0.0538624708846045,0.0479597727234043,0.0272448120634134,0.018324642530751,0.043322251845439,0.0396816859492965,0.0116187544342703,0.0134713948383925,0.0453841022112595,0.0109557064384252,0.0274645812187243,0.0443751376404131,0.0534361397857231,0.0187269338029861,0.0173224860083357,0.0193000401476102
"SPEECH_813",NA,NA,NA,NA,NA,NA,NA,NA,NA,NA,NA,NA,NA,NA,NA,NA,NA,NA,NA,NA,NA,NA,NA,NA,NA,NA,NA,NA,NA,NA,NA,NA,NA,NA,NA,NA,NA,NA,NA,NA,NA,NA,NA,NA,NA,NA,NA,NA,NA,NA,NA,NA,NA,NA,NA,NA,NA,NA,NA,NA,0.0393563333673929,0.0129172681424067,0.00943405379572613,0.0300768106806785,0.0226538973636763,0.0561140127716645,0.0574161473019521,0.0173461252049139,0.0294376351975289,0.0108376644631672,0.04460835292346,0.12179716013391,0.0172888067553217,0.0806069798729716,0.0209854069885387,0.0393688319653762,0.0222024967108091,0.0148926987245414,0.0240044483630602,0.0104526351896393,0.0339177606636482,0.0116903405542839,0.0108778411158151,0.0215331374154283,0.135914634492584,0.0126449255037403,0.0267788633940568,0.00880050167534079,0.0321569960176985,0.0238872332506684,0.0372793820751869,0.0232963839108044,0.0168949170214811,0.0328464452545843,0.064107411804629,0.0206417159180604,0.0234881873266584,0.0196771681500263,0.0323844260844849,0.0268366531837041,0.0268449465024846,0.0315285551766046,0.0242218890313332,0.027244520783525,0.0259619380643384,0.0560271570396801,0.0687810169893312,0.0135775183801098,0.0698807357064538,0.0173957703009849,0.037828132035535,0.021271846856287,0.0179313550703035,0.0393671252176768,0.044529320338981,0.0585556142460045,0.0241201209368782,0.0376623331909308,0.0283259735701658,0.031491439832772
"SPEECH_109",NA,NA,NA,NA,NA,NA,NA,NA,NA,NA,NA,NA,NA,NA,NA,NA,NA,NA,NA,NA,NA,NA,NA,NA,NA,NA,NA,NA,NA,NA,NA,NA,NA,NA,NA,NA,NA,NA,NA,NA,NA,NA,NA,NA,NA,NA,NA,NA,NA,NA,NA,NA,NA,NA,NA,NA,NA,NA,NA,NA,0.0375113395657036,0.0139714799027431,0.00884104973770689,0.0782992243227054,0.0369542707065367,0.0523672498155946,0.0333524580037344,0.0142269135576913,0.0250779658030966,0.0233037043467498,0.0654811169009257,0.0148089941581599,0.0112656382161168,0.0665973943243691,0.0195847288439481,0.063888859701006,0.0158484852189907,0.0142220089876428,0.0197275868021389,0.0207651635655054,0.0162459993830824,0.0201033854196681,0.0387935458130037,0.0404621735424453,0.065905438035393,0.0473252002137563,0.0364325482442642,0.0498253984412353,0.0284573900424775,0.0203532883836084,0.0332432517519073,0.0343860083583519,0.021345010388385,0.0172132885916017,0.0490406287053685,0.0528945645679545,0.0486710589183724,0.0231994885979985,0.0360148853635651,0.015124899757854,0.0669956440191167,0.019742855820674,0.0114704355873645,0.0153279266073415,0.0293616788739346,0.0332793725271112,0.0568364738656463,0.0219480182694461,0.0719320070336237,0.0229657230026537,0.0150291699568829,0.0214081966161941,0.0520792897559054,0.0155601060089936,0.0121496949381161,0.0574112146212867,0.0565111827054318,0.0528445768874164,0.0152462742205331,0.0207670736809688
"SPEECH_1268",NA,NA,NA,NA,NA,NA,NA,NA,NA,NA,NA,NA,NA,NA,NA,NA,NA,NA,NA,NA,NA,NA,NA,NA,NA,NA,NA,NA,NA,NA,NA,NA,NA,NA,NA,NA,NA,NA,NA,NA,NA,NA,NA,NA,NA,NA,NA,NA,NA,NA,NA,NA,NA,NA,NA,NA,NA,NA,NA,NA,0.0285776639304991,0.0277747134748424,0.0103733829572081,0.0297664501125956,0.0250603607694566,0.0267781717925382,0.0341864119808906,0.00980603707388198,0.0207468475019796,0.01598917392257,0.0416828000451337,0.0326823339108323,0.0146589070320787,0.0228592543791093,0.0156735846217035,0.0911059042547734,0.0557758101511308,0.0140353601428751,0.0385002649743478,0.0218046133267455,0.0372985929877618,0.0323025843740961,0.077299117084896,0.0203250788429238,0.0600242453999685,0.0123427021464151,0.0121336545068262,0.0774021826683087,0.0559609627393822,0.0370728328942294,0.03922785645964,0.0231974177265014,0.0113127500460269,0.0385634781711201,0.0266262291083929,0.0398775398449302,0.0326052490154915,0.015173818040884,0.0402920727110285,0.0125311776757771,0.0807881881329273,0.0534780414173437,0.0136653574759182,0.0390100729031975,0.0234903904477379,0.0760103584180818,0.0201788849001098,0.0142047950612175,0.032666712397842,0.0178092859144205,0.0301203110771538,0.0229245411180174,0.0502576650554902,0.0184633847002608,0.0412895704842013,0.0522392581991315,0.0239937597944791,0.0633296647060714,0.0222355205379863,0.0244366484586195
"SPEECH_1277",NA,NA,NA,NA,NA,NA,NA,NA,NA,NA,NA,NA,NA,NA,NA,NA,NA,NA,NA,NA,NA,NA,NA,NA,NA,NA,NA,NA,NA,NA,NA,NA,NA,NA,NA,NA,NA,NA,NA,NA,NA,NA,NA,NA,NA,NA,NA,NA,NA,NA,NA,NA,NA,NA,NA,NA,NA,NA,NA,NA,0.046328212475128,0.0355928045398954,0.0137685242359826,0.0738949917603266,0.0383636555751714,0.0131149041698466,0.0786578436515215,0.00973545609243239,0.0334420261229383,0.0449057929859541,0.0755162698917742,0.0902769287156419,0.0138749878029216,0.0237090623955787,0.023892799976621,0.0530961645796158,0.0141421800355739,0.0130649969660536,0.0210896979512395,0.0229379717081693,0.0162916619948193,0.0150550467172974,0.013338838358059,0.0132390239504731,0.0243419648107575,0.0921551429439829,0.0169951892647482,0.014937576096024,0.0356092220588386,0.0186310621726137,0.0249226311980512,0.0336748456325537,0.0192438580614359,0.0374894471125794,0.0501522233122621,0.0471608296635103,0.0353886336620316,0.012110287812347,0.0412337603752967,0.0160284541708074,0.0347702375510475,0.00897154737762977,0.0377090504860136,0.0767265256155067,0.0156165099756795,0.0517732258726048,0.0417680401368879,0.020368057219662,0.0354782478738766,0.0205717294449831,0.0427163192714242,0.054080654628654,0.0244144288201832,0.0136616495849336,0.0422537285726658,0.0521857017731334,0.022927036297997,0.0518342127575451,0.0238853224419204,0.0108828032967765
"SPEECH_758",NA,NA,NA,NA,NA,NA,NA,NA,NA,NA,NA,NA,NA,NA,NA,NA,NA,NA,NA,NA,NA,NA,NA,NA,NA,NA,NA,NA,NA,NA,NA,NA,NA,NA,NA,NA,NA,NA,NA,NA,NA,NA,NA,NA,NA,NA,NA,NA,NA,NA,NA,NA,NA,NA,NA,NA,NA,NA,NA,NA,0.0521977666982749,0.0399504091395805,0.0156758000259931,0.0190107778931786,0.0282458438129946,0.0135674001878546,0.018433364989512,0.00620933358042465,0.0393598887142066,0.023278465232055,0.135665077976696,0.0213889794400609,0.00579647419527956,0.0439624191355675,0.0153912563229312,0.0756344336514474,0.0379088892472607,0.0178491729052751,0.0251832478838495,0.00941495885878566,0.0115793955591086,0.0129407595467446,0.00614761666839784,0.00631866513742186,0.105995445663324,0.0874796486640077,0.0278573524549301,0.0233284326504018,0.0196120721712644,0.0546166515931704,0.032115994310461,0.0310936100430495,0.0194669414144728,0.0129952516149575,0.13314974599698,0.0129763159672136,0.0164569372815968,0.00871567461561841,0.033893643572413,0.0218470136352745,0.0187065505280272,0.00871567461561841,0.0194242558009015,0.0121329358857461,0.047044943418194,0.0820642529545239,0.0898699611477495,0.0215822864452925,0.0271500603850168,0.0475434012282843,0.017159184472608,0.0326068838919148,0.0205981151994957,0.0160730883840455,0.0154328142312449,0.0310657292113926,0.0301841260575419,0.0477465172077196,0.0408477200032806,0.0513403704793654
"SPEECH_77",NA,NA,NA,NA,NA,NA,NA,NA,NA,NA,NA,NA,NA,NA,NA,NA,NA,NA,NA,NA,NA,NA,NA,NA,NA,NA,NA,NA,NA,NA,NA,NA,NA,NA,NA,NA,NA,NA,NA,NA,NA,NA,NA,NA,NA,NA,NA,NA,NA,NA,NA,NA,NA,NA,NA,NA,NA,NA,NA,NA,0.0306646959759119,0.046496568684877,0.0196237442604582,0.0264225298223333,0.0315145457641184,0.0342685882582403,0.0482169206569308,0.0191057522404119,0.0327714348902169,0.103690966617945,0.0242617717332827,0.0823403019023645,0.0430037561268507,0.0352520052803109,0.0197402687906108,0.0327975608671143,0.026744137998867,0.0205563869977365,0.019252780447936,0.0190647410806478,0.0376444632374676,0.0450802682425888,0.0275999894468263,0.0121821377720692,0.0229360788430025,0.0214509699794293,0.0429482889312236,0.0265781500118472,0.0205446295417071,0.0272455655966728,0.0221698730953541,0.0274788691382257,0.0179175580853738,0.0373551209815137,0.0470428166424177,0.0340021709215133,0.0388209354896209,0.0220402374706942,0.0386353725380402,0.0338784954091435,0.0475678502473025,0.0153663769788179,0.0264957303645231,0.0183125093565568,0.0158685592088736,0.0292292480097785,0.0513624559440205,0.0172163862338626,0.0344550928116906,0.0201466915446929,0.0220225764709507,0.0356869778996865,0.0697043816599692,0.0378821902823539,0.0166710009555005,0.0623127075914601,0.0384684113139325,0.0530608382280092,0.0516477340829422,0.0171808310431789
"SPEECH_1252",NA,NA,NA,NA,NA,NA,NA,NA,NA,NA,NA,NA,NA,NA,NA,NA,NA,NA,NA,NA,NA,NA,NA,NA,NA,NA,NA,NA,NA,NA,NA,NA,NA,NA,NA,NA,NA,NA,NA,NA,NA,NA,NA,NA,NA,NA,NA,NA,NA,NA,NA,NA,NA,NA,NA,NA,NA,NA,NA,NA,0.0227062128516776,0.0389039711586743,0.0179992125841486,0.0200768692523361,0.0442248449682536,0.0132445899387644,0.0330925313532489,0.015181399816689,0.0217922073212653,0.0341366936156782,0.0234754974170318,0.0317084185781297,0.0179681192787004,0.024546878810114,0.0239184410350226,0.0370292923877091,0.118562755156223,0.0170220657751254,0.0249081872377208,0.0288916159823216,0.0113077800608397,0.0357258046313225,0.0206276015157755,0.0122208309235374,0.0128347044655877,0.124239164983972,0.0994328570725522,0.0214609820274552,0.0381472859869951,0.0146131838131279,0.0538057878170181,0.0232571768859222,0.0117259373199532,0.0118503023576131,0.0308367027202364,0.0395979015795851,0.0341780357991064,0.0151730891138236,0.0291956896042659,0.0226232821209099,0.0361782159044697,0.0316542117709756,0.0186392857682771,0.0311124532932551,0.0270517197873832,0.0600782063264301,0.0736499736975667,0.0211494273338231,0.0240326414361855,0.0280817921626959,0.04798303912639,0.0602256178851833,0.0152228767936728,0.0373291059334239,0.0241272138843222,0.0677632532488086,0.051029726508525,0.0291585805112115,0.0176534122757414,0.0256353410332254
"SPEECH_785",NA,NA,NA,NA,NA,NA,NA,NA,NA,NA,NA,NA,NA,NA,NA,NA,NA,NA,NA,NA,NA,NA,NA,NA,NA,NA,NA,NA,NA,NA,NA,NA,NA,NA,NA,NA,NA,NA,NA,NA,NA,NA,NA,NA,NA,NA,NA,NA,NA,NA,NA,NA,NA,NA,NA,NA,NA,NA,NA,NA,0.0154494950382558,0.0261110517496346,0.0127810231171148,0.0724633495697119,0.03800696158712,0.044960261486948,0.0282786093032544,0.0183389969036659,0.0244162214063493,0.126990602512168,0.0463265281587951,0.0133410055157345,0.0152271969219227,0.0486299399174129,0.0268555849378669,0.0466082582341935,0.023226450916989,0.0194645031987874,0.0334385564972869,0.0180035571739764,0.0160339831672279,0.0136100673506326,0.0139852511927994,0.0809245156457284,0.0314452164764332,0.0202914555196336,0.0167509432072633,0.0312127324163663,0.0406684018649468,0.0361592790117804,0.0273682353430637,0.0348415390046723,0.0189819228564111,0.0111528757221004,0.0845370516708582,0.0177732164314461,0.0196870370087135,0.0156717525017383,0.0341413814692268,0.0272778360927685,0.0188340740564505,0.00666118952636332,0.0200516079800084,0.0164905856065008,0.0801767394247668,0.0303448017803287,0.0100831905985031,0.0328575704974108,0.0392447141851073,0.0356894509283287,0.0115894828583824,0.029323738707804,0.00666118952636332,0.0113386308395477,0.0171780447616176,0.124603698813175,0.106211393068654,0.0602450028962378,0.0344282515705552,0.0165537942728951
"SPEECH_867",NA,NA,NA,NA,NA,NA,NA,NA,NA,NA,NA,NA,NA,NA,NA,NA,NA,NA,NA,NA,NA,NA,NA,NA,NA,NA,NA,NA,NA,NA,NA,NA,NA,NA,NA,NA,NA,NA,NA,NA,NA,NA,NA,NA,NA,NA,NA,NA,NA,NA,NA,NA,NA,NA,NA,NA,NA,NA,NA,NA,0.0154494950382558,0.0261110517496346,0.0127810231171148,0.0724633495697119,0.03800696158712,0.044960261486948,0.0282786093032544,0.0183389969036659,0.0244162214063493,0.126990602512168,0.0463265281587951,0.0133410055157345,0.0152271969219227,0.0486299399174129,0.0268555849378669,0.0466082582341935,0.023226450916989,0.0194645031987874,0.0334385564972869,0.0180035571739764,0.0160339831672279,0.0136100673506326,0.0139852511927994,0.0809245156457284,0.0314452164764332,0.0202914555196336,0.0167509432072633,0.0312127324163663,0.0406684018649468,0.0361592790117804,0.0273682353430637,0.0348415390046723,0.0189819228564111,0.0111528757221004,0.0845370516708582,0.0177732164314461,0.0196870370087135,0.0156717525017383,0.0341413814692268,0.0272778360927685,0.0188340740564505,0.00666118952636332,0.0200516079800084,0.0164905856065008,0.0801767394247668,0.0303448017803287,0.0100831905985031,0.0328575704974108,0.0392447141851073,0.0356894509283287,0.0115894828583824,0.029323738707804,0.00666118952636332,0.0113386308395477,0.0171780447616176,0.124603698813175,0.106211393068654,0.0602450028962378,0.0344282515705552,0.0165537942728951
"SPEECH_114",NA,NA,NA,NA,NA,NA,NA,NA,NA,NA,NA,NA,NA,NA,NA,NA,NA,NA,NA,NA,NA,NA,NA,NA,NA,NA,NA,NA,NA,NA,NA,NA,NA,NA,NA,NA,NA,NA,NA,NA,NA,NA,NA,NA,NA,NA,NA,NA,NA,NA,NA,NA,NA,NA,NA,NA,NA,NA,NA,NA,0.0281032177117941,0.0175292945917828,0.0227797894772418,0.0312590524931114,0.0475585076720471,0.0177197542095208,0.0275411180813069,0.0260670430751835,0.0201057425097166,0.0302626110721533,0.0400533618115601,0.0352242434498872,0.034892076929768,0.0647877452835269,0.0371901820504537,0.021201788578905,0.0390854852526712,0.0173248988516083,0.0267177312617481,0.0205557581045573,0.0506700077305259,0.0206213500905415,0.0138613405334354,0.0460469615219041,0.0938525007446618,0.0668460989274924,0.0181599619404162,0.0210427516816775,0.0272700787301682,0.0356695456306328,0.0510254091619433,0.0130785718429473,0.00915229967866376,0.0267604048770951,0.0193546481439412,0.0802741968468987,0.0452547246531169,0.0158565165044484,0.012444364337012,0.0138066502059324,0.0424661558154132,0.106275918964679,0.0179385350819981,0.0246837184496469,0.0436673565360874,0.0152459334236494,0.104806513126901,0.00962538042772757,0.0321042088434942,0.0166374135783863,0.00691118995580221,0.0283459267461843,0.0113632506448989,0.0117910569217159,0.018086081532861,0.0907345057605848,0.0147019047711497,0.0616780254140376,0.0477250619727935,0.00820407577999025
"SPEECH_757",NA,NA,NA,NA,NA,NA,NA,NA,NA,NA,NA,NA,NA,NA,NA,NA,NA,NA,NA,NA,NA,NA,NA,NA,NA,NA,NA,NA,NA,NA,NA,NA,NA,NA,NA,NA,NA,NA,NA,NA,NA,NA,NA,NA,NA,NA,NA,NA,NA,NA,NA,NA,NA,NA,NA,NA,NA,NA,NA,NA,0.0281032177117941,0.0175292945917828,0.0227797894772418,0.0312590524931114,0.0475585076720471,0.0177197542095208,0.0275411180813069,0.0260670430751835,0.0201057425097166,0.0302626110721533,0.0400533618115601,0.0352242434498872,0.034892076929768,0.0647877452835269,0.0371901820504537,0.021201788578905,0.0390854852526712,0.0173248988516083,0.0267177312617481,0.0205557581045573,0.0506700077305259,0.0206213500905415,0.0138613405334354,0.0460469615219041,0.0938525007446618,0.0668460989274924,0.0181599619404162,0.0210427516816775,0.0272700787301682,0.0356695456306328,0.0510254091619433,0.0130785718429473,0.00915229967866376,0.0267604048770951,0.0193546481439412,0.0802741968468987,0.0452547246531169,0.0158565165044484,0.012444364337012,0.0138066502059324,0.0424661558154132,0.106275918964679,0.0179385350819981,0.0246837184496469,0.0436673565360874,0.0152459334236494,0.104806513126901,0.00962538042772757,0.0321042088434942,0.0166374135783863,0.00691118995580221,0.0283459267461843,0.0113632506448989,0.0117910569217159,0.018086081532861,0.0907345057605848,0.0147019047711497,0.0616780254140376,0.0477250619727935,0.00820407577999025
"SPEECH_1264",NA,NA,NA,NA,NA,NA,NA,NA,NA,NA,NA,NA,NA,NA,NA,NA,NA,NA,NA,NA,NA,NA,NA,NA,NA,NA,NA,NA,NA,NA,NA,NA,NA,NA,NA,NA,NA,NA,NA,NA,NA,NA,NA,NA,NA,NA,NA,NA,NA,NA,NA,NA,NA,NA,NA,NA,NA,NA,NA,NA,0.0273682353430637,0.0348415390046723,0.0189819228564111,0.0111528757221004,0.0845370516708582,0.0177732164314461,0.0196870370087135,0.0156717525017383,0.0341413814692268,0.0272778360927685,0.0188340740564505,0.00666118952636332,0.0200516079800084,0.0164905856065008,0.0801767394247668,0.0303448017803287,0.0100831905985031,0.0328575704974108,0.0392447141851073,0.0356894509283287,0.0115894828583824,0.029323738707804,0.00666118952636332,0.0113386308395477,0.0171780447616176,0.124603698813175,0.106211393068654,0.0602450028962378,0.0344282515705552,0.0165537942728951,0.0293736207653605,0.0320668652860433,0.0162045157567751,0.0173960156201404,0.0931805523579242,0.0207185911629331,0.0437722066529441,0.0191688774144225,0.0415844411561966,0.0137467133870009,0.0292301675470759,0.0189644097742228,0.0251069816302037,0.0245760029493664,0.0385459527488559,0.0399060299975597,0.0576938210649454,0.0260273910466995,0.0338561012658682,0.0296879786871527,0.0222645871448312,0.019825221901083,0.0192610508511581,0.0355926497158696,0.0220630065842839,0.0830381734183795,0.0424386252079149,0.0331456553878707,0.0256821769367098,0.0458816165802082
"SPEECH_861",NA,NA,NA,NA,NA,NA,NA,NA,NA,NA,NA,NA,NA,NA,NA,NA,NA,NA,NA,NA,NA,NA,NA,NA,NA,NA,NA,NA,NA,NA,NA,NA,NA,NA,NA,NA,NA,NA,NA,NA,NA,NA,NA,NA,NA,NA,NA,NA,NA,NA,NA,NA,NA,NA,NA,NA,NA,NA,NA,NA,0.0221279410109197,0.0114896431385793,0.0141281098727907,0.166884779916695,0.0141281098727907,0.0141492176066644,0.0207770460430035,0.0168087920747495,0.0737574580659687,0.0220857255431724,0.0194472588089609,0.0167665766070021,0.0247030845435101,0.0260328717775526,0.015479004840707,0.0114896431385793,0.0167876843408758,0.0114896431385793,0.0591086907576269,0.0088300686704942,0.0194261510750872,0.105883429021727,0.0181174715749184,0.0446498930541484,0.0181174715749184,0.0604806934594169,0.0194261510750872,0.0779578971068333,0.0273837667454689,0.0220857255431724,0.027475090573165,0.0247624738786865,0.0128458938739323,0.0731113350237893,0.0206080167698979,0.040053554931563,0.0423769914812594,0.0199861717902205,0.0254694746184724,0.0192654680891265,0.0188212799588105,0.0248923754870715,0.0146611123661676,0.0635750140464653,0.0406547292978214,0.0349490721754455,0.0462271929361688,0.0157624368657961,0.0403421211803752,0.0159450082946284,0.0277961043202504,0.0225347311549244,0.0430534333836484,0.0364997842090151,0.0305370584561063,0.0654025218750917,0.0158473245212004,0.0521356243997261,0.0729090592203369,0.0114995448208374
"SPEECH_62",NA,NA,NA,NA,NA,NA,NA,NA,NA,NA,NA,NA,NA,NA,NA,NA,NA,NA,NA,NA,NA,NA,NA,NA,NA,NA,NA,NA,NA,NA,NA,NA,NA,NA,NA,NA,NA,NA,NA,NA,NA,NA,NA,NA,NA,NA,NA,NA,NA,NA,NA,NA,NA,NA,NA,NA,NA,NA,NA,NA,0.0453199862469972,0.0361849394730003,0.0109786490984972,0.0749969756259068,0.016092473481785,0.152936687187263,0.096255492492766,0.0217021351082544,0.0117828358698332,0.0490120422279622,0.019573509251739,0.0237444468585125,0.00862472059651684,0.0681027435280813,0.0162987243950164,0.0444559965549263,0.05179246645683,0.0111372834105872,0.0174535139572198,0.015527871790368,0.0139947971430673,0.0206616304805674,0.00696634580381369,0.0394752203043592,0.0426645736295025,0.0141977808327308,0.0324146059071255,0.0189223049200353,0.0120801701871015,0.00664907717963372,0.0320706228854695,0.0307108925219561,0.0119003902927413,0.0726251504295483,0.0299351046772862,0.0529949102656954,0.0453222561788488,0.00918979154415588,0.0235536353872911,0.0119363421558823,0.025228094651341,0.0607231405230771,0.0239492155112328,0.035879724243694,0.0711610238947467,0.0360608314482368,0.0170164102046293,0.0216353223816062,0.0257829263975879,0.0292763237289915,0.0106699176514908,0.0232007819772242,0.0198130396482264,0.0262816530244158,0.0114913476343331,0.0843920350334974,0.0477383564956212,0.027894553252283,0.0657918220146703,0.0157743839442196
"SPEECH_85",NA,NA,NA,NA,NA,NA,NA,NA,NA,NA,NA,NA,NA,NA,NA,NA,NA,NA,NA,NA,NA,NA,NA,NA,NA,NA,NA,NA,NA,NA,NA,NA,NA,NA,NA,NA,NA,NA,NA,NA,NA,NA,NA,NA,NA,NA,NA,NA,NA,NA,NA,NA,NA,NA,NA,NA,NA,NA,NA,NA,0.027475090573165,0.0247624738786865,0.0128458938739323,0.0731113350237893,0.0206080167698979,0.040053554931563,0.0423769914812594,0.0199861717902205,0.0254694746184724,0.0192654680891265,0.0188212799588105,0.0248923754870715,0.0146611123661676,0.0635750140464653,0.0406547292978214,0.0349490721754455,0.0462271929361688,0.0157624368657961,0.0403421211803752,0.0159450082946284,0.0277961043202504,0.0225347311549244,0.0430534333836484,0.0364997842090151,0.0305370584561063,0.0654025218750917,0.0158473245212004,0.0521356243997261,0.0729090592203369,0.0114995448208374,0.0226427163206512,0.038417031229116,0.0113340540515544,0.0559213315170434,0.0884156886181658,0.0254568715865634,0.036663336993545,0.0141792388324764,0.0268765669813707,0.0160136643323955,0.0237841486230877,0.0411813555449276,0.036655502057028,0.0313919659828128,0.0457255038653711,0.0231154753981762,0.0371577847350416,0.0155881652961805,0.0451737681059846,0.039839103194751,0.0224476354448277,0.0293076062068572,0.0221389724532253,0.0213600589871619,0.0244172198886119,0.0724536417373788,0.0247530160948224,0.0158302081884266,0.053097001797357,0.0386613659350888
"SPEECH_840",NA,NA,NA,NA,NA,NA,NA,NA,NA,NA,NA,NA,NA,NA,NA,NA,NA,NA,NA,NA,NA,NA,NA,NA,NA,NA,NA,NA,NA,NA,NA,NA,NA,NA,NA,NA,NA,NA,NA,NA,NA,NA,NA,NA,NA,NA,NA,NA,NA,NA,NA,NA,NA,NA,NA,NA,NA,NA,NA,NA,0.00848303393213573,0.125249500998004,0.0249500998003992,0.0713572854291417,0.0459081836327345,0.0204590818363273,0.0129740518962076,0.0114770459081836,0.0204590818363273,0.0578842315369261,0.0219560878243513,0.0129740518962076,0.00548902195608782,0.0114770459081836,0.0414171656686627,0.00848303393213573,0.00548902195608782,0.0189620758483034,0.0219560878243513,0.0414171656686627,0.00848303393213573,0.0743512974051896,0.0144710578842315,0.00848303393213573,0.00399201596806387,0.200099800399202,0.0518962075848303,0.032435129740519,0.00848303393213573,0.00848303393213573,0.056099249149696,0.0257200575366391,0.0166391855523292,0.0313901414098465,0.0779949646390407,0.0208765326201929,0.043515167619667,0.0105515327267109,0.0171171420676226,0.0173607894758491,0.101269573034097,0.0301443614544075,0.0287993719224556,0.0449228020476963,0.016680845281652,0.0606724573250912,0.0207160047990739,0.0111495215238522,0.0286530084463376,0.0517035668135606,0.0160277371702269,0.0175986191761353,0.0146807323030478,0.0182008071861837,0.0199305201557089,0.0662679520383906,0.0199184496618481,0.0245206501470818,0.0315363670513812,0.0593418896641784
"SPEECH_99",NA,NA,NA,NA,NA,NA,NA,NA,NA,NA,NA,NA,NA,NA,NA,NA,NA,NA,NA,NA,NA,NA,NA,NA,NA,NA,NA,NA,NA,NA,NA,NA,NA,NA,NA,NA,NA,NA,NA,NA,NA,NA,NA,NA,NA,NA,NA,NA,NA,NA,NA,NA,NA,NA,NA,NA,NA,NA,NA,NA,0.0132275132275132,0.037037037037037,0.0211640211640212,0.044973544973545,0.100529100529101,0.044973544973545,0.0291005291005291,0.0211640211640212,0.0529100529100529,0.0291005291005291,0.0211640211640212,0.0211640211640212,0.0846560846560847,0.0291005291005291,0.0211640211640212,0.0132275132275132,0.0132275132275132,0.0132275132275132,0.0132275132275132,0.0132275132275132,0.0291005291005291,0.0132275132275132,0.0211640211640212,0.0608465608465609,0.037037037037037,0.0529100529100529,0.0132275132275132,0.037037037037037,0.0687830687830688,0.0291005291005291,0.0265455589722091,0.0251202651919994,0.0242165754431575,0.0172971195026263,0.0683089180648777,0.0262187116180803,0.0245851814016726,0.0145041245530371,0.0477526930915937,0.0364136549388798,0.0183571180931407,0.0205224825798012,0.0302511150484204,0.0194154242349584,0.0278362969044553,0.0231352895808774,0.0301257894303926,0.0185617776924302,0.0382523937337317,0.0433170826836787,0.0255296408295778,0.0173670280632874,0.0290108361590155,0.0229288892330421,0.0294809836646277,0.102060060020952,0.0500213154882177,0.0886253492405007,0.0365724648200481,0.0176658597207104
"SPEECH_1253",NA,NA,NA,NA,NA,NA,NA,NA,NA,NA,NA,NA,NA,NA,NA,NA,NA,NA,NA,NA,NA,NA,NA,NA,NA,NA,NA,NA,NA,NA,NA,NA,NA,NA,NA,NA,NA,NA,NA,NA,NA,NA,NA,NA,NA,NA,NA,NA,NA,NA,NA,NA,NA,NA,NA,NA,NA,NA,NA,NA,0.0132275132275132,0.037037037037037,0.0211640211640212,0.044973544973545,0.100529100529101,0.044973544973545,0.0291005291005291,0.0211640211640212,0.0529100529100529,0.0291005291005291,0.0211640211640212,0.0211640211640212,0.0846560846560847,0.0291005291005291,0.0211640211640212,0.0132275132275132,0.0132275132275132,0.0132275132275132,0.0132275132275132,0.0132275132275132,0.0291005291005291,0.0132275132275132,0.0211640211640212,0.0608465608465609,0.037037037037037,0.0529100529100529,0.0132275132275132,0.037037037037037,0.0687830687830688,0.0291005291005291,0.0265455589722091,0.0251202651919994,0.0242165754431575,0.0172971195026263,0.0683089180648777,0.0262187116180803,0.0245851814016726,0.0145041245530371,0.0477526930915937,0.0364136549388798,0.0183571180931407,0.0205224825798012,0.0302511150484204,0.0194154242349584,0.0278362969044553,0.0231352895808774,0.0301257894303926,0.0185617776924302,0.0382523937337317,0.0433170826836787,0.0255296408295778,0.0173670280632874,0.0290108361590155,0.0229288892330421,0.0294809836646277,0.102060060020952,0.0500213154882177,0.0886253492405007,0.0365724648200481,0.0176658597207104
"SPEECH_79",NA,NA,NA,NA,NA,NA,NA,NA,NA,NA,NA,NA,NA,NA,NA,NA,NA,NA,NA,NA,NA,NA,NA,NA,NA,NA,NA,NA,NA,NA,NA,NA,NA,NA,NA,NA,NA,NA,NA,NA,NA,NA,NA,NA,NA,NA,NA,NA,NA,NA,NA,NA,NA,NA,NA,NA,NA,NA,NA,NA,0.0107332122729149,0.0137470760462723,0.0226520917614346,0.066250354951567,0.0460946359979315,0.014871309101906,0.0174195793174172,0.00715216179965356,0.0341936228300996,0.0916373360516814,0.00887916760995868,0.0173020772170251,0.0132910192406851,0.0111994094226763,0.051327752033864,0.018807426830612,0.00980142156530727,0.0100847131193017,0.0386925555286957,0.0509422637458969,0.0146236036026792,0.0540362327891334,0.0357059482416771,0.0341803179397419,0.0139947815454991,0.153476198653424,0.0899135379012681,0.0228737479581527,0.019192311526664,0.00692413339685995,0.0369305253621223,0.0237005801078499,0.0189660188221644,0.0215785053096956,0.0900616320417722,0.0295746796565854,0.0197450341410932,0.0111700795729193,0.049826186568857,0.0296709273582485,0.0281312818901739,0.0209575017353706,0.0284699965457193,0.018695586202568,0.0577333954673824,0.035052026219767,0.0223089244677301,0.0167399415023339,0.0323252895230655,0.0292531333413596,0.0221826524398536,0.0361334532003217,0.0858627729674953,0.0143090872622728,0.0298487743541866,0.0452397044238081,0.0492643031346559,0.0426967351160391,0.0288186555926289,0.0247526156719597
"SPEECH_1249",NA,NA,NA,NA,NA,NA,NA,NA,NA,NA,NA,NA,NA,NA,NA,NA,NA,NA,NA,NA,NA,NA,NA,NA,NA,NA,NA,NA,NA,NA,NA,NA,NA,NA,NA,NA,NA,NA,NA,NA,NA,NA,NA,NA,NA,NA,NA,NA,NA,NA,NA,NA,NA,NA,NA,NA,NA,NA,NA,NA,0.0223527884641858,0.0186226582546501,0.0159710246690764,0.0614841690849408,0.0418045077266093,0.0577899215416541,0.0446374160745633,0.0146608563790903,0.0164018950227632,0.0241135569553574,0.0504474406782043,0.0342454238845609,0.0247437410637524,0.0715221578909416,0.0278409835743532,0.0340983333135826,0.0825153958401531,0.0167446544917872,0.042678592726058,0.0234738458985994,0.0121305281774401,0.0225288166888734,0.0231226870846133,0.0341632352692712,0.0410669094016024,0.0564912183101009,0.0283594202533742,0.0236945263847069,0.0171503339962081,0.0151429608989262,0.029901936032417,0.0472395979705417,0.0176135690462023,0.016494777043171,0.0868747822589409,0.0145287789922937,0.0234702706327015,0.0124046946972657,0.0105428364669724,0.0412010686702143,0.0504484616421365,0.0124827363037607,0.024814682650704,0.013268673223284,0.0878929914916807,0.0478223471449115,0.0106116116968533,0.0137383301845089,0.0261576883666883,0.0262261470484498,0.0161849420362779,0.045634862745459,0.0540078816711012,0.0177134407794507,0.0132295665896521,0.102976787329199,0.0818280152127299,0.0157691043968633,0.0200860526327052,0.0188333650428636
"SPEECH_759",NA,NA,NA,NA,NA,NA,NA,NA,NA,NA,NA,NA,NA,NA,NA,NA,NA,NA,NA,NA,NA,NA,NA,NA,NA,NA,NA,NA,NA,NA,NA,NA,NA,NA,NA,NA,NA,NA,NA,NA,NA,NA,NA,NA,NA,NA,NA,NA,NA,NA,NA,NA,NA,NA,NA,NA,NA,NA,NA,NA,0.020076798433237,0.0247955463371729,0.016573462245862,0.0592910258990028,0.124970319052534,0.00972705476745806,0.0373612999548947,0.00964438667567143,0.035709492770802,0.019773037153866,0.0294983675478894,0.0335193212648917,0.033397542482723,0.0202754476106837,0.0309849471703575,0.0183933754732183,0.0457639273025884,0.020652223206156,0.0251855941769946,0.042304630526515,0.0216578791510217,0.0311388237383493,0.018224420820981,0.0181626285099485,0.0115007493556682,0.0984881521967296,0.0180501504821321,0.0728922453976201,0.0224179476588847,0.0295692026361461,0.00760282439584302,0.0624642104473471,0.0319381781685645,0.00745365415530601,0.035982292372347,0.0248898843031906,0.0120882480850195,0.0105965740605931,0.0190929346302668,0.0171765539725611,0.0572868593486782,0.00901991330000086,0.0149038505656275,0.0179659841144289,0.0171019688522926,0.0575270472759355,0.0927997498314408,0.0163105378538879,0.109840278670595,0.024514986226255,0.0107353426852327,0.0902651186943101,0.0453010617405673,0.00602616363525076,0.0193934746344842,0.0204354384141561,0.111485039505801,0.0242952041975794,0.0134535559572405,0.0120530699051972
"SPEECH_781",NA,NA,NA,NA,NA,NA,NA,NA,NA,NA,NA,NA,NA,NA,NA,NA,NA,NA,NA,NA,NA,NA,NA,NA,NA,NA,NA,NA,NA,NA,NA,NA,NA,NA,NA,NA,NA,NA,NA,NA,NA,NA,NA,NA,NA,NA,NA,NA,NA,NA,NA,NA,NA,NA,NA,NA,NA,NA,NA,NA,0.0298865063366091,0.0240469838408866,0.0137257677007049,0.0128100381725639,0.0411458899840951,0.0422495453110319,0.130931272701654,0.0094059307350013,0.0382128668338419,0.0214038855852055,0.0454450166142333,0.0595670391642646,0.0187909145505058,0.045355225883029,0.0134620228248911,0.0389893891620884,0.0406631502415357,0.0110115556421791,0.085707248451311,0.0229843958934505,0.0249561069739764,0.0091061548657461,0.0326944389016209,0.0203734543052881,0.0210277393138777,0.0375726722994935,0.0137621020813531,0.0371410346861363,0.0401606808249307,0.0174109701184947,0.0225149441243143,0.0236416708643791,0.0240937919822272,0.0592207709657285,0.0348381918141894,0.035170855869247,0.024326903824996,0.0135982358447295,0.0406372209339647,0.0207531747845487,0.0539023873237715,0.0336926416030888,0.0188493456857021,0.0332312300296303,0.0263142034349642,0.0392420032825386,0.0252512605168893,0.0204953155758358,0.0465102443266584,0.0271054080461698,0.0379743353793835,0.0173768328324384,0.0361157524509561,0.0483535719494715,0.0310689078075027,0.0422540837722739,0.0633756262638699,0.0364103101304577,0.0504991402029134,0.0131816383771597
"SPEECH_22",NA,NA,NA,NA,NA,NA,NA,NA,NA,NA,NA,NA,NA,NA,NA,NA,NA,NA,NA,NA,NA,NA,NA,NA,NA,NA,NA,NA,NA,NA,NA,NA,NA,NA,NA,NA,NA,NA,NA,NA,NA,NA,NA,NA,NA,NA,NA,NA,NA,NA,NA,NA,NA,NA,NA,NA,NA,NA,NA,NA,0.0225149441243143,0.0236416708643791,0.0240937919822272,0.0592207709657285,0.0348381918141894,0.035170855869247,0.024326903824996,0.0135982358447295,0.0406372209339647,0.0207531747845487,0.0539023873237715,0.0336926416030888,0.0188493456857021,0.0332312300296303,0.0263142034349642,0.0392420032825386,0.0252512605168893,0.0204953155758358,0.0465102443266584,0.0271054080461698,0.0379743353793835,0.0173768328324384,0.0361157524509561,0.0483535719494715,0.0310689078075027,0.0422540837722739,0.0633756262638699,0.0364103101304577,0.0504991402029134,0.0131816383771597,0.012280318310769,0.0308380488392354,0.0236538162938703,0.0404831996398013,0.0651686524265003,0.0204230297511488,0.0204773110538654,0.0137087719287328,0.0743308580946289,0.0258135118672891,0.0662270282297377,0.0199370190307754,0.0461445767776409,0.0267287147618052,0.0297046887820581,0.0293183875143524,0.0162624442587201,0.026123914609527,0.0217006295947859,0.0326955083738976,0.0258430314696611,0.0170311488755531,0.0307153542109919,0.0491747368051602,0.0177661265342601,0.0601786138772912,0.0553340545362398,0.0176355955960083,0.0678772145701811,0.0164236933855117
"SPEECH_90",NA,NA,NA,NA,NA,NA,NA,NA,NA,NA,NA,NA,NA,NA,NA,NA,NA,NA,NA,NA,NA,NA,NA,NA,NA,NA,NA,NA,NA,NA,NA,NA,NA,NA,NA,NA,NA,NA,NA,NA,NA,NA,NA,NA,NA,NA,NA,NA,NA,NA,NA,NA,NA,NA,NA,NA,NA,NA,NA,NA,0.0389275582856882,0.0195257751246114,0.022495554456319,0.0457635907678335,0.0264313725577262,0.0455939866528601,0.0290807596987894,0.0169068466553112,0.110097323141812,0.015227519032877,0.0583809673301754,0.0292588981919433,0.0195465982081062,0.046599593499545,0.020282703867438,0.0811172768021806,0.0271909677386888,0.0206024988292242,0.0183687829733975,0.0148432610975039,0.0177912626676163,0.0217812687420333,0.0836711117663114,0.0172596490573701,0.0133354180838826,0.0176670390651318,0.0312784864104163,0.0349166447608746,0.027176756356084,0.0288805281782492,0.0284826260703035,0.0150412523224636,0.0231267347192731,0.0388990376070725,0.0899860785369359,0.0959162038574981,0.0262845754858956,0.0210977401335409,0.0189578995018082,0.0129872000434671,0.073164697446115,0.0129320455611088,0.0485595934350411,0.0143819697820548,0.0114361658731226,0.0681675667930585,0.0352332204982595,0.0159446588981977,0.0693800781683159,0.0180109933895141,0.00775167881151745,0.0356096878931979,0.0619834680641744,0.00719806529702068,0.0358965595236108,0.0153613477516321,0.00961419284957442,0.045464400949018,0.0204543255940248,0.0226759351431829
"SPEECH_768",NA,NA,NA,NA,NA,NA,NA,NA,NA,NA,NA,NA,NA,NA,NA,NA,NA,NA,NA,NA,NA,NA,NA,NA,NA,NA,NA,NA,NA,NA,NA,NA,NA,NA,NA,NA,NA,NA,NA,NA,NA,NA,NA,NA,NA,NA,NA,NA,NA,NA,NA,NA,NA,NA,NA,NA,NA,NA,NA,NA,0.106585871248261,0.0249877123887201,0.0161023560254289,0.0194999978567581,0.0186229250480245,0.0266777193818525,0.104899739258252,0.0170826642000356,0.0261768965917924,0.0200575452334212,0.0520562309299584,0.0237321742599209,0.0169329180548922,0.0384339418659543,0.0137279211267742,0.0255214831114366,0.0268144531968766,0.0168586971141854,0.0244477928571215,0.0222155585749179,0.0328108575338786,0.0195390945982966,0.119677758194224,0.0124902398732465,0.0532223204865392,0.0195605634947707,0.0218256142186699,0.0317071493606544,0.0331655461999977,0.014566257715137,0.0468654595624951,0.061208620483585,0.0130933871237897,0.0234863828745064,0.0339582371338491,0.0289824394516799,0.0221823399296666,0.0102921766928929,0.0162448403998505,0.0209646100478791,0.0334104831567045,0.0285611706524583,0.0143628439093493,0.0304087206172374,0.019401874440169,0.062415670664411,0.0436742340544797,0.0146371118997453,0.0245628775358971,0.0186182292069019,0.0358360889274727,0.0546472066166343,0.0722732704545722,0.0130356286640154,0.0581986166008729,0.0579082830862473,0.0510875566775406,0.0349354128802573,0.0219494047102035,0.0327968215446359
"SPEECH_15",NA,NA,NA,NA,NA,NA,NA,NA,NA,NA,NA,NA,NA,NA,NA,NA,NA,NA,NA,NA,NA,NA,NA,NA,NA,NA,NA,NA,NA,NA,NA,NA,NA,NA,NA,NA,NA,NA,NA,NA,NA,NA,NA,NA,NA,NA,NA,NA,NA,NA,NA,NA,NA,NA,NA,NA,NA,NA,NA,NA,0.0344954467288161,0.0211087821726835,0.012206100701875,0.0152323071060676,0.0373446917914353,0.0315104477788101,0.0243296420450696,0.0102410371041949,0.0289271198805793,0.0299536549661061,0.0251265211798198,0.0262125667079668,0.0671540356595218,0.0259215716599675,0.038517657879114,0.0357121401775285,0.0223410990726097,0.0317874932894044,0.0455924325653011,0.024290108504692,0.0129620508008184,0.0319763725003784,0.0526643958394471,0.0215558773652736,0.066837350811483,0.112491556240383,0.0341064002344155,0.0428347269406819,0.0157140100196434,0.0208524022759125,0.0252246015082701,0.0367572530155922,0.0207216137996147,0.0400094877447851,0.0718443933589144,0.022556132233119,0.0314414306873574,0.0180369642085815,0.0379762326605421,0.0186301722288248,0.039998741898294,0.0373509717309439,0.0247534051993614,0.0386671488605801,0.0197964780239744,0.0424284264012597,0.0291737314659169,0.0205110164464864,0.0347155332283409,0.024946017585979,0.0249543234731151,0.0254960216514738,0.0621066179786182,0.014691457856191,0.0283321972920114,0.0564778245508636,0.0351409938654235,0.019467283591964,0.0508668877024128,0.0469266397511885
"SPEECH_841",NA,NA,NA,NA,NA,NA,NA,NA,NA,NA,NA,NA,NA,NA,NA,NA,NA,NA,NA,NA,NA,NA,NA,NA,NA,NA,NA,NA,NA,NA,NA,NA,NA,NA,NA,NA,NA,NA,NA,NA,NA,NA,NA,NA,NA,NA,NA,NA,NA,NA,NA,NA,NA,NA,NA,NA,NA,NA,NA,NA,0.0334128205394535,0.0553251401635505,0.020120117823757,0.058971026495652,0.0301722768150257,0.0308899745525271,0.0230341365236904,0.0157137714841283,0.0166768601132813,0.021281733943191,0.0197435973099539,0.0211819244294781,0.0107607908660208,0.0683315099917993,0.0159838522829939,0.0910946331600521,0.0169148418040305,0.0188985571795975,0.0318385156781255,0.0109187368123946,0.0202061267196347,0.0416863028024434,0.0451628138864707,0.0153346585803985,0.0569444883327095,0.0597321068420325,0.0816727217212514,0.0185198318873362,0.0253769042054352,0.0240992270535848,0.0222016009485237,0.0378259123791934,0.014409546024477,0.0507959732387438,0.0411936432729949,0.0547523117996057,0.0258101156824572,0.0212442133627345,0.035556817361633,0.0218288002149052,0.0349189590836717,0.0287172196036443,0.0227203197931291,0.040439144335194,0.0387578095157658,0.0562162783146181,0.0224405016229376,0.0297690334704932,0.0196073149753875,0.0319867155112601,0.017170834008713,0.0203889458802803,0.0540038470983322,0.0261302253818458,0.0383039860090934,0.0548062363827689,0.0667340951856504,0.0254857975475398,0.0277737021389841,0.0180100998554222
"SPEECH_756",NA,NA,NA,NA,NA,NA,NA,NA,NA,NA,NA,NA,NA,NA,NA,NA,NA,NA,NA,NA,NA,NA,NA,NA,NA,NA,NA,NA,NA,NA,NA,NA,NA,NA,NA,NA,NA,NA,NA,NA,NA,NA,NA,NA,NA,NA,NA,NA,NA,NA,NA,NA,NA,NA,NA,NA,NA,NA,NA,NA,0.0291382413643182,0.0578868124529207,0.0135846324596936,0.009593054665007,0.0191182581061422,0.0418805466377623,0.0546051728889141,0.0166735591693262,0.019391082229522,0.129726781598608,0.0359681734878906,0.0480732056020996,0.0214153465914749,0.0837919039684416,0.0132932801240082,0.0411951093026081,0.0297431215706153,0.0221334341633524,0.0202950984312849,0.0188725396977345,0.0211220081257595,0.0158994701209681,0.0395183063047204,0.0194278386769687,0.0358767175284988,0.0229740564012993,0.0513823813490908,0.0145558941910948,0.0226995372585019,0.0301644355313727,0.0674286817821536,0.0418229951177437,0.0157163569112767,0.0326187275362929,0.0759317154097194,0.0171812083826277,0.0387506786144435,0.00776324899113504,0.0288666998678388,0.0115471414961287,0.0577125146033043,0.0166264095089237,0.0153271757485106,0.0140237479484193,0.0358519222773374,0.0535343367290425,0.0293720133761383,0.0137931758464779,0.0531496603754254,0.0345605958024176,0.0245898182188475,0.0221436707051376,0.0214958827119807,0.044407947949318,0.0124922541086281,0.0517307734847421,0.0438242403154371,0.0381565768649302,0.0434072745084281,0.0361725548071935
"SPEECH_100",NA,NA,NA,NA,NA,NA,NA,NA,NA,NA,NA,NA,NA,NA,NA,NA,NA,NA,NA,NA,NA,NA,NA,NA,NA,NA,NA,NA,NA,NA,NA,NA,NA,NA,NA,NA,NA,NA,NA,NA,NA,NA,NA,NA,NA,NA,NA,NA,NA,NA,NA,NA,NA,NA,NA,NA,NA,NA,NA,NA,0.0219620204021991,0.0338456492871372,0.0160736466131986,0.0191560965866997,0.0393390095274985,0.0531010829875706,0.0277118971734258,0.0108173643382823,0.0279220948433734,0.0191145293489786,0.0232074461409493,0.0221191902455589,0.0133308262927069,0.0248034728397027,0.0485224630012301,0.0327870305414407,0.0398292566608911,0.0237223221619088,0.0547189923242146,0.014237126959561,0.0426038179698166,0.0187135633697681,0.0886648948592503,0.0351416975662132,0.0234296308874621,0.050997973858125,0.0719925352753735,0.047072520127976,0.0407593380425735,0.0143025097669136,0.0332810221183516,0.055770947298485,0.00912055982790471,0.016079706245275,0.0182566205673401,0.0558023021600431,0.0479844416348057,0.0215041673855892,0.0260343040622272,0.024641595888146,0.0214540465581811,0.058964923328025,0.0127745498624221,0.0951831943112297,0.0182856618605304,0.0514844047172165,0.0212658808311617,0.0281756183780923,0.0151859424082294,0.0146348276440923,0.0434956123819766,0.0241079209900065,0.0478366655700411,0.0444135532407148,0.0261784331743169,0.0580833045633506,0.0733382060976972,0.0119722390470407,0.0104015796657663,0.0142877681817413
"SPEECH_1211",NA,NA,NA,NA,NA,NA,NA,NA,NA,NA,NA,NA,NA,NA,NA,NA,NA,NA,NA,NA,NA,NA,NA,NA,NA,NA,NA,NA,NA,NA,NA,NA,NA,NA,NA,NA,NA,NA,NA,NA,NA,NA,NA,NA,NA,NA,NA,NA,NA,NA,NA,NA,NA,NA,NA,NA,NA,NA,NA,NA,0.0219620204021991,0.0338456492871372,0.0160736466131986,0.0191560965866997,0.0393390095274985,0.0531010829875706,0.0277118971734258,0.0108173643382823,0.0279220948433734,0.0191145293489786,0.0232074461409493,0.0221191902455589,0.0133308262927069,0.0248034728397027,0.0485224630012301,0.0327870305414407,0.0398292566608911,0.0237223221619088,0.0547189923242146,0.014237126959561,0.0426038179698166,0.0187135633697681,0.0886648948592503,0.0351416975662132,0.0234296308874621,0.050997973858125,0.0719925352753735,0.047072520127976,0.0407593380425735,0.0143025097669136,0.0332810221183516,0.055770947298485,0.00912055982790471,0.016079706245275,0.0182566205673401,0.0558023021600431,0.0479844416348057,0.0215041673855892,0.0260343040622272,0.024641595888146,0.0214540465581811,0.058964923328025,0.0127745498624221,0.0951831943112297,0.0182856618605304,0.0514844047172165,0.0212658808311617,0.0281756183780923,0.0151859424082294,0.0146348276440923,0.0434956123819766,0.0241079209900065,0.0478366655700411,0.0444135532407148,0.0261784331743169,0.0580833045633506,0.0733382060976972,0.0119722390470407,0.0104015796657663,0.0142877681817413
"SPEECH_763",NA,NA,NA,NA,NA,NA,NA,NA,NA,NA,NA,NA,NA,NA,NA,NA,NA,NA,NA,NA,NA,NA,NA,NA,NA,NA,NA,NA,NA,NA,NA,NA,NA,NA,NA,NA,NA,NA,NA,NA,NA,NA,NA,NA,NA,NA,NA,NA,NA,NA,NA,NA,NA,NA,NA,NA,NA,NA,NA,NA,0.0910992171428611,0.0328626781666439,0.00998147071736381,0.017801517381043,0.0336680186691792,0.0360745710429923,0.0492434567304228,0.0142490565498591,0.0434671922470535,0.0187729200739666,0.0408471842063827,0.065315991943429,0.023892859497287,0.018375057351561,0.0179063661855913,0.025122599272158,0.0625315316779612,0.0122770597252094,0.0516003471848075,0.0324340534465285,0.0200361746320507,0.0158814181050882,0.0175112041682665,0.0186042719974948,0.00966188338701556,0.0787705943300026,0.0133388696485644,0.0770228116101597,0.0138800011239122,0.0377696217851444,0.0460581897191086,0.0249471162670969,0.00893618423523732,0.0202908361992715,0.0519823870461305,0.0399472036282157,0.0692976131430954,0.0200382512866407,0.0504440070252449,0.0169464794510916,0.047301063360146,0.0352969310948713,0.0333423894367039,0.0137755424238667,0.0271531746586348,0.0199602066080355,0.0158148987548817,0.0154279816873847,0.0530976325826596,0.0197741694801194,0.0177423265249712,0.0280149374512357,0.0562902759246346,0.0189691363970608,0.0443100784981275,0.0676491218640295,0.0290298195608153,0.0650763439167842,0.0302764547684789,0.0128092470054255
"SPEECH_1215",NA,NA,NA,NA,NA,NA,NA,NA,NA,NA,NA,NA,NA,NA,NA,NA,NA,NA,NA,NA,NA,NA,NA,NA,NA,NA,NA,NA,NA,NA,NA,NA,NA,NA,NA,NA,NA,NA,NA,NA,NA,NA,NA,NA,NA,NA,NA,NA,NA,NA,NA,NA,NA,NA,NA,NA,NA,NA,NA,NA,0.0199368136767816,0.0159430813523911,0.00921679533236516,0.0126181558765828,0.136442966699789,0.0182361334046727,0.0261471629850442,0.00751611506025631,0.0469183928252949,0.0494407500828047,0.00921679533236516,0.0143188361486917,0.0997732426303855,0.0165354531325639,0.0329498840734796,0.0267395347652169,0.0193444418966088,0.0227458024408265,0.00751611506025631,0.0271790364085709,0.0244464827129354,0.0640780656832021,0.0182361334046727,0.023930546001172,0.0238541109327626,0.148596142576881,0.010917475604474,0.0211215572371271,0.0221534306606538,0.023930546001172,0.0260575432623261,0.0492762384523737,0.0134189023677791,0.0620381012950102,0.017168159828696,0.0320759068259528,0.0982171858220206,0.0150072002352382,0.0203672922933292,0.015162632574048,0.0273111623356592,0.0709133860406483,0.00806437154116673,0.0366174735783504,0.0318353363832961,0.0193961314370591,0.021392211182494,0.0121009519322832,0.0206301578113139,0.0222498697641162,0.0174304821179251,0.0654781070268421,0.0382684990685265,0.0142624995371984,0.0285902669746935,0.0529709084645158,0.0232290924324409,0.0491925940454763,0.066756146308724,0.0245211890604966
"SPEECH_72",NA,NA,NA,NA,NA,NA,NA,NA,NA,NA,NA,NA,NA,NA,NA,NA,NA,NA,NA,NA,NA,NA,NA,NA,NA,NA,NA,NA,NA,NA,NA,NA,NA,NA,NA,NA,NA,NA,NA,NA,NA,NA,NA,NA,NA,NA,NA,NA,NA,NA,NA,NA,NA,NA,NA,NA,NA,NA,NA,NA,0.0210163435451555,0.0407968284998897,0.013575352800134,0.0170432065254679,0.0396213735618881,0.0361761285092322,0.0224472951591093,0.0262990611530211,0.0313220388404959,0.0189292640900322,0.0311630457658957,0.0178717051080975,0.0187970789763082,0.0507355892518116,0.0262541321954528,0.0347310693994705,0.0804048405176351,0.0146476705375977,0.0411591651201245,0.0274772702064917,0.0324326065729317,0.022692978081834,0.0790163404241713,0.0309340060350806,0.0339051161277639,0.0604117956539274,0.0335649315641688,0.0377403810899516,0.0353905136976953,0.0234428709891639,0.0352541296918828,0.0765479643428453,0.0141385095092709,0.0222716695403722,0.0661223207788051,0.0484177706886937,0.0360670053892957,0.0157157776201098,0.0175025197713644,0.0360982670605853,0.071859518130685,0.0158397369933343,0.0207100341750738,0.0250524468102923,0.0102086260445041,0.0756769914446521,0.0137726272995959,0.0130045683846316,0.0315751882554423,0.0350616239953847,0.0090358348177065,0.0372007379201073,0.0744331565813757,0.0135975845269666,0.0205366716124396,0.028855817620381,0.0260212806058873,0.0191456309556904,0.0431450998332893,0.047130889599335
"SPEECH_115",NA,NA,NA,NA,NA,NA,NA,NA,NA,NA,NA,NA,NA,NA,NA,NA,NA,NA,NA,NA,NA,NA,NA,NA,NA,NA,NA,NA,NA,NA,NA,NA,NA,NA,NA,NA,NA,NA,NA,NA,NA,NA,NA,NA,NA,NA,NA,NA,NA,NA,NA,NA,NA,NA,NA,NA,NA,NA,NA,NA,0.0210163435451555,0.0407968284998897,0.013575352800134,0.0170432065254679,0.0396213735618881,0.0361761285092322,0.0224472951591093,0.0262990611530211,0.0313220388404959,0.0189292640900322,0.0311630457658957,0.0178717051080975,0.0187970789763082,0.0507355892518116,0.0262541321954528,0.0347310693994705,0.0804048405176351,0.0146476705375977,0.0411591651201245,0.0274772702064917,0.0324326065729317,0.022692978081834,0.0790163404241713,0.0309340060350806,0.0339051161277639,0.0604117956539274,0.0335649315641688,0.0377403810899516,0.0353905136976953,0.0234428709891639,0.0352541296918828,0.0765479643428453,0.0141385095092709,0.0222716695403722,0.0661223207788051,0.0484177706886937,0.0360670053892957,0.0157157776201098,0.0175025197713644,0.0360982670605853,0.071859518130685,0.0158397369933343,0.0207100341750738,0.0250524468102923,0.0102086260445041,0.0756769914446521,0.0137726272995959,0.0130045683846316,0.0315751882554423,0.0350616239953847,0.0090358348177065,0.0372007379201073,0.0744331565813757,0.0135975845269666,0.0205366716124396,0.028855817620381,0.0260212806058873,0.0191456309556904,0.0431450998332893,0.047130889599335
"SPEECH_806",NA,NA,NA,NA,NA,NA,NA,NA,NA,NA,NA,NA,NA,NA,NA,NA,NA,NA,NA,NA,NA,NA,NA,NA,NA,NA,NA,NA,NA,NA,NA,NA,NA,NA,NA,NA,NA,NA,NA,NA,NA,NA,NA,NA,NA,NA,NA,NA,NA,NA,NA,NA,NA,NA,NA,NA,NA,NA,NA,NA,0.0261800550156839,0.0727689293126123,0.0152136451602496,0.0192518462858865,0.035691429623661,0.0305525885549374,0.0318567032518808,0.0127300315117197,0.034651515454032,0.0163363634982735,0.0442362125644259,0.0368695133843215,0.0167677679590618,0.0669202293035329,0.0166114572205626,0.0636430126314448,0.0175888782134286,0.0341013092373359,0.0219854145061103,0.0145943400930383,0.0314088112643378,0.0361151016291241,0.0186101488069585,0.0520630119327982,0.0345190774116501,0.0314903429341187,0.0566987032668468,0.0539949046179072,0.0274311076316776,0.0291175477223819,0.0279190454220714,0.0245125262894095,0.0144513990322,0.0297792181866582,0.0694107010376937,0.0534854340674902,0.037315551460369,0.0126290387319999,0.035054796489716,0.0239985135862239,0.0559764945255142,0.0817825826925918,0.0250925728174419,0.0324967111980142,0.0220551028966564,0.0388349652286599,0.0157446620367658,0.016950845482087,0.0326536625749561,0.0252490567940336,0.0346045220858631,0.0225192963052635,0.035627065632769,0.0429426500455387,0.0451838547702531,0.0367822182556086,0.0166771510199694,0.0497198815185739,0.020453867037053,0.0200966127785549
"SPEECH_793",NA,NA,NA,NA,NA,NA,NA,NA,NA,NA,NA,NA,NA,NA,NA,NA,NA,NA,NA,NA,NA,NA,NA,NA,NA,NA,NA,NA,NA,NA,NA,NA,NA,NA,NA,NA,NA,NA,NA,NA,NA,NA,NA,NA,NA,NA,NA,NA,NA,NA,NA,NA,NA,NA,NA,NA,NA,NA,NA,NA,0.01954701575815,0.0270305663934926,0.0152743421314009,0.0339385852386112,0.0487897319870065,0.0702871581423175,0.0548747657945023,0.015616254452722,0.0225295468793505,0.0161115358350845,0.0393858531693448,0.0173304072623395,0.0405606829841304,0.0326866977035769,0.022395895832528,0.0230284596487031,0.0261678531968391,0.0164881861529596,0.042884663626408,0.013428035811124,0.0225263985265946,0.0167897065766783,0.0730635852563699,0.0154728874534439,0.0479206720727918,0.0950497585095573,0.0212189472552832,0.052298194710788,0.0457141831844271,0.0115894284534746,0.0664967593228592,0.0476884296490429,0.00769347522166099,0.037339079765232,0.0709612084984877,0.0136921082168405,0.0235213694435877,0.0110333231395607,0.0633926514519676,0.0169023921827449,0.0318355870133271,0.00942883293387807,0.0225915095394926,0.00991419049970146,0.0415854657700675,0.0423375851831847,0.0200856665116108,0.0201668746736749,0.010878288636258,0.0509015708945873,0.0194792189115949,0.0448109301116796,0.0526136526596701,0.0370054212036622,0.0178613854084384,0.066081062058986,0.0464808072246465,0.0527758552490011,0.033077040370389,0.0113682582541657
"SPEECH_829",NA,NA,NA,NA,NA,NA,NA,NA,NA,NA,NA,NA,NA,NA,NA,NA,NA,NA,NA,NA,NA,NA,NA,NA,NA,NA,NA,NA,NA,NA,NA,NA,NA,NA,NA,NA,NA,NA,NA,NA,NA,NA,NA,NA,NA,NA,NA,NA,NA,NA,NA,NA,NA,NA,NA,NA,NA,NA,NA,NA,0.01954701575815,0.0270305663934926,0.0152743421314009,0.0339385852386112,0.0487897319870065,0.0702871581423175,0.0548747657945023,0.015616254452722,0.0225295468793505,0.0161115358350845,0.0393858531693448,0.0173304072623395,0.0405606829841304,0.0326866977035769,0.022395895832528,0.0230284596487031,0.0261678531968391,0.0164881861529596,0.042884663626408,0.013428035811124,0.0225263985265946,0.0167897065766783,0.0730635852563699,0.0154728874534439,0.0479206720727918,0.0950497585095573,0.0212189472552832,0.052298194710788,0.0457141831844271,0.0115894284534746,0.0664967593228592,0.0476884296490429,0.00769347522166099,0.037339079765232,0.0709612084984877,0.0136921082168405,0.0235213694435877,0.0110333231395607,0.0633926514519676,0.0169023921827449,0.0318355870133271,0.00942883293387807,0.0225915095394926,0.00991419049970146,0.0415854657700675,0.0423375851831847,0.0200856665116108,0.0201668746736749,0.010878288636258,0.0509015708945873,0.0194792189115949,0.0448109301116796,0.0526136526596701,0.0370054212036622,0.0178613854084384,0.066081062058986,0.0464808072246465,0.0527758552490011,0.033077040370389,0.0113682582541657
"SPEECH_1263",NA,NA,NA,NA,NA,NA,NA,NA,NA,NA,NA,NA,NA,NA,NA,NA,NA,NA,NA,NA,NA,NA,NA,NA,NA,NA,NA,NA,NA,NA,NA,NA,NA,NA,NA,NA,NA,NA,NA,NA,NA,NA,NA,NA,NA,NA,NA,NA,NA,NA,NA,NA,NA,NA,NA,NA,NA,NA,NA,NA,0.0462130174877979,0.0735777980542743,0.0161262374132526,0.0445884960380924,0.0317449151777851,0.0458172612746515,0.0239998167844558,0.0201671772985887,0.0199813811187782,0.0186224092184634,0.0204711273731698,0.0165959185285729,0.0174350825269518,0.0292070137984857,0.0169605226845652,0.04554892048548,0.0603875717426677,0.026124085081752,0.0596852829829419,0.0198620382462062,0.0159436445709145,0.0494636451372006,0.0972577213157485,0.0214605008943687,0.0187589308572196,0.0515069156980324,0.0230320530729448,0.0346797827235016,0.0220062496922061,0.0127744827209301,0.0309198302432683,0.0492280702040652,0.0150135230218223,0.0245176778828196,0.0287835778659574,0.0670530833372632,0.0181743469618227,0.0223486090287852,0.0326767080433663,0.0354963341462432,0.0525721912559123,0.01492008475963,0.0195228029797201,0.0600476207127772,0.0237188141356696,0.0639892800333281,0.0271165297655318,0.0211929253825106,0.0335648775259472,0.0150823571450278,0.0150069200822851,0.045017878214112,0.103550852524218,0.0116505804883934,0.0300383046420627,0.0485444334814645,0.0199943962237482,0.0398626732513413,0.0185405832330106,0.011854133427896
"SPEECH_821",NA,NA,NA,NA,NA,NA,NA,NA,NA,NA,NA,NA,NA,NA,NA,NA,NA,NA,NA,NA,NA,NA,NA,NA,NA,NA,NA,NA,NA,NA,NA,NA,NA,NA,NA,NA,NA,NA,NA,NA,NA,NA,NA,NA,NA,NA,NA,NA,NA,NA,NA,NA,NA,NA,NA,NA,NA,NA,NA,NA,0.0179325800501375,0.0280498889775751,0.0163082052664119,0.0405940473916374,0.0449847680795039,0.0188997625103674,0.0342795393418872,0.0127173203416458,0.0757940637456721,0.0160087419424262,0.0390889816512569,0.0650279135696654,0.0208427954841135,0.0366247611669261,0.0296117548380788,0.0228730935759213,0.0216141079053436,0.0204725125597832,0.0258740751617207,0.048733494461818,0.0161555428074019,0.0302903384520525,0.0608182788381869,0.0168738945932778,0.0108046525550808,0.113956666998653,0.0446045128834981,0.0389668588429409,0.0197094275243701,0.0114874184826462,0.0273287398808659,0.0274508225837776,0.00806615336528617,0.119761084190285,0.0184688308840335,0.043216536306688,0.0471180908146682,0.0120320742606906,0.0314553724263305,0.00787873427638161,0.0362085656330994,0.0275778354101643,0.00982794813999131,0.0326639740587112,0.0203736475757674,0.0442996641546015,0.038131531197988,0.00867690717467464,0.00999137394475999,0.0215650732008593,0.0392705934914366,0.0493543073236902,0.0311663866763675,0.0247878509714459,0.0647176533221971,0.062192806740051,0.00955640742161116,0.0277862238386607,0.0908166984621551,0.00825811227276069
"SPEECH_765",NA,NA,NA,NA,NA,NA,NA,NA,NA,NA,NA,NA,NA,NA,NA,NA,NA,NA,NA,NA,NA,NA,NA,NA,NA,NA,NA,NA,NA,NA,NA,NA,NA,NA,NA,NA,NA,NA,NA,NA,NA,NA,NA,NA,NA,NA,NA,NA,NA,NA,NA,NA,NA,NA,NA,NA,NA,NA,NA,NA,0.0298481766760319,0.0210515812985625,0.0140151758231346,0.0433659936601254,0.0585835954359879,0.0355271065600668,0.0265968699067758,0.0138328555138754,0.0547671969812444,0.0143140779586884,0.0338702878615887,0.0220703869272546,0.0228736243839123,0.0280517762192107,0.018923762240119,0.0368001570682442,0.0222691341591953,0.0216008238521114,0.0340530374483303,0.0300564438419164,0.0423098813469069,0.0318930896287029,0.06650026819285,0.0378768870266073,0.0683909603953291,0.0626876204853141,0.0172887803529471,0.0331020392928719,0.0235497208150307,0.0339286886470638,0.0266645046579643,0.0779955631671859,0.0206326665715245,0.0392691178171793,0.0250636460778312,0.0306138970282307,0.0340745051027385,0.013612329688409,0.0331497442736123,0.0356910171496692,0.0290917490208958,0.0128822999596758,0.0106051524381737,0.0686733297510909,0.0202498054462443,0.0960784238375156,0.0700234109292774,0.0210002635678278,0.0426096154463643,0.0150538539058825,0.0146470406670663,0.0623670514918975,0.0454683767894293,0.0093543480486834,0.0231525143043261,0.0272894623860914,0.0391245361607646,0.0245651819617641,0.0185715330408531,0.0124250593118312
"SPEECH_859",NA,NA,NA,NA,NA,NA,NA,NA,NA,NA,NA,NA,NA,NA,NA,NA,NA,NA,NA,NA,NA,NA,NA,NA,NA,NA,NA,NA,NA,NA,NA,NA,NA,NA,NA,NA,NA,NA,NA,NA,NA,NA,NA,NA,NA,NA,NA,NA,NA,NA,NA,NA,NA,NA,NA,NA,NA,NA,NA,NA,0.0266645046579643,0.0779955631671859,0.0206326665715245,0.0392691178171793,0.0250636460778312,0.0306138970282307,0.0340745051027385,0.013612329688409,0.0331497442736123,0.0356910171496692,0.0290917490208958,0.0128822999596758,0.0106051524381737,0.0686733297510909,0.0202498054462443,0.0960784238375156,0.0700234109292774,0.0210002635678278,0.0426096154463643,0.0150538539058825,0.0146470406670663,0.0623670514918975,0.0454683767894293,0.0093543480486834,0.0231525143043261,0.0272894623860914,0.0391245361607646,0.0245651819617641,0.0185715330408531,0.0124250593118312,0.0509645267647419,0.0206601393331583,0.0117901638964067,0.0471242889554223,0.0682955885212324,0.0545779653884777,0.043383144067137,0.0234141775575525,0.0344071961447606,0.053620897185557,0.0590570188563022,0.0349806404871258,0.0121294435812942,0.0186286950361162,0.0530541109619052,0.0285049563509425,0.0239327375250484,0.0192213887739927,0.0141684448573093,0.024426611432194,0.0215090008799308,0.0518564225604791,0.0186371175899086,0.020580598833669,0.0191681409624062,0.0828316234494181,0.0303080544670442,0.0267764858144044,0.0242046811325765,0.00778573863348623
"SPEECH_98",NA,NA,NA,NA,NA,NA,NA,NA,NA,NA,NA,NA,NA,NA,NA,NA,NA,NA,NA,NA,NA,NA,NA,NA,NA,NA,NA,NA,NA,NA,NA,NA,NA,NA,NA,NA,NA,NA,NA,NA,NA,NA,NA,NA,NA,NA,NA,NA,NA,NA,NA,NA,NA,NA,NA,NA,NA,NA,NA,NA,0.0249397654909772,0.0436755884056429,0.00790740345872963,0.011024141661315,0.0457419630462578,0.0228126641480161,0.0208373988104365,0.0157360440902963,0.120330709650222,0.0255308252074401,0.0216025219077817,0.0169074020963671,0.0152767064358691,0.0336178925339031,0.0115177244463178,0.026766886205949,0.019348035959773,0.0199007258234277,0.0813268732835322,0.0190219393802718,0.0120794772065883,0.0960355436146866,0.0750562122730117,0.0122422783633226,0.0130412180150217,0.0729231130472721,0.0213636969044354,0.0604783417495318,0.0125273974142723,0.0204295093693314,0.0450842205349959,0.0816917530585039,0.0127661740355574,0.0197296918266987,0.0410269988704897,0.0119347439758547,0.00765151195190863,0.00864581675075725,0.0265623087927451,0.0204038784547259,0.0331473918924334,0.00848053246178021,0.0119084013692741,0.0222638072620042,0.027152458986213,0.0541682504718927,0.0139018300666335,0.0134090094421865,0.157935784684793,0.0141431099328683,0.00705091135130803,0.10612174561868,0.0460346931857931,0.0199078360726395,0.0132724773096212,0.094114796368673,0.0290859738209179,0.0373892013181591,0.00856437938118429,0.00645031075070743
"SPEECH_97",NA,NA,NA,NA,NA,NA,NA,NA,NA,NA,NA,NA,NA,NA,NA,NA,NA,NA,NA,NA,NA,NA,NA,NA,NA,NA,NA,NA,NA,NA,NA,NA,NA,NA,NA,NA,NA,NA,NA,NA,NA,NA,NA,NA,NA,NA,NA,NA,NA,NA,NA,NA,NA,NA,NA,NA,NA,NA,NA,NA,0.0634165917987389,0.0294248726996031,0.0160769422983175,0.0147801217577054,0.0331738018780981,0.0352302818115169,0.0524554345260127,0.0131415154749817,0.0328553672077608,0.0203505499883993,0.101515751766143,0.0482356046001594,0.0116268442844459,0.0253595293503762,0.0314023850156898,0.0540996138289466,0.049774954280011,0.0169259925367424,0.0678236996909199,0.0153744174556005,0.00924430368575621,0.0120490719575267,0.0656734928302357,0.00917407525906942,0.0155587188550216,0.0608810415182504,0.0346700005729747,0.0307800568270794,0.0161560796788088,0.0127688865651079,0.0239873898802064,0.0472001663437217,0.0170739024242661,0.057892635577905,0.0696542320363075,0.0667554401030759,0.0176303683876428,0.012023444527991,0.0372338184724523,0.0264833627828058,0.0184770060267332,0.0149547113743522,0.0147558025314334,0.0514212545114455,0.0312840396765721,0.0257332651498939,0.0201228752177832,0.0322412377410672,0.0164116015516902,0.0149921876322763,0.0261668312617392,0.0247438680008582,0.0411112242181803,0.016208040052948,0.105991697802337,0.0791409712386071,0.0338847441740145,0.0228119281327397,0.0195097082642548,0.0141022449047
"SPEECH_1217",NA,NA,NA,NA,NA,NA,NA,NA,NA,NA,NA,NA,NA,NA,NA,NA,NA,NA,NA,NA,NA,NA,NA,NA,NA,NA,NA,NA,NA,NA,NA,NA,NA,NA,NA,NA,NA,NA,NA,NA,NA,NA,NA,NA,NA,NA,NA,NA,NA,NA,NA,NA,NA,NA,NA,NA,NA,NA,NA,NA,0.0634165917987389,0.0294248726996031,0.0160769422983175,0.0147801217577054,0.0331738018780981,0.0352302818115169,0.0524554345260127,0.0131415154749817,0.0328553672077608,0.0203505499883993,0.101515751766143,0.0482356046001594,0.0116268442844459,0.0253595293503762,0.0314023850156898,0.0540996138289466,0.049774954280011,0.0169259925367424,0.0678236996909199,0.0153744174556005,0.00924430368575621,0.0120490719575267,0.0656734928302357,0.00917407525906942,0.0155587188550216,0.0608810415182504,0.0346700005729747,0.0307800568270794,0.0161560796788088,0.0127688865651079,0.0239873898802064,0.0472001663437217,0.0170739024242661,0.057892635577905,0.0696542320363075,0.0667554401030759,0.0176303683876428,0.012023444527991,0.0372338184724523,0.0264833627828058,0.0184770060267332,0.0149547113743522,0.0147558025314334,0.0514212545114455,0.0312840396765721,0.0257332651498939,0.0201228752177832,0.0322412377410672,0.0164116015516902,0.0149921876322763,0.0261668312617392,0.0247438680008582,0.0411112242181803,0.016208040052948,0.105991697802337,0.0791409712386071,0.0338847441740145,0.0228119281327397,0.0195097082642548,0.0141022449047
"SPEECH_807",NA,NA,NA,NA,NA,NA,NA,NA,NA,NA,NA,NA,NA,NA,NA,NA,NA,NA,NA,NA,NA,NA,NA,NA,NA,NA,NA,NA,NA,NA,NA,NA,NA,NA,NA,NA,NA,NA,NA,NA,NA,NA,NA,NA,NA,NA,NA,NA,NA,NA,NA,NA,NA,NA,NA,NA,NA,NA,NA,NA,0.0367878701212035,0.0270886104219438,0.0107095940429274,0.0172601005934339,0.0199703533036866,0.0619851453184787,0.0510241343574677,0.0299233632566966,0.0565728899062232,0.0757864091197425,0.0176386009719343,0.024315607648941,0.0262071095404429,0.012347595680929,0.0200336033669367,0.0570746404079737,0.0125995959329293,0.00989009322342656,0.0336396169729503,0.0134815968149301,0.0212306045639379,0.0587136420469754,0.140541223874557,0.0249468582801916,0.0129140962474296,0.0200961034294368,0.0250086083419417,0.0490766324099657,0.0192141025474359,0.0139215972549306,0.0207578001296216,0.0176337210580036,0.0110901980118674,0.0729981786768439,0.0333404143640863,0.0482201201239768,0.0311532341268828,0.017551294865688,0.0735823240564977,0.0181188973332953,0.0209554106643891,0.0245046144588048,0.0139304029388213,0.0813318628212693,0.0401865697698953,0.0298363560786751,0.0634775639931529,0.0180749671436417,0.020922547647863,0.0152250406665956,0.0154589738691739,0.0241903496086123,0.0222594756098531,0.0321747754224404,0.0248324908088935,0.0660512782917809,0.0613762609684517,0.0294254885894039,0.0305884488059079,0.0207509390956109
"SPEECH_1240",NA,NA,NA,NA,NA,NA,NA,NA,NA,NA,NA,NA,NA,NA,NA,NA,NA,NA,NA,NA,NA,NA,NA,NA,NA,NA,NA,NA,NA,NA,NA,NA,NA,NA,NA,NA,NA,NA,NA,NA,NA,NA,NA,NA,NA,NA,NA,NA,NA,NA,NA,NA,NA,NA,NA,NA,NA,NA,NA,NA,0.0239873898802064,0.0472001663437217,0.0170739024242661,0.057892635577905,0.0696542320363075,0.0667554401030759,0.0176303683876428,0.012023444527991,0.0372338184724523,0.0264833627828058,0.0184770060267332,0.0149547113743522,0.0147558025314334,0.0514212545114455,0.0312840396765721,0.0257332651498939,0.0201228752177832,0.0322412377410672,0.0164116015516902,0.0149921876322763,0.0261668312617392,0.0247438680008582,0.0411112242181803,0.016208040052948,0.105991697802337,0.0791409712386071,0.0338847441740145,0.0228119281327397,0.0195097082642548,0.0141022449047,0.0200417434435897,0.0483208136839131,0.0104601676197675,0.0289863830825837,0.0269195180385888,0.026226715036821,0.0272592852494212,0.0127029384779055,0.0512635652785526,0.00896071302954554,0.043651244018817,0.0275185357596777,0.0229618707568652,0.0879669770946565,0.0253134810810983,0.0667934310816599,0.0608287657201032,0.0198986663194452,0.0424549266772239,0.0276718307224394,0.0251496237295405,0.0224779821551611,0.0229470668931859,0.0480671823479828,0.019493772065491,0.0338696044688424,0.019119940168084,0.0522890991822954,0.041107041821344,0.0292771149953979
"SPEECH_771",NA,NA,NA,NA,NA,NA,NA,NA,NA,NA,NA,NA,NA,NA,NA,NA,NA,NA,NA,NA,NA,NA,NA,NA,NA,NA,NA,NA,NA,NA,NA,NA,NA,NA,NA,NA,NA,NA,NA,NA,NA,NA,NA,NA,NA,NA,NA,NA,NA,NA,NA,NA,NA,NA,NA,NA,NA,NA,NA,NA,0.0449665990696557,0.0261638899438375,0.0152813192673188,0.0365601362916604,0.0217925877646296,0.0359799828216515,0.0744019795412857,0.0206581722271184,0.0179536188634867,0.0154892081485366,0.0598880558665909,0.0335166894269675,0.0173529114503754,0.0684657661709062,0.0343337891325022,0.0722192157906321,0.0323237786173412,0.0223681246204003,0.0116448321532643,0.0228485205909383,0.0212265605231812,0.031716626855737,0.020920463766592,0.0426107452248281,0.0329123547040289,0.0322656204434039,0.0273818976941973,0.0536429970425297,0.0377794262218118,0.015334129764591,0.0734186431665021,0.0455789691334868,0.0142831494104602,0.0544166885141249,0.0202144680396994,0.02190548283481,0.0377917990545669,0.0200712364303532,0.0406092247136376,0.016743933064457,0.0380999638084731,0.0520976822008599,0.0136472532375807,0.0470247610021688,0.0714085134013591,0.0204087430167851,0.016955063016415,0.0211284190577986,0.0265388827180023,0.0243948789623044,0.0210709620409628,0.0186217684141916,0.0148003549286671,0.0292745489282596,0.0665952502365901,0.0205138301902681,0.0299133286888802,0.0327256239784478,0.0446149972340406,0.045131580575847
"SPEECH_89",NA,NA,NA,NA,NA,NA,NA,NA,NA,NA,NA,NA,NA,NA,NA,NA,NA,NA,NA,NA,NA,NA,NA,NA,NA,NA,NA,NA,NA,NA,NA,NA,NA,NA,NA,NA,NA,NA,NA,NA,NA,NA,NA,NA,NA,NA,NA,NA,NA,NA,NA,NA,NA,NA,NA,NA,NA,NA,NA,NA,0.0123582766439909,0.0149092970521542,0.0123582766439909,0.0435487528344671,0.124365079365079,0.0241269841269841,0.0215759637188209,0.00980725623582766,0.0731746031746032,0.0182426303854875,0.0356916099773243,0.0323582766439909,0.0149092970521542,0.0200113378684807,0.103140589569161,0.0123582766439909,0.0123582766439909,0.0123582766439909,0.0174603174603175,0.0751473922902494,0.00980725623582766,0.0123582766439909,0.0200113378684807,0.0776984126984127,0.0256916099773243,0.0529705215419501,0.00980725623582766,0.0156916099773243,0.063140589569161,0.022562358276644,0.0152888790135453,0.0302597837967226,0.0153981212957631,0.0358986811193868,0.0444419719899623,0.0408708233825338,0.0258492269893487,0.0254209864054869,0.0252166743171906,0.00895515185651415,0.0395039272615616,0.0240988098847703,0.0161091538109939,0.0539251607577484,0.0448826292096949,0.0578405798602374,0.0833235582666439,0.018840361786815,0.0179567733900507,0.0306934722424436,0.0288035453423736,0.014994755385541,0.0238934842963894,0.0425042461285134,0.0480644609410312,0.0170456005535097,0.0698899843788713,0.0402716293778022,0.0410361821020997,0.0187213848564544
"SPEECH_895",NA,NA,NA,NA,NA,NA,NA,NA,NA,NA,NA,NA,NA,NA,NA,NA,NA,NA,NA,NA,NA,NA,NA,NA,NA,NA,NA,NA,NA,NA,NA,NA,NA,NA,NA,NA,NA,NA,NA,NA,NA,NA,NA,NA,NA,NA,NA,NA,NA,NA,NA,NA,NA,NA,NA,NA,NA,NA,NA,NA,0.0152888790135453,0.0302597837967226,0.0153981212957631,0.0358986811193868,0.0444419719899623,0.0408708233825338,0.0258492269893487,0.0254209864054869,0.0252166743171906,0.00895515185651415,0.0395039272615616,0.0240988098847703,0.0161091538109939,0.0539251607577484,0.0448826292096949,0.0578405798602374,0.0833235582666439,0.018840361786815,0.0179567733900507,0.0306934722424436,0.0288035453423736,0.014994755385541,0.0238934842963894,0.0425042461285134,0.0480644609410312,0.0170456005535097,0.0698899843788713,0.0402716293778022,0.0410361821020997,0.0187213848564544,0.0302539486018957,0.0583988400657737,0.0139941246759726,0.0569525673025635,0.0474680983203722,0.0249708247366891,0.0412210134745877,0.0290442134756069,0.0373359219121363,0.0122244884723672,0.0120145175602081,0.0606556661167726,0.0133233930463401,0.038086525254599,0.0800236531479128,0.0282096784624517,0.0107600247974055,0.0219071840281266,0.0176876975954149,0.0156508571224381,0.0172933556008866,0.0150991871651434,0.036843226360017,0.0246846228239024,0.0263478508935414,0.0840580091785709,0.0728187001704041,0.0275831997729078,0.0187118116375145,0.0263767982274775
"SPEECH_103",NA,NA,NA,NA,NA,NA,NA,NA,NA,NA,NA,NA,NA,NA,NA,NA,NA,NA,NA,NA,NA,NA,NA,NA,NA,NA,NA,NA,NA,NA,NA,NA,NA,NA,NA,NA,NA,NA,NA,NA,NA,NA,NA,NA,NA,NA,NA,NA,NA,NA,NA,NA,NA,NA,NA,NA,NA,NA,NA,NA,0.0155737813433356,0.0778471125401319,0.012179072944422,0.035180671850142,0.0341951878957766,0.0152227015137024,0.0167961911023307,0.0125448903834101,0.0162869942096183,0.0659002193905474,0.0409912241283141,0.0192621178743971,0.0191221730330225,0.0174590712858164,0.00807115167922569,0.0314172109798687,0.00775935132537319,0.0245386816034419,0.0120356934906977,0.0135699036035453,0.0191329764500496,0.0823967249534953,0.0932052002279084,0.0368116131362557,0.0136487123450959,0.0927583259374681,0.091778524705354,0.0245813956915723,0.0296072951665887,0.0201258292090925,0.0219409240984577,0.0250652507471798,0.0105805457736894,0.0750124687817333,0.0267114377717883,0.0283304579733562,0.0303632891079161,0.013502603600961,0.0204914306255951,0.011216013836078,0.028271205111224,0.0277736917846737,0.0250176522692486,0.0778333121468755,0.0184481477272295,0.0564444956611751,0.0173367592894953,0.0239362123150225,0.0259851609064835,0.0159718486335084,0.0409209887699104,0.0347672034776712,0.0510478690109428,0.035295942814502,0.0307669826938286,0.0390984592235154,0.0426102812191406,0.0713236856855937,0.0517227897812274,0.022212889161977
"SPEECH_825",NA,NA,NA,NA,NA,NA,NA,NA,NA,NA,NA,NA,NA,NA,NA,NA,NA,NA,NA,NA,NA,NA,NA,NA,NA,NA,NA,NA,NA,NA,NA,NA,NA,NA,NA,NA,NA,NA,NA,NA,NA,NA,NA,NA,NA,NA,NA,NA,NA,NA,NA,NA,NA,NA,NA,NA,NA,NA,NA,NA,0.0162889750485043,0.034777519045893,0.0177454331291945,0.0200479254953387,0.120559474489605,0.0217642857639897,0.0180044813121565,0.0213308307823888,0.0368235252440715,0.022264922472161,0.0212436273830693,0.0209828711901097,0.0178317825235152,0.0174846769362349,0.0759120931536001,0.0192001831998871,0.0274131492731152,0.0234815000376395,0.0615862541885782,0.0201351288946582,0.0377576169338437,0.0416692444965704,0.0322805982083608,0.0234797920276419,0.0173974735369155,0.147726986621221,0.0174846769362349,0.0190274844112458,0.0136376690850823,0.0146598181791728,0.0290028616694754,0.0519743608520301,0.0123614658502628,0.0289295377461661,0.0702809671581061,0.0355988292197631,0.0193889222406754,0.0187876266289958,0.0373633031785465,0.0259090302102858,0.019148334130943,0.0223550658884136,0.0181775755467535,0.0344494547402342,0.0262218853367434,0.0327265565682997,0.0129342688656319,0.0159265614369035,0.0269979614284346,0.0384104584439596,0.0215059080067205,0.0501403355690297,0.0711968494903566,0.0167132267326052,0.0448657887992765,0.0781497938023424,0.0729294757632094,0.0308281514145348,0.0195211613741717,0.0172042819071291
"SPEECH_1248",NA,NA,NA,NA,NA,NA,NA,NA,NA,NA,NA,NA,NA,NA,NA,NA,NA,NA,NA,NA,NA,NA,NA,NA,NA,NA,NA,NA,NA,NA,NA,NA,NA,NA,NA,NA,NA,NA,NA,NA,NA,NA,NA,NA,NA,NA,NA,NA,NA,NA,NA,NA,NA,NA,NA,NA,NA,NA,NA,NA,0.0162889750485043,0.034777519045893,0.0177454331291945,0.0200479254953387,0.120559474489605,0.0217642857639897,0.0180044813121565,0.0213308307823888,0.0368235252440715,0.022264922472161,0.0212436273830693,0.0209828711901097,0.0178317825235152,0.0174846769362349,0.0759120931536001,0.0192001831998871,0.0274131492731152,0.0234815000376395,0.0615862541885782,0.0201351288946582,0.0377576169338437,0.0416692444965704,0.0322805982083608,0.0234797920276419,0.0173974735369155,0.147726986621221,0.0174846769362349,0.0190274844112458,0.0136376690850823,0.0146598181791728,0.0290028616694754,0.0519743608520301,0.0123614658502628,0.0289295377461661,0.0702809671581061,0.0355988292197631,0.0193889222406754,0.0187876266289958,0.0373633031785465,0.0259090302102858,0.019148334130943,0.0223550658884136,0.0181775755467535,0.0344494547402342,0.0262218853367434,0.0327265565682997,0.0129342688656319,0.0159265614369035,0.0269979614284346,0.0384104584439596,0.0215059080067205,0.0501403355690297,0.0711968494903566,0.0167132267326052,0.0448657887992765,0.0781497938023424,0.0729294757632094,0.0308281514145348,0.0195211613741717,0.0172042819071291
"SPEECH_782",NA,NA,NA,NA,NA,NA,NA,NA,NA,NA,NA,NA,NA,NA,NA,NA,NA,NA,NA,NA,NA,NA,NA,NA,NA,NA,NA,NA,NA,NA,NA,NA,NA,NA,NA,NA,NA,NA,NA,NA,NA,NA,NA,NA,NA,NA,NA,NA,NA,NA,NA,NA,NA,NA,NA,NA,NA,NA,NA,NA,0.0219409240984577,0.0250652507471798,0.0105805457736894,0.0750124687817333,0.0267114377717883,0.0283304579733562,0.0303632891079161,0.013502603600961,0.0204914306255951,0.011216013836078,0.028271205111224,0.0277736917846737,0.0250176522692486,0.0778333121468755,0.0184481477272295,0.0564444956611751,0.0173367592894953,0.0239362123150225,0.0259851609064835,0.0159718486335084,0.0409209887699104,0.0347672034776712,0.0510478690109428,0.035295942814502,0.0307669826938286,0.0390984592235154,0.0426102812191406,0.0713236856855937,0.0517227897812274,0.022212889161977,0.0619743803054455,0.0575711094041512,0.0177092056201386,0.0101535751069984,0.0647627713667021,0.0627127625755315,0.0309607243591654,0.0139788723869114,0.0154291209021326,0.015685204912949,0.0347961144716392,0.0150226263495597,0.00943919121982643,0.0486280663226028,0.0286063263420568,0.0540683548024814,0.0141717950483145,0.030498197155316,0.039475175742019,0.0267570904064978,0.00961264187675657,0.017556267099465,0.0693748058162672,0.013397457755162,0.0592106514267146,0.051657859915132,0.0455624017685247,0.0216709610837514,0.0151140945001275,0.0444421939576598
"SPEECH_88",NA,NA,NA,NA,NA,NA,NA,NA,NA,NA,NA,NA,NA,NA,NA,NA,NA,NA,NA,NA,NA,NA,NA,NA,NA,NA,NA,NA,NA,NA,NA,NA,NA,NA,NA,NA,NA,NA,NA,NA,NA,NA,NA,NA,NA,NA,NA,NA,NA,NA,NA,NA,NA,NA,NA,NA,NA,NA,NA,NA,0.0189033654194244,0.0802874710122887,0.0130141448282095,0.0160970722145226,0.030013297267799,0.0248880233758753,0.0179172461137318,0.0165524976467069,0.0187148095209408,0.0203343567715886,0.0381304871531078,0.0116285785561799,0.02874501422161,0.0485371629950151,0.0805303331866672,0.0498586285359398,0.0948635337056098,0.00983384019746301,0.0503142958590908,0.0172844280808846,0.012366893525349,0.02703705063277,0.0171699864426446,0.0225418273959452,0.0610918345658624,0.0541343230929203,0.0349720201381133,0.0362416311403196,0.0314602390435877,0.0165356073598322,0.00515268621656437,0.109906607562325,0.0141888307948776,0.00741172236114268,0.123176668939911,0.00665871031294991,0.0124554823065848,0.00322042888535273,0.0043996741683716,0.0166467757823748,0.0206391604152459,0.0125549367280443,0.014913427294082,0.0154675304993559,0.0196304084261575,0.0401322270212927,0.0157943093127226,0.0151407516859892,0.0175276578010154,0.0618701219974237,0.0126543911495037,0.0240490262938547,0.0303999014927635,0.0159932181556414,0.0157943093127226,0.124384329771918,0.0850572099719633,0.0203123816018792,0.0150412972645298,0.119425816473441
"SPEECH_858",NA,NA,NA,NA,NA,NA,NA,NA,NA,NA,NA,NA,NA,NA,NA,NA,NA,NA,NA,NA,NA,NA,NA,NA,NA,NA,NA,NA,NA,NA,NA,NA,NA,NA,NA,NA,NA,NA,NA,NA,NA,NA,NA,NA,NA,NA,NA,NA,NA,NA,NA,NA,NA,NA,NA,NA,NA,NA,NA,NA,0.019429430936915,0.0472235037722081,0.0205384463312689,0.0332012303424327,0.0880564952639502,0.0175610877517059,0.0193616089957549,0.0138835341236358,0.041639480502927,0.0111717532164831,0.0274885983653451,0.04115524085655,0.0265461289402133,0.0667434827693312,0.0758307874953896,0.0457549483241714,0.0173420807109273,0.0170514176504899,0.0249000399393247,0.0260241055172755,0.0173203389342233,0.0249089221262425,0.0128125474130229,0.0219555866054831,0.0213793303203902,0.0633479102830471,0.0284148589381413,0.0321004804196653,0.039091607763419,0.0577650153900658,0.0392019765674851,0.0565285858976289,0.0105536689733409,0.0231222422737834,0.0388006178304054,0.0194157416669139,0.0296863490976856,0.0114111133861766,0.0222351293354017,0.0133316165944437,0.0489168616396765,0.0386909487744024,0.0148219765662109,0.025117891670859,0.0231829168463174,0.0509913936950287,0.0487187642572668,0.0226642111745532,0.0513194555977966,0.0307056312874024,0.0175643092810989,0.0760148489131715,0.0432396597270176,0.0268371109068428,0.0181784226225921,0.0707479002152413,0.0261007094511065,0.0332222458165269,0.0229097547846929,0.0457679451489303
"SPEECH_105",NA,NA,NA,NA,NA,NA,NA,NA,NA,NA,NA,NA,NA,NA,NA,NA,NA,NA,NA,NA,NA,NA,NA,NA,NA,NA,NA,NA,NA,NA,NA,NA,NA,NA,NA,NA,NA,NA,NA,NA,NA,NA,NA,NA,NA,NA,NA,NA,NA,NA,NA,NA,NA,NA,NA,NA,NA,NA,NA,NA,0.0499129329947158,0.0353427753195621,0.0151119860430009,0.0140224042451865,0.0564634259516791,0.0393870354639519,0.0399260322306502,0.0208574107260574,0.0555053032792155,0.0240273351682323,0.0185000062275073,0.0573412162346906,0.0304749185145287,0.0323684344771593,0.0288564811612582,0.0421144305458151,0.0269004437037434,0.0148394760092028,0.06190343252646,0.0224501775331357,0.0210312706795286,0.0223837931157243,0.0479515314579268,0.0114510584284016,0.0132491285201128,0.0502414329587005,0.0471194198198458,0.0517032103537022,0.0301456816951966,0.0184178146151078,0.0295195512794879,0.0472109755894077,0.0106720245747144,0.0178323886760434,0.0330518795678935,0.0333154218051745,0.0325005533815107,0.0131582771557024,0.0223731482306837,0.0171715398825571,0.0475236222284088,0.0506513584411918,0.00979881171483368,0.06473836223416,0.0240055533252439,0.0654651671419708,0.0233680871181631,0.0217034881701112,0.0279130889053904,0.0223807826437654,0.0249348277727494,0.0217402855909314,0.0491782132314523,0.0177040529571633,0.0239768728790149,0.0505531331369849,0.0479640597990341,0.0495927801545416,0.069633063929806,0.0303686284819076
"SPEECH_816",NA,NA,NA,NA,NA,NA,NA,NA,NA,NA,NA,NA,NA,NA,NA,NA,NA,NA,NA,NA,NA,NA,NA,NA,NA,NA,NA,NA,NA,NA,NA,NA,NA,NA,NA,NA,NA,NA,NA,NA,NA,NA,NA,NA,NA,NA,NA,NA,NA,NA,NA,NA,NA,NA,NA,NA,NA,NA,NA,NA,0.0461853727294898,0.0386799817290362,0.0151395352337177,0.0438235033476807,0.0187718998970602,0.0484677166880721,0.0311856663755318,0.0164430625650022,0.0625883142927624,0.022660341794893,0.0236875434402852,0.0876429846955712,0.0155180479258294,0.0602622183286091,0.0536934950822786,0.0400505134430089,0.0132212621363551,0.0198359873941429,0.0138425054515825,0.0220522169852824,0.0121534066143648,0.0224441096189824,0.0195022695081418,0.0149028978199125,0.01499960786091,0.0584154054896987,0.0692691695929294,0.0400430889819118,0.0374643800720029,0.0170534949049541,0.0356095130521311,0.0663083856324033,0.011395655334432,0.0286251013066759,0.0375924087462978,0.0291793692095809,0.049315182692607,0.0104975458698887,0.0236424314042068,0.0164645431856438,0.021481582245114,0.0537568870158086,0.0193262961352405,0.0606367894272879,0.0196931082016127,0.0470687654848881,0.0252722759169234,0.0184565345039588,0.0273254014105206,0.0190928550394575,0.0294555756163415,0.02593180515572,0.0926475638615592,0.0232675074849818,0.0281011225163976,0.0443723688526339,0.0211211336182723,0.0419832130300711,0.0536639678052683,0.0187151102440748
"SPEECH_855",NA,NA,NA,NA,NA,NA,NA,NA,NA,NA,NA,NA,NA,NA,NA,NA,NA,NA,NA,NA,NA,NA,NA,NA,NA,NA,NA,NA,NA,NA,NA,NA,NA,NA,NA,NA,NA,NA,NA,NA,NA,NA,NA,NA,NA,NA,NA,NA,NA,NA,NA,NA,NA,NA,NA,NA,NA,NA,NA,NA,0.0318657373372844,0.0850038116219642,0.0182684293704665,0.0211495328279744,0.0376928802839804,0.0424163050486723,0.0295822584334868,0.0143364635967098,0.0214937006776144,0.0179971722074658,0.0441129871990081,0.0419696468695309,0.0149576106576788,0.050739323305891,0.0231105449829011,0.0737958192613634,0.0320570065596745,0.02297806309703,0.0403394885983852,0.0263101456286725,0.0186248303110637,0.0285789767307965,0.0344360953400087,0.0208507030184127,0.0305658912991766,0.0521628718180077,0.0321317216797008,0.0385478908253945,0.0232523380843946,0.0306717533272899,0.0475836040181739,0.0515276428064704,0.0135589013708278,0.0223085596297022,0.0627850868883395,0.0149711930563717,0.0371890352971965,0.00956018091885226,0.0138841492552781,0.0142999205676062,0.0353446750541429,0.123755332731356,0.0299271674714877,0.0360772398549539,0.0172922515583956,0.0579379429582073,0.0168164000091165,0.00946110239173447,0.0295623029584247,0.0213632657446362,0.0356867610334259,0.0156111367483682,0.0428403058948864,0.0127618210568374,0.0402773633779916,0.0713628724582583,0.0238630974560531,0.0320103064722446,0.0347590148701741,0.025621366090487
"SPEECH_1247",NA,NA,NA,NA,NA,NA,NA,NA,NA,NA,NA,NA,NA,NA,NA,NA,NA,NA,NA,NA,NA,NA,NA,NA,NA,NA,NA,NA,NA,NA,NA,NA,NA,NA,NA,NA,NA,NA,NA,NA,NA,NA,NA,NA,NA,NA,NA,NA,NA,NA,NA,NA,NA,NA,NA,NA,NA,NA,NA,NA,0.0272913881609534,0.0514883728930552,0.0126985859427331,0.0119445276635912,0.0967955740530991,0.0276355998764026,0.0371253297674702,0.0218384984271272,0.036568138909276,0.0187078126877458,0.00879383220520344,0.0390176774792159,0.0195419098429132,0.060081600549828,0.0215543158686971,0.0245649432940403,0.0196940059816314,0.0139369239703688,0.0205881322938179,0.0695832100514375,0.0179937738466167,0.0192721313122651,0.0127786248187586,0.0528379337743886,0.0341667498858134,0.112364137782198,0.0156771755433963,0.0177816485508793,0.0572493900253098,0.0204280545417669,0.0280945215305946,0.0537383663917006,0.0136748703680739,0.0434546182804617,0.070432618167737,0.0194297763178683,0.0221960416813446,0.0132185836442484,0.0935592473821806,0.0140569433840945,0.0201263331525611,0.0166458135013422,0.0366317856168713,0.0121393138895382,0.0497696047812773,0.0109707125664227,0.0154683046348747,0.0176131458627283,0.0173133392091232,0.0398600891562053,0.0159725553954834,0.0152351285637234,0.0327902294882622,0.0454419172685318,0.0127817358325774,0.0904394914833543,0.0245132122949063,0.0248105389034677,0.117955459264087,0.0116657019863581
"SPEECH_68",NA,NA,NA,NA,NA,NA,NA,NA,NA,NA,NA,NA,NA,NA,NA,NA,NA,NA,NA,NA,NA,NA,NA,NA,NA,NA,NA,NA,NA,NA,NA,NA,NA,NA,NA,NA,NA,NA,NA,NA,NA,NA,NA,NA,NA,NA,NA,NA,NA,NA,NA,NA,NA,NA,NA,NA,NA,NA,NA,NA,0.0326834953042898,0.0527311489335311,0.0123234077724188,0.0379783070773747,0.0344142907208076,0.037948254967761,0.063259330514548,0.0212998629855699,0.031148720815884,0.0464026993887233,0.0359142481891419,0.0330511031949678,0.0143058860357207,0.0550317885575166,0.0135686043002509,0.0594222726879021,0.0491115811853446,0.0198249186505035,0.0576785043174219,0.0109052799151053,0.012950332480312,0.0473204349673144,0.0515122700282707,0.0151688769829793,0.0296844838319875,0.0449664951598214,0.031845058459463,0.0193558875465757,0.0127696470743293,0.0154228079541633,0.0377569633358604,0.0237561833408097,0.0103679443020575,0.0694630625998494,0.0203384583904995,0.0349587748131553,0.0613931306220635,0.0350171432768711,0.0315078213741379,0.016256382274525,0.0257879305384677,0.0846100068468175,0.0122962896894623,0.0634819346325672,0.0164752093613397,0.0125350101478056,0.0481268751142229,0.0178491636476836,0.032920250752669,0.0288766497288818,0.0241566740731219,0.0534622336364996,0.0203769334826866,0.0675517686737548,0.0307997485128065,0.0129540826007763,0.0327718155958786,0.0210347263940007,0.0294124591092841,0.023704373131444
"SPEECH_775",NA,NA,NA,NA,NA,NA,NA,NA,NA,NA,NA,NA,NA,NA,NA,NA,NA,NA,NA,NA,NA,NA,NA,NA,NA,NA,NA,NA,NA,NA,NA,NA,NA,NA,NA,NA,NA,NA,NA,NA,NA,NA,NA,NA,NA,NA,NA,NA,NA,NA,NA,NA,NA,NA,NA,NA,NA,NA,NA,NA,0.0326834953042898,0.0527311489335311,0.0123234077724188,0.0379783070773747,0.0344142907208076,0.037948254967761,0.063259330514548,0.0212998629855699,0.031148720815884,0.0464026993887233,0.0359142481891419,0.0330511031949678,0.0143058860357207,0.0550317885575166,0.0135686043002509,0.0594222726879021,0.0491115811853446,0.0198249186505035,0.0576785043174219,0.0109052799151053,0.012950332480312,0.0473204349673144,0.0515122700282707,0.0151688769829793,0.0296844838319875,0.0449664951598214,0.031845058459463,0.0193558875465757,0.0127696470743293,0.0154228079541633,0.0377569633358604,0.0237561833408097,0.0103679443020575,0.0694630625998494,0.0203384583904995,0.0349587748131553,0.0613931306220635,0.0350171432768711,0.0315078213741379,0.016256382274525,0.0257879305384677,0.0846100068468175,0.0122962896894623,0.0634819346325672,0.0164752093613397,0.0125350101478056,0.0481268751142229,0.0178491636476836,0.032920250752669,0.0288766497288818,0.0241566740731219,0.0534622336364996,0.0203769334826866,0.0675517686737548,0.0307997485128065,0.0129540826007763,0.0327718155958786,0.0210347263940007,0.0294124591092841,0.023704373131444
"SPEECH_1269",NA,NA,NA,NA,NA,NA,NA,NA,NA,NA,NA,NA,NA,NA,NA,NA,NA,NA,NA,NA,NA,NA,NA,NA,NA,NA,NA,NA,NA,NA,NA,NA,NA,NA,NA,NA,NA,NA,NA,NA,NA,NA,NA,NA,NA,NA,NA,NA,NA,NA,NA,NA,NA,NA,NA,NA,NA,NA,NA,NA,0.0341553795946207,0.0445574568182995,0.00846150160761478,0.0351270730449109,0.0186680091221484,0.053070681100378,0.0676608064925954,0.0255831626181933,0.0257821882827721,0.0095679396535546,0.0499479405923765,0.0845723021109653,0.0137650889062709,0.0153020327795495,0.0471393399063167,0.0239610242981714,0.032114360910591,0.0132717157901556,0.0323975748745733,0.025939618502024,0.0312062797880925,0.0231137713993408,0.0525978613537783,0.0203046178246027,0.0489650079437486,0.029335638621597,0.0208517612062255,0.0736214325654946,0.019558434328815,0.0193999979622232,0.0258992397354427,0.0508772415350792,0.0141329777454528,0.0204349538296473,0.04258116456464,0.0402747473006172,0.0431908267368879,0.0113843413634232,0.0728746151860002,0.0175976967079366,0.0301787144162674,0.051084323620867,0.00929587199115079,0.0386833084326508,0.0513986747672566,0.0481288559907228,0.0600131363036685,0.021871919858047,0.0375680488498715,0.0230637362143802,0.0127304696402491,0.0185551725253253,0.031164542396865,0.029426418940159,0.0288873669721898,0.0407134531581876,0.0184261816678048,0.0341506168666261,0.0472036118693736,0.0282077708132102
"SPEECH_1254",NA,NA,NA,NA,NA,NA,NA,NA,NA,NA,NA,NA,NA,NA,NA,NA,NA,NA,NA,NA,NA,NA,NA,NA,NA,NA,NA,NA,NA,NA,NA,NA,NA,NA,NA,NA,NA,NA,NA,NA,NA,NA,NA,NA,NA,NA,NA,NA,NA,NA,NA,NA,NA,NA,NA,NA,NA,NA,NA,NA,0.0377569633358604,0.0237561833408097,0.0103679443020575,0.0694630625998494,0.0203384583904995,0.0349587748131553,0.0613931306220635,0.0350171432768711,0.0315078213741379,0.016256382274525,0.0257879305384677,0.0846100068468175,0.0122962896894623,0.0634819346325672,0.0164752093613397,0.0125350101478056,0.0481268751142229,0.0178491636476836,0.032920250752669,0.0288766497288818,0.0241566740731219,0.0534622336364996,0.0203769334826866,0.0675517686737548,0.0307997485128065,0.0129540826007763,0.0327718155958786,0.0210347263940007,0.0294124591092841,0.023704373131444,0.0244318021756758,0.0641092912527906,0.0102216229316446,0.0370941854671533,0.0432410307050547,0.0414265735394773,0.0462741751484345,0.0105255519751648,0.0248888953769575,0.0127014543428011,0.0127975013811201,0.0506724108621213,0.0269645880168775,0.0154775224555084,0.0252207225604246,0.0534308265485542,0.0491820038057514,0.0218309318821174,0.0442081547767446,0.0215543820785154,0.0390573586720609,0.0249662292658722,0.0568923747436852,0.0237888530491581,0.0307147916437715,0.0481664171379226,0.0603841498872227,0.0389699749019398,0.0278682953486009,0.0129379280668769
"SPEECH_827",NA,NA,NA,NA,NA,NA,NA,NA,NA,NA,NA,NA,NA,NA,NA,NA,NA,NA,NA,NA,NA,NA,NA,NA,NA,NA,NA,NA,NA,NA,NA,NA,NA,NA,NA,NA,NA,NA,NA,NA,NA,NA,NA,NA,NA,NA,NA,NA,NA,NA,NA,NA,NA,NA,NA,NA,NA,NA,NA,NA,0.0244318021756758,0.0641092912527906,0.0102216229316446,0.0370941854671533,0.0432410307050547,0.0414265735394773,0.0462741751484345,0.0105255519751648,0.0248888953769575,0.0127014543428011,0.0127975013811201,0.0506724108621213,0.0269645880168775,0.0154775224555084,0.0252207225604246,0.0534308265485542,0.0491820038057514,0.0218309318821174,0.0442081547767446,0.0215543820785154,0.0390573586720609,0.0249662292658722,0.0568923747436852,0.0237888530491581,0.0307147916437715,0.0481664171379226,0.0603841498872227,0.0389699749019398,0.0278682953486009,0.0129379280668769,0.03954603956994,0.0463413717407312,0.0114662230208059,0.0227323561813005,0.043128037079351,0.0259340908506278,0.0355688453552328,0.00943235481945313,0.0298873512754074,0.0323024478725399,0.0260693670724834,0.0266094751583609,0.0154878731223578,0.0291811844707972,0.0255965073939961,0.0630294386797163,0.0546127152939726,0.0209305565323978,0.0427712033202979,0.0303861815310344,0.0161859068092743,0.0680209151068159,0.0474077586469989,0.0202247616123479,0.0215486786651121,0.0528608500494205,0.0161614133649188,0.0496718918078473,0.0626692916815551,0.014234911914905
"SPEECH_802",NA,NA,NA,NA,NA,NA,NA,NA,NA,NA,NA,NA,NA,NA,NA,NA,NA,NA,NA,NA,NA,NA,NA,NA,NA,NA,NA,NA,NA,NA,NA,NA,NA,NA,NA,NA,NA,NA,NA,NA,NA,NA,NA,NA,NA,NA,NA,NA,NA,NA,NA,NA,NA,NA,NA,NA,NA,NA,NA,NA,0.0314736389100114,0.0948282005141713,0.0204652967482321,0.0278446155802016,0.0475961735987169,0.0167081863839853,0.0282912270721889,0.0156912837762757,0.0323241217424523,0.0121580176343058,0.03621557578105,0.018066616258593,0.0130069853529808,0.0251548252824652,0.0251227466168543,0.0505133754017479,0.0184385496553823,0.0202562408107823,0.0280952221723216,0.041119091918814,0.0152179608051619,0.047800402512769,0.0238586102434148,0.0100646736920832,0.0431419436432474,0.086114959471842,0.0461242828446736,0.0318074401037181,0.0340519520283256,0.0584477834432317,0.0346741329448205,0.0377087817294872,0.0143274727804553,0.0399509952704091,0.0336122105864281,0.0532500863489623,0.0255466130257735,0.0142377143425699,0.0274007670691817,0.0151812374990036,0.0261987961290854,0.0149844749007688,0.0180439557950195,0.110600529595371,0.0424619473323832,0.0851066970475263,0.0304028509951667,0.0176109621071289,0.0295688488203006,0.0190507670784087,0.0169243636370966,0.0211436716087885,0.061182578035047,0.0460215907880572,0.045221529565548,0.042569461459096,0.0194544702373599,0.0185245904892051,0.0225730966447906,0.0164648061367604
"SPEECH_842",NA,NA,NA,NA,NA,NA,NA,NA,NA,NA,NA,NA,NA,NA,NA,NA,NA,NA,NA,NA,NA,NA,NA,NA,NA,NA,NA,NA,NA,NA,NA,NA,NA,NA,NA,NA,NA,NA,NA,NA,NA,NA,NA,NA,NA,NA,NA,NA,NA,NA,NA,NA,NA,NA,NA,NA,NA,NA,NA,NA,0.0234383466951824,0.053248230103178,0.0175224226919057,0.0689643408319965,0.0342909050649294,0.019605051514767,0.069702251592531,0.0268253375693533,0.0375508317835673,0.124042433559979,0.0284840651576149,0.049178274824189,0.0169617772571732,0.0168862495715844,0.0814533571261105,0.0185476444063484,0.0141820986372184,0.028593642431404,0.0172324822212608,0.0164012366066748,0.0197334682172488,0.0151845998364198,0.0251330813524766,0.0135044083536921,0.0196397186536225,0.0274512614725455,0.0169375603003005,0.0220042677828052,0.0668748188611802,0.0104258355227411,0.0326358798754261,0.0501299518967909,0.0174917891812765,0.0447070813522064,0.0496635329133867,0.0404293176009617,0.0311464526614562,0.0173380433914328,0.0404531201204946,0.0134223114980075,0.0408002654978121,0.050258210509616,0.0191315700689274,0.0732727521589028,0.0295239953116871,0.0298736387242048,0.0132562060568866,0.0285304469378455,0.0211003515077645,0.0334591156803434,0.0171403139150291,0.0235862272585875,0.0614840262160057,0.0342595945733707,0.0228548663865602,0.0202164587343142,0.0466104314379929,0.0343774856285076,0.0277088873024135,0.0351376756017888
"SPEECH_862",NA,NA,NA,NA,NA,NA,NA,NA,NA,NA,NA,NA,NA,NA,NA,NA,NA,NA,NA,NA,NA,NA,NA,NA,NA,NA,NA,NA,NA,NA,NA,NA,NA,NA,NA,NA,NA,NA,NA,NA,NA,NA,NA,NA,NA,NA,NA,NA,NA,NA,NA,NA,NA,NA,NA,NA,NA,NA,NA,NA,0.0234383466951824,0.053248230103178,0.0175224226919057,0.0689643408319965,0.0342909050649294,0.019605051514767,0.069702251592531,0.0268253375693533,0.0375508317835673,0.124042433559979,0.0284840651576149,0.049178274824189,0.0169617772571732,0.0168862495715844,0.0814533571261105,0.0185476444063484,0.0141820986372184,0.028593642431404,0.0172324822212608,0.0164012366066748,0.0197334682172488,0.0151845998364198,0.0251330813524766,0.0135044083536921,0.0196397186536225,0.0274512614725455,0.0169375603003005,0.0220042677828052,0.0668748188611802,0.0104258355227411,0.0326358798754261,0.0501299518967909,0.0174917891812765,0.0447070813522064,0.0496635329133867,0.0404293176009617,0.0311464526614562,0.0173380433914328,0.0404531201204946,0.0134223114980075,0.0408002654978121,0.050258210509616,0.0191315700689274,0.0732727521589028,0.0295239953116871,0.0298736387242048,0.0132562060568866,0.0285304469378455,0.0211003515077645,0.0334591156803434,0.0171403139150291,0.0235862272585875,0.0614840262160057,0.0342595945733707,0.0228548663865602,0.0202164587343142,0.0466104314379929,0.0343774856285076,0.0277088873024135,0.0351376756017888
"SPEECH_87",NA,NA,NA,NA,NA,NA,NA,NA,NA,NA,NA,NA,NA,NA,NA,NA,NA,NA,NA,NA,NA,NA,NA,NA,NA,NA,NA,NA,NA,NA,NA,NA,NA,NA,NA,NA,NA,NA,NA,NA,NA,NA,NA,NA,NA,NA,NA,NA,NA,NA,NA,NA,NA,NA,NA,NA,NA,NA,NA,NA,0.0294866535721827,0.0338823256787332,0.0200560132713762,0.0184308155573805,0.0392795597326728,0.0364618976288684,0.0267022931170936,0.0190645453543522,0.0735111754902999,0.0187356032332602,0.0178991317683254,0.0240850395702762,0.0307146044355644,0.0428662859433532,0.0395512474599966,0.0326805935226589,0.0545189881004764,0.0223929868008015,0.027223549601468,0.0398121467909564,0.0414720676391025,0.0234957329060484,0.0286228613054842,0.0238455641531021,0.0340715696795928,0.0525466573416394,0.0630657732405675,0.0297713037087293,0.0296324219923379,0.0261205914032991,0.0233321306256924,0.118256497581394,0.0152633817898843,0.0239776885953714,0.0351086862315818,0.0291974481945688,0.0245279757188551,0.00910729238428325,0.026455619624331,0.0130087335255974,0.0243694909357713,0.0236893840135646,0.0217044028476375,0.0531158460858799,0.0263826353338643,0.029390229567801,0.02760837519809,0.0116202842573865,0.0278030117639282,0.0297141967161144,0.0195967719443399,0.0443168472223808,0.0583778117078183,0.0249326524888679,0.0282011255056158,0.0591396394281704,0.0718272746163062,0.0340132875089712,0.0176643561550105,0.0482969224309217
"SPEECH_773",NA,NA,NA,NA,NA,NA,NA,NA,NA,NA,NA,NA,NA,NA,NA,NA,NA,NA,NA,NA,NA,NA,NA,NA,NA,NA,NA,NA,NA,NA,NA,NA,NA,NA,NA,NA,NA,NA,NA,NA,NA,NA,NA,NA,NA,NA,NA,NA,NA,NA,NA,NA,NA,NA,NA,NA,NA,NA,NA,NA,0.0294866535721827,0.0338823256787332,0.0200560132713762,0.0184308155573805,0.0392795597326728,0.0364618976288684,0.0267022931170936,0.0190645453543522,0.0735111754902999,0.0187356032332602,0.0178991317683254,0.0240850395702762,0.0307146044355644,0.0428662859433532,0.0395512474599966,0.0326805935226589,0.0545189881004764,0.0223929868008015,0.027223549601468,0.0398121467909564,0.0414720676391025,0.0234957329060484,0.0286228613054842,0.0238455641531021,0.0340715696795928,0.0525466573416394,0.0630657732405675,0.0297713037087293,0.0296324219923379,0.0261205914032991,0.0233321306256924,0.118256497581394,0.0152633817898843,0.0239776885953714,0.0351086862315818,0.0291974481945688,0.0245279757188551,0.00910729238428325,0.026455619624331,0.0130087335255974,0.0243694909357713,0.0236893840135646,0.0217044028476375,0.0531158460858799,0.0263826353338643,0.029390229567801,0.02760837519809,0.0116202842573865,0.0278030117639282,0.0297141967161144,0.0195967719443399,0.0443168472223808,0.0583778117078183,0.0249326524888679,0.0282011255056158,0.0591396394281704,0.0718272746163062,0.0340132875089712,0.0176643561550105,0.0482969224309217
"SPEECH_1258",NA,NA,NA,NA,NA,NA,NA,NA,NA,NA,NA,NA,NA,NA,NA,NA,NA,NA,NA,NA,NA,NA,NA,NA,NA,NA,NA,NA,NA,NA,NA,NA,NA,NA,NA,NA,NA,NA,NA,NA,NA,NA,NA,NA,NA,NA,NA,NA,NA,NA,NA,NA,NA,NA,NA,NA,NA,NA,NA,NA,0.018842305910069,0.0607802608940395,0.0141970810939152,0.0190198490386303,0.0244278579487955,0.022687073878086,0.0167276233185582,0.0167930940242638,0.0294625449348485,0.0313011900408951,0.0384781984429499,0.0278103321917285,0.025657985344201,0.0736075973201236,0.0241240707385191,0.0657631289614342,0.0183875973845393,0.0278369625031454,0.0143480024091686,0.00909538779387781,0.0252160877178427,0.0365060183026547,0.0866546727473582,0.0223252263130674,0.0401663227071252,0.0348934783435906,0.0434712185636929,0.0877254057880285,0.025904463645015,0.0177889616998362,0.0314438322257276,0.0285715010887354,0.0182018026358169,0.0438414175376499,0.0329981479668238,0.0603592469631937,0.0325203511509441,0.0150534184759244,0.0385789688079348,0.0353645446423243,0.0315784600620279,0.0203093857128753,0.0225265882409937,0.0669793940620288,0.0251220947528301,0.0482465871024133,0.0472481508711353,0.0166236706343561,0.0196708993156456,0.0184628266215196,0.0309056069525882,0.0285890454655347,0.0516291155563456,0.042443603190128,0.044563731337285,0.0243744225345068,0.0368579821103563,0.0546703864520676,0.0197516508365221,0.0125131666937652
"SPEECH_122",NA,NA,NA,NA,NA,NA,NA,NA,NA,NA,NA,NA,NA,NA,NA,NA,NA,NA,NA,NA,NA,NA,NA,NA,NA,NA,NA,NA,NA,NA,NA,NA,NA,NA,NA,NA,NA,NA,NA,NA,NA,NA,NA,NA,NA,NA,NA,NA,NA,NA,NA,NA,NA,NA,NA,NA,NA,NA,NA,NA,0.050078132691028,0.027521028007981,0.0141205504030233,0.0209389367026527,0.0478277075885565,0.0611117266238083,0.022893858491183,0.0188702555892288,0.0291493031067602,0.0178445945850353,0.0416748387472873,0.0346969557676888,0.0167869018085171,0.0670375849342191,0.0243541231781804,0.0469465107596065,0.0257830065842524,0.0191479028321305,0.0186010990235814,0.0310714432619883,0.03561077484402,0.017296201339705,0.0367529719625012,0.047157529542994,0.0472949450106409,0.0476817023352511,0.0230501094390528,0.0564294404742271,0.0311016607820494,0.0211682035828496,0.0292182509906496,0.0634686473141807,0.0122199216211466,0.0243748925364444,0.0573867838690216,0.0466416553385009,0.0330007113300411,0.0136784380304341,0.0122001797904749,0.0220197113910557,0.0156921825182096,0.0108884510334735,0.01892787740596,0.0309986104438095,0.0662876695429514,0.071642266186219,0.023339089214255,0.00895969546248252,0.0163830848129996,0.0308151810550901,0.0154120399377824,0.0679552508217045,0.0712819750077386,0.038233071214962,0.0196838050247933,0.0309773694351548,0.0448849336495624,0.0470015907085137,0.0457489232967395,0.0106777410156488
"SPEECH_42",NA,NA,NA,NA,NA,NA,NA,NA,NA,NA,NA,NA,NA,NA,NA,NA,NA,NA,NA,NA,NA,NA,NA,NA,NA,NA,NA,NA,NA,NA,NA,NA,NA,NA,NA,NA,NA,NA,NA,NA,NA,NA,NA,NA,NA,NA,NA,NA,NA,NA,NA,NA,NA,NA,NA,NA,NA,NA,NA,NA,0.022906404905852,0.0540361000369142,0.0121723323208997,0.0284050004392121,0.0601105244598237,0.0476972770149868,0.0335880084894736,0.0125742520550261,0.0465000355065347,0.019374684645638,0.0288976835067828,0.0484070188891561,0.0170757888983704,0.0552094722321342,0.0316750191186951,0.0348068334901875,0.0498833679300072,0.0180637472846578,0.0442009611190439,0.0219371306374344,0.0213850550466904,0.01948049450816,0.0459240300271601,0.0174814364988254,0.0540713403121296,0.0539137622387004,0.0228722470364013,0.0141922976960635,0.040433171771961,0.0227245218830778,0.017502848245566,0.0635197184572767,0.0178032102142379,0.0261492063778206,0.0485215772308263,0.0402155469729114,0.0264232516097716,0.0180747119109742,0.0844769536370701,0.0144219646104832,0.0195186969502694,0.0157655980111381,0.0368185718635313,0.0206335930888727,0.0211408110470967,0.0471648712198978,0.0901786132978863,0.0184040029397972,0.0482750214847368,0.024672361294163,0.0150108050243789,0.0198697088436054,0.0193774358472274,0.0431234213244778,0.037076470368021,0.0555599287741023,0.0176942951266388,0.0287816152761138,0.0289962797830895,0.0348289091680176
"SPEECH_856",NA,NA,NA,NA,NA,NA,NA,NA,NA,NA,NA,NA,NA,NA,NA,NA,NA,NA,NA,NA,NA,NA,NA,NA,NA,NA,NA,NA,NA,NA,NA,NA,NA,NA,NA,NA,NA,NA,NA,NA,NA,NA,NA,NA,NA,NA,NA,NA,NA,NA,NA,NA,NA,NA,NA,NA,NA,NA,NA,NA,0.022906404905852,0.0540361000369142,0.0121723323208997,0.0284050004392121,0.0601105244598237,0.0476972770149868,0.0335880084894736,0.0125742520550261,0.0465000355065347,0.019374684645638,0.0288976835067828,0.0484070188891561,0.0170757888983704,0.0552094722321342,0.0316750191186951,0.0348068334901875,0.0498833679300072,0.0180637472846578,0.0442009611190439,0.0219371306374344,0.0213850550466904,0.01948049450816,0.0459240300271601,0.0174814364988254,0.0540713403121296,0.0539137622387004,0.0228722470364013,0.0141922976960635,0.040433171771961,0.0227245218830778,0.017502848245566,0.0635197184572767,0.0178032102142379,0.0261492063778206,0.0485215772308263,0.0402155469729114,0.0264232516097716,0.0180747119109742,0.0844769536370701,0.0144219646104832,0.0195186969502694,0.0157655980111381,0.0368185718635313,0.0206335930888727,0.0211408110470967,0.0471648712198978,0.0901786132978863,0.0184040029397972,0.0482750214847368,0.024672361294163,0.0150108050243789,0.0198697088436054,0.0193774358472274,0.0431234213244778,0.037076470368021,0.0555599287741023,0.0176942951266388,0.0287816152761138,0.0289962797830895,0.0348289091680176
"SPEECH_33",NA,NA,NA,NA,NA,NA,NA,NA,NA,NA,NA,NA,NA,NA,NA,NA,NA,NA,NA,NA,NA,NA,NA,NA,NA,NA,NA,NA,NA,NA,NA,NA,NA,NA,NA,NA,NA,NA,NA,NA,NA,NA,NA,NA,NA,NA,NA,NA,NA,NA,NA,NA,NA,NA,NA,NA,NA,NA,NA,NA,0.0319062256289962,0.0754615118016784,0.00861731971883335,0.0356564173793621,0.0232407798548544,0.0307903471899414,0.0151938239928764,0.0109086502835041,0.0384811559647022,0.0204595244391077,0.0434494605485786,0.028715228106538,0.0140673578095904,0.0311692853372385,0.0192511160779775,0.0747919474092328,0.0187228822472082,0.0177791690024694,0.0373458391144251,0.00923070478516479,0.019420549572163,0.0849806648739189,0.0782406765680161,0.0161214764255177,0.0242055349808749,0.0622642202956749,0.0226356303361075,0.0706370406175171,0.0181889696507217,0.0180664899872089,0.0561907391360797,0.0748641989804548,0.0107881559405567,0.0242019678425026,0.0564040606451361,0.0381408295585259,0.0182704605025614,0.0102966742267848,0.0351881342473174,0.0210923222127009,0.0506592249887766,0.0206186233376927,0.0124434766253346,0.0216707474164983,0.0120894608615369,0.0727723873258701,0.0145350421755077,0.0116358560644375,0.0703121490353494,0.0217175116655072,0.0119371402562957,0.0390704764302113,0.105175778283339,0.00914774638180442,0.0240969176061012,0.0778627484735629,0.0279937780138757,0.0167836103813942,0.0189431095206028,0.0150966718636817
"SPEECH_751",NA,NA,NA,NA,NA,NA,NA,NA,NA,NA,NA,NA,NA,NA,NA,NA,NA,NA,NA,NA,NA,NA,NA,NA,NA,NA,NA,NA,NA,NA,NA,NA,NA,NA,NA,NA,NA,NA,NA,NA,NA,NA,NA,NA,NA,NA,NA,NA,NA,NA,NA,NA,NA,NA,NA,NA,NA,NA,NA,NA,0.0264387489966505,0.0555359437978307,0.0165087503027697,0.0638143761535488,0.0537974185806175,0.0537303381213462,0.0197879472279989,0.011663623730649,0.022405295931922,0.0146838321479419,0.0173103658918794,0.0215451780189353,0.0420584358894866,0.0407348291790012,0.027941647857688,0.0312471177588057,0.0298195437375939,0.0182823889088521,0.0335643938912698,0.0198038576996769,0.022824985541985,0.0426748887836056,0.0277285666799267,0.0232775108665922,0.0488422693823683,0.0529140238547858,0.0464906965857258,0.0253501268813024,0.0493176169196108,0.0399052806796332,0.0239080338906093,0.0563488588545437,0.0125398029159341,0.0253631853262134,0.0438130577118373,0.0335563125920825,0.0258923699406023,0.0161133934584797,0.0204439127545917,0.0166387035772807,0.0356097044809314,0.0295970699529769,0.0115018270107191,0.0397133362976521,0.0243338914556776,0.0719042554217416,0.0127636442799546,0.0138748210081037,0.0407970686323685,0.0141414547612366,0.0235340665970073,0.0674100582857401,0.0595556753070867,0.0543758911066327,0.0255220566925952,0.0606824856629098,0.0318392194818114,0.0218386061448839,0.0185965916709953,0.0677906447268006
"SPEECH_795",NA,NA,NA,NA,NA,NA,NA,NA,NA,NA,NA,NA,NA,NA,NA,NA,NA,NA,NA,NA,NA,NA,NA,NA,NA,NA,NA,NA,NA,NA,NA,NA,NA,NA,NA,NA,NA,NA,NA,NA,NA,NA,NA,NA,NA,NA,NA,NA,NA,NA,NA,NA,NA,NA,NA,NA,NA,NA,NA,NA,0.053335204384567,0.0416125499084386,0.0116291063865277,0.0270648217760775,0.0239517301381381,0.0295495395942896,0.0315841737887822,0.0144558198693971,0.0194941704291968,0.0349933315226961,0.0506512885410282,0.0156480575241883,0.0132911556435524,0.0348752996882469,0.0179169515851544,0.146935082796676,0.0217832749830386,0.0191161714597953,0.0477254435377355,0.0118186719348271,0.0124154387531614,0.038110593394578,0.0522817586986591,0.0282199223307759,0.041437808064064,0.0485681987338737,0.0219857128080917,0.0338429304307598,0.0234506314808331,0.0322551598128496,0.0283491085991132,0.0527121034728099,0.00959365009067977,0.0545766442283988,0.0411962562775536,0.0350447495588071,0.0178039458417712,0.00932118783775638,0.0861250304990573,0.00744618195123241,0.0418412003750795,0.0522014620825287,0.0119742007464049,0.102876043414089,0.0490454235503399,0.0296359271434982,0.0145025735053151,0.0116248540496531,0.0357779819977985,0.018416219482412,0.022204192569861,0.0131098337462211,0.00942358308117592,0.0627270131593684,0.0167361157934305,0.0141213462545619,0.0174227844325993,0.052732500908101,0.027124298449278,0.0543335869011038
"SPEECH_1257",NA,NA,NA,NA,NA,NA,NA,NA,NA,NA,NA,NA,NA,NA,NA,NA,NA,NA,NA,NA,NA,NA,NA,NA,NA,NA,NA,NA,NA,NA,NA,NA,NA,NA,NA,NA,NA,NA,NA,NA,NA,NA,NA,NA,NA,NA,NA,NA,NA,NA,NA,NA,NA,NA,NA,NA,NA,NA,NA,NA,0.0283491085991132,0.0527121034728099,0.00959365009067977,0.0545766442283988,0.0411962562775536,0.0350447495588071,0.0178039458417712,0.00932118783775638,0.0861250304990573,0.00744618195123241,0.0418412003750795,0.0522014620825287,0.0119742007464049,0.102876043414089,0.0490454235503399,0.0296359271434982,0.0145025735053151,0.0116248540496531,0.0357779819977985,0.018416219482412,0.022204192569861,0.0131098337462211,0.00942358308117592,0.0627270131593684,0.0167361157934305,0.0141213462545619,0.0174227844325993,0.052732500908101,0.027124298449278,0.0543335869011038,0.0273655535685209,0.05071511801335,0.0169280317334467,0.0291469434988911,0.0760675439075459,0.0521602255678269,0.0270231023713844,0.0208466830191195,0.0222961939429627,0.0151888509082001,0.0136822729197707,0.0334245651743436,0.0413953501239597,0.0529593413374963,0.0423361706454283,0.0513509338857398,0.0247514206795325,0.014236256459775,0.0231264217377987,0.0149026354416273,0.0192853413587763,0.0150117072084198,0.0259043789761511,0.0231778563750903,0.0671765405014968,0.0429223992582882,0.0416377998218879,0.0398699609180714,0.0643825168091882,0.0107278838359097
"SPEECH_11",NA,NA,NA,NA,NA,NA,NA,NA,NA,NA,NA,NA,NA,NA,NA,NA,NA,NA,NA,NA,NA,NA,NA,NA,NA,NA,NA,NA,NA,NA,NA,NA,NA,NA,NA,NA,NA,NA,NA,NA,NA,NA,NA,NA,NA,NA,NA,NA,NA,NA,NA,NA,NA,NA,NA,NA,NA,NA,NA,NA,0.0265614391832707,0.059149165769887,0.0135978021658166,0.0398366149424416,0.0415876634633158,0.0383048042898268,0.0448271984373487,0.0215072356995224,0.03663886771772,0.0124586897962779,0.0979282592389072,0.0425393345777514,0.0107109745258892,0.0411721978519411,0.0186303975797805,0.0271208402678714,0.0217734575283756,0.028915732945937,0.0339972842638492,0.0183237718966668,0.019014782628014,0.03379163652021,0.0202646359279517,0.0135790894315997,0.0219834775239025,0.0431728863261388,0.0535080358616251,0.0548279457169071,0.0176072358177538,0.0466685421035003,0.0350276469442864,0.0444442685664258,0.0155858941903527,0.0452722248569839,0.042414620014758,0.0387365728333938,0.0272278459770207,0.0128889632700273,0.0440063535599742,0.0169832254214949,0.0311005512463857,0.0285234168856848,0.0185038004235548,0.0520107451222569,0.0310222712739312,0.0529958998706671,0.0211643100550208,0.0195956372803242,0.022127693856059,0.0220425190012343,0.0384927262524198,0.0305331706956388,0.0320719120744738,0.0609142730897768,0.0428794936382518,0.0503289585889844,0.0180630308469056,0.0307825166489877,0.0518997719261965,0.0223596855885283
"SPEECH_102",NA,NA,NA,NA,NA,NA,NA,NA,NA,NA,NA,NA,NA,NA,NA,NA,NA,NA,NA,NA,NA,NA,NA,NA,NA,NA,NA,NA,NA,NA,NA,NA,NA,NA,NA,NA,NA,NA,NA,NA,NA,NA,NA,NA,NA,NA,NA,NA,NA,NA,NA,NA,NA,NA,NA,NA,NA,NA,NA,NA,0.0470482928607155,0.0596802317403095,0.0129203187607127,0.0371328115058165,0.0210145635635938,0.02388126266761,0.0378111844987367,0.0131189658089803,0.0241118725933273,0.0143025889041311,0.0533591547059222,0.0588381105543874,0.0133918546446152,0.0276224814858409,0.0191563070775497,0.0945257780715714,0.0368664510752068,0.0223063789496517,0.0423158787576924,0.0124229682788069,0.0154063857500902,0.0236126715199811,0.0376967760504015,0.012649628489694,0.0479737801074178,0.0602456697026722,0.0180510369923742,0.0461766462933215,0.0536079002941302,0.0127520482947394,0.0330212439481561,0.0418276931735509,0.0117592972109181,0.0346814358041607,0.0243590381392187,0.0488860717471751,0.0337997658244921,0.0131385934091083,0.0427225921824375,0.0150240489628261,0.047063786955247,0.037593776581227,0.0124441600675673,0.0683807950699234,0.0305264838885246,0.0605462516769296,0.0218080289448531,0.0171805574007185,0.0243482459390515,0.0148028024958804,0.0151494579583241,0.0271799802628091,0.0448184779801723,0.0337003226149613,0.0212774854056847,0.0419650497970344,0.0165433735675902,0.0568298834919813,0.0738539538506485,0.0347673456488283
"SPEECH_1218",NA,NA,NA,NA,NA,NA,NA,NA,NA,NA,NA,NA,NA,NA,NA,NA,NA,NA,NA,NA,NA,NA,NA,NA,NA,NA,NA,NA,NA,NA,NA,NA,NA,NA,NA,NA,NA,NA,NA,NA,NA,NA,NA,NA,NA,NA,NA,NA,NA,NA,NA,NA,NA,NA,NA,NA,NA,NA,NA,NA,0.0337203100925434,0.0311402134012237,0.0105775362342095,0.0507540794596062,0.0479364730410101,0.0388144158282066,0.0594057487640327,0.0183922746397775,0.0340567874578618,0.0114457581727133,0.0214610359184231,0.0605512631767011,0.012237424863266,0.0321241960512541,0.104936870854394,0.034226735743942,0.0446587391442626,0.0135115115612475,0.0290851369851257,0.0204862783269865,0.0284682378925565,0.0240354872929149,0.033800536541699,0.0356188502104569,0.0176787343846492,0.021694175002012,0.0270203409863753,0.0459918051266852,0.0377480042152944,0.0184210386305689,0.0329869150114158,0.0440880334137007,0.0130812755947677,0.0220450665068528,0.0406264519976875,0.0360324318081236,0.0319008696205814,0.0109330403032745,0.0979183069192264,0.0231060349748192,0.0307854407667768,0.0190074568828729,0.0172756807825398,0.020088444838843,0.0229857180628552,0.0567756546402463,0.0254740981976286,0.0138464473249785,0.0155687429016466,0.0179452823950811,0.0300931628041617,0.0492052377529753,0.0544771714840608,0.0210729438495289,0.0502739439923801,0.0433893858223006,0.0231824803499361,0.0593810402260287,0.032514737262965,0.0439385035117444
"SPEECH_66",NA,NA,NA,NA,NA,NA,NA,NA,NA,NA,NA,NA,NA,NA,NA,NA,NA,NA,NA,NA,NA,NA,NA,NA,NA,NA,NA,NA,NA,NA,NA,NA,NA,NA,NA,NA,NA,NA,NA,NA,NA,NA,NA,NA,NA,NA,NA,NA,NA,NA,NA,NA,NA,NA,NA,NA,NA,NA,NA,NA,0.0642137850902229,0.0434182847540644,0.0150720000261682,0.0376374509424366,0.0444340097737968,0.0265433645594766,0.028552588102575,0.0138344091848081,0.0175218210581772,0.0181517310787598,0.0901763249791442,0.0515704988344309,0.015427231322856,0.0388900300674807,0.0247241216233837,0.0557139894670007,0.0201569330009198,0.0152525840399578,0.025304654430435,0.0136978215914706,0.0140399471022375,0.039918501788496,0.0496054994671632,0.01544602385766,0.05284971317426,0.0325541936347284,0.0259733170132917,0.0261782940507111,0.0274674101635789,0.0556734658203079,0.0290731310721677,0.0717374295965053,0.0109642362472324,0.0240154783765942,0.028645488771013,0.0344715580321383,0.0272981052885139,0.00845963446198627,0.0446154003387229,0.018658163791976,0.0313346950368088,0.0296764567137456,0.0095132131889754,0.0268736956548642,0.0756700424472157,0.0336982119680748,0.12036266733684,0.0157842814925157,0.0264883744656073,0.0135556140723742,0.0122164413097911,0.0474211410737394,0.0904116451372203,0.0338182014305498,0.0289334185047095,0.0247199290130408,0.0216312595959541,0.0212741737768656,0.0207825578802004,0.0178953539240573
"SPEECH_823",NA,NA,NA,NA,NA,NA,NA,NA,NA,NA,NA,NA,NA,NA,NA,NA,NA,NA,NA,NA,NA,NA,NA,NA,NA,NA,NA,NA,NA,NA,NA,NA,NA,NA,NA,NA,NA,NA,NA,NA,NA,NA,NA,NA,NA,NA,NA,NA,NA,NA,NA,NA,NA,NA,NA,NA,NA,NA,NA,NA,0.0799627809781484,0.0255898986736139,0.0134601441566541,0.0164601335856889,0.0305759403686605,0.0408869163383263,0.051498096919739,0.0146885177700849,0.0135826598727399,0.0417996156781651,0.0448436441643184,0.0500670012901839,0.0146921624074953,0.0299261889403183,0.0326323424031851,0.105679030741881,0.0392490119355917,0.0120926997818472,0.0364004146731998,0.0149621889465966,0.0181675951215908,0.0375720450868676,0.0548268932181234,0.0142338572110196,0.0334107264482063,0.0195712383430811,0.0132066564589272,0.0419079766599937,0.0268194568694454,0.0312341649563065,0.0406778058889236,0.0439181525881175,0.00945858624459673,0.0140157023901809,0.0315751904732029,0.0392292229943177,0.0291335583424066,0.0156124323984429,0.0192057351110468,0.029849894240234,0.0149149501181455,0.0302933732214657,0.021843273679232,0.0550396097717319,0.0631180702331462,0.0430634328304256,0.0355545987679693,0.0192149365651241,0.0519183326602669,0.0191019481683513,0.0137141558116417,0.0212807251102713,0.0766892448082283,0.0175454899949748,0.0291088357693681,0.0690689067275287,0.0585937883713525,0.0484750653854812,0.0179044704903679,0.0208805108434575
"SPEECH_808",NA,NA,NA,NA,NA,NA,NA,NA,NA,NA,NA,NA,NA,NA,NA,NA,NA,NA,NA,NA,NA,NA,NA,NA,NA,NA,NA,NA,NA,NA,NA,NA,NA,NA,NA,NA,NA,NA,NA,NA,NA,NA,NA,NA,NA,NA,NA,NA,NA,NA,NA,NA,NA,NA,NA,NA,NA,NA,NA,NA,0.0406778058889236,0.0439181525881175,0.00945858624459673,0.0140157023901809,0.0315751904732029,0.0392292229943177,0.0291335583424066,0.0156124323984429,0.0192057351110468,0.029849894240234,0.0149149501181455,0.0302933732214657,0.021843273679232,0.0550396097717319,0.0631180702331462,0.0430634328304256,0.0355545987679693,0.0192149365651241,0.0519183326602669,0.0191019481683513,0.0137141558116417,0.0212807251102713,0.0766892448082283,0.0175454899949748,0.0291088357693681,0.0690689067275287,0.0585937883713525,0.0484750653854812,0.0179044704903679,0.0208805108434575,0.0411297827507572,0.0436800275300405,0.0141263055994948,0.0143699286154958,0.041734051684109,0.0494426104273958,0.0369738370569001,0.0224810946271329,0.0223602760521579,0.01340763467384,0.0327722689740964,0.03714735664585,0.024748741658193,0.0458226831867134,0.0478601109072824,0.0812947030381533,0.033771311482926,0.0188721954360868,0.0140094201457871,0.0241311123527573,0.0458146505915323,0.0108870463178308,0.0554429845811653,0.00877078085599132,0.0966165376400265,0.0129721559643365,0.0247096467431645,0.0165498840482106,0.0317837984459627,0.0363170619666096
"SPEECH_801",NA,NA,NA,NA,NA,NA,NA,NA,NA,NA,NA,NA,NA,NA,NA,NA,NA,NA,NA,NA,NA,NA,NA,NA,NA,NA,NA,NA,NA,NA,NA,NA,NA,NA,NA,NA,NA,NA,NA,NA,NA,NA,NA,NA,NA,NA,NA,NA,NA,NA,NA,NA,NA,NA,NA,NA,NA,NA,NA,NA,0.0370242719516501,0.0840994926963137,0.0101721768912866,0.0357875537218352,0.0204372436584892,0.0237108481790534,0.0583422561850157,0.013076118586887,0.046588025774067,0.0221398105575849,0.0329097813489711,0.0167205239396352,0.0230684269412094,0.0623927641084986,0.0848945565886725,0.0735679732168708,0.0382583823286815,0.0188805256599637,0.0232126144038828,0.0248859769316565,0.0277571830467303,0.029844456401472,0.0204773186046875,0.00709484336169082,0.0325244747414833,0.0221253398086869,0.0190892192325097,0.0546652378792575,0.0247526327738021,0.0114999704794551,0.0273099992326962,0.0552912160812059,0.0148456271580697,0.0356607314594831,0.0444196479572065,0.0487039819791503,0.0395197249061404,0.0188497255024828,0.0536539190746548,0.020264791731054,0.0251523760511275,0.0650248748480755,0.0146613499263655,0.0547408991661178,0.0495449242958906,0.0257541550562746,0.0201794211439535,0.0215807061039232,0.0294677895516505,0.0239107191775724,0.0274878413967845,0.0201054504272219,0.0387200203496311,0.0131465900423498,0.0283450021069751,0.0256636398176666,0.0427996784230081,0.0346740733342634,0.0554287584818705,0.0250923652171343
"SPEECH_894",NA,NA,NA,NA,NA,NA,NA,NA,NA,NA,NA,NA,NA,NA,NA,NA,NA,NA,NA,NA,NA,NA,NA,NA,NA,NA,NA,NA,NA,NA,NA,NA,NA,NA,NA,NA,NA,NA,NA,NA,NA,NA,NA,NA,NA,NA,NA,NA,NA,NA,NA,NA,NA,NA,NA,NA,NA,NA,NA,NA,0.027728127781079,0.0480904246584464,0.0145836138497373,0.0339857865988691,0.0262473790826809,0.0625393026375791,0.0540350011192215,0.0101752517877811,0.0510195372712623,0.0385059573876895,0.0771289229151135,0.0149377102121173,0.0190714697066841,0.0274182940370477,0.0186194812002423,0.0396833974001459,0.0177634009180108,0.0203559709562109,0.0246207529016795,0.0196093097811827,0.0179617127127574,0.0180834730262435,0.0672713550627224,0.0215395279604359,0.0243963669634361,0.0560456516457174,0.0285589233372842,0.0636389812451187,0.019512572247703,0.036872343595801,0.0607594814283861,0.0491524242131085,0.0185059020468087,0.0137222988118578,0.0539805807385687,0.0250616819437976,0.043852236496741,0.0110163026164893,0.0113148392876139,0.0130240664599371,0.0327660085387798,0.0173782113445161,0.00897561963009998,0.0205744277194561,0.0623366245446258,0.0568598105104517,0.0897360757378398,0.0136347757644882,0.0293267233846464,0.0286944597145848,0.0351228326427255,0.046269299472248,0.0147953873898489,0.00573671604086796,0.0144440959088779,0.045499632672339,0.0542937803241151,0.0749564708836682,0.0277227636249305,0.0204864701075815
"SPEECH_770",NA,NA,NA,NA,NA,NA,NA,NA,NA,NA,NA,NA,NA,NA,NA,NA,NA,NA,NA,NA,NA,NA,NA,NA,NA,NA,NA,NA,NA,NA,NA,NA,NA,NA,NA,NA,NA,NA,NA,NA,NA,NA,NA,NA,NA,NA,NA,NA,NA,NA,NA,NA,NA,NA,NA,NA,NA,NA,NA,NA,0.0273099992326962,0.0552912160812059,0.0148456271580697,0.0356607314594831,0.0444196479572065,0.0487039819791503,0.0395197249061404,0.0188497255024828,0.0536539190746548,0.020264791731054,0.0251523760511275,0.0650248748480755,0.0146613499263655,0.0547408991661178,0.0495449242958906,0.0257541550562746,0.0201794211439535,0.0215807061039232,0.0294677895516505,0.0239107191775724,0.0274878413967845,0.0201054504272219,0.0387200203496311,0.0131465900423498,0.0283450021069751,0.0256636398176666,0.0427996784230081,0.0346740733342634,0.0554287584818705,0.0250923652171343,0.018742554669799,0.0711985484809124,0.0239715507301771,0.0215425004741569,0.0504623036621917,0.0190640491590495,0.0324805691396654,0.0162499849234306,0.120378901119191,0.0253969202284755,0.015057730018219,0.0186973489904198,0.0206103708500489,0.0208952780546188,0.021098084308306,0.0359030467549308,0.0182959678327402,0.025614307400268,0.0241301230238892,0.0247206512645392,0.0559262588697482,0.0460849781278252,0.0963887294406329,0.0130449724154344,0.00737316060996192,0.0249270461141797,0.0414787708335903,0.0229579831321565,0.0130963952114011,0.0542109141600409
"SPEECH_896",NA,NA,NA,NA,NA,NA,NA,NA,NA,NA,NA,NA,NA,NA,NA,NA,NA,NA,NA,NA,NA,NA,NA,NA,NA,NA,NA,NA,NA,NA,NA,NA,NA,NA,NA,NA,NA,NA,NA,NA,NA,NA,NA,NA,NA,NA,NA,NA,NA,NA,NA,NA,NA,NA,NA,NA,NA,NA,NA,NA,0.0273099992326962,0.0552912160812059,0.0148456271580697,0.0356607314594831,0.0444196479572065,0.0487039819791503,0.0395197249061404,0.0188497255024828,0.0536539190746548,0.020264791731054,0.0251523760511275,0.0650248748480755,0.0146613499263655,0.0547408991661178,0.0495449242958906,0.0257541550562746,0.0201794211439535,0.0215807061039232,0.0294677895516505,0.0239107191775724,0.0274878413967845,0.0201054504272219,0.0387200203496311,0.0131465900423498,0.0283450021069751,0.0256636398176666,0.0427996784230081,0.0346740733342634,0.0554287584818705,0.0250923652171343,0.018742554669799,0.0711985484809124,0.0239715507301771,0.0215425004741569,0.0504623036621917,0.0190640491590495,0.0324805691396654,0.0162499849234306,0.120378901119191,0.0253969202284755,0.015057730018219,0.0186973489904198,0.0206103708500489,0.0208952780546188,0.021098084308306,0.0359030467549308,0.0182959678327402,0.025614307400268,0.0241301230238892,0.0247206512645392,0.0559262588697482,0.0460849781278252,0.0963887294406329,0.0130449724154344,0.00737316060996192,0.0249270461141797,0.0414787708335903,0.0229579831321565,0.0130963952114011,0.0542109141600409
"SPEECH_1230",NA,NA,NA,NA,NA,NA,NA,NA,NA,NA,NA,NA,NA,NA,NA,NA,NA,NA,NA,NA,NA,NA,NA,NA,NA,NA,NA,NA,NA,NA,NA,NA,NA,NA,NA,NA,NA,NA,NA,NA,NA,NA,NA,NA,NA,NA,NA,NA,NA,NA,NA,NA,NA,NA,NA,NA,NA,NA,NA,NA,0.0285761564941622,0.054795589976863,0.0209690342375426,0.0303696963698337,0.0364904760400237,0.049897281515901,0.0392017095530195,0.0132731831000457,0.0425986525879762,0.0939803324694728,0.047595799033998,0.0146575818960557,0.0132598578611342,0.0569968146156529,0.0330355586168413,0.0493533224549666,0.0299472080759021,0.0151289431291717,0.0334748706259308,0.0136529009962865,0.0126330987848978,0.0117608928195735,0.0528632470316658,0.0212471774636536,0.0240075020807332,0.0146773663848068,0.0166510778408743,0.0711915285883844,0.0426579121405089,0.0150552272141217,0.0354467132497717,0.046388067753749,0.0192279839685277,0.0193938342458054,0.0307612075271151,0.0411974163788402,0.0267760706488859,0.0284063381217418,0.0815144047397021,0.0137995794202726,0.0281583331519619,0.0303631089231372,0.0169123996769752,0.0305115244786032,0.033544568235221,0.0341898901703561,0.0137434809184596,0.0274237209394434,0.0456051680135018,0.0168517986059126,0.0295797444687709,0.0303967159898599,0.0681779261485454,0.0168948519756056,0.01574382467807,0.0603052332983468,0.02206613515427,0.0749654905745341,0.0348394140233373,0.0268150545206762
"SPEECH_1243",NA,NA,NA,NA,NA,NA,NA,NA,NA,NA,NA,NA,NA,NA,NA,NA,NA,NA,NA,NA,NA,NA,NA,NA,NA,NA,NA,NA,NA,NA,NA,NA,NA,NA,NA,NA,NA,NA,NA,NA,NA,NA,NA,NA,NA,NA,NA,NA,NA,NA,NA,NA,NA,NA,NA,NA,NA,NA,NA,NA,0.0295877083792358,0.0312478859839471,0.017990004939066,0.0151802052763768,0.030566514906958,0.0502162876380064,0.0234190871435495,0.0191619434023558,0.0268838624564814,0.0368762497949581,0.0337398237454352,0.0298154376773579,0.0190119059385323,0.0498971874444059,0.029502650296792,0.0535044173315414,0.0416258073325901,0.0198468330332382,0.0359955769326514,0.026055767080568,0.0273517050343935,0.0260046913345245,0.0418161505748707,0.0176675659485885,0.0296307990933869,0.0668726071366062,0.0238080464365936,0.0599896344843012,0.0618691822283798,0.0248644609943077,0.0575433584161164,0.0367072011262461,0.0105315024747739,0.0331743791261898,0.0357393412113949,0.0518626407379378,0.065158387360567,0.0185881658180774,0.00716573838175648,0.0120094184752168,0.0265597773122892,0.0386379396085811,0.0175126604423177,0.0276255631305527,0.069115530736451,0.0423515925127642,0.026939086614357,0.0184171929671971,0.0139023269606398,0.0165968327864813,0.0388657183069392,0.0137211029337783,0.0262338109062627,0.0352839846751518,0.0139988237428379,0.0403958640005723,0.0827786288262307,0.040050343986983,0.0615180381087694,0.021015048312567
"SPEECH_853",NA,NA,NA,NA,NA,NA,NA,NA,NA,NA,NA,NA,NA,NA,NA,NA,NA,NA,NA,NA,NA,NA,NA,NA,NA,NA,NA,NA,NA,NA,NA,NA,NA,NA,NA,NA,NA,NA,NA,NA,NA,NA,NA,NA,NA,NA,NA,NA,NA,NA,NA,NA,NA,NA,NA,NA,NA,NA,NA,NA,0.0354467132497717,0.046388067753749,0.0192279839685277,0.0193938342458054,0.0307612075271151,0.0411974163788402,0.0267760706488859,0.0284063381217418,0.0815144047397021,0.0137995794202726,0.0281583331519619,0.0303631089231372,0.0169123996769752,0.0305115244786032,0.033544568235221,0.0341898901703561,0.0137434809184596,0.0274237209394434,0.0456051680135018,0.0168517986059126,0.0295797444687709,0.0303967159898599,0.0681779261485454,0.0168948519756056,0.01574382467807,0.0603052332983468,0.02206613515427,0.0749654905745341,0.0348394140233373,0.0268150545206762,0.058129892717428,0.0269290132182343,0.0121012467636226,0.0320004711570188,0.0284131441202933,0.0366575649566276,0.0224198184944345,0.012985420061589,0.0457048351598092,0.0156389405701809,0.0351387415095387,0.0223608918839708,0.0192769014517663,0.0802391048765962,0.0163722129482602,0.0499820928806653,0.0108232973164588,0.0237933883264772,0.0232523573328483,0.0154880396502938,0.0402908791480648,0.0253638462331186,0.0833255077497037,0.0155376728804611,0.0937005936500763,0.0131833087508804,0.0208933465131194,0.00768038027379057,0.0509695350977369,0.0613475543069346
"SPEECH_822",NA,NA,NA,NA,NA,NA,NA,NA,NA,NA,NA,NA,NA,NA,NA,NA,NA,NA,NA,NA,NA,NA,NA,NA,NA,NA,NA,NA,NA,NA,NA,NA,NA,NA,NA,NA,NA,NA,NA,NA,NA,NA,NA,NA,NA,NA,NA,NA,NA,NA,NA,NA,NA,NA,NA,NA,NA,NA,NA,NA,0.0360610000396777,0.0592842649740605,0.0191675923256209,0.0130948720821359,0.0503453180759582,0.0353257554463424,0.0285470595628312,0.0131908989777977,0.0293620363449069,0.00956508914091595,0.025033572221109,0.0172179736701818,0.0165992980600365,0.0406385064771774,0.0703890691718636,0.0596910847108691,0.0318359323661024,0.0161986309490631,0.0928546846002379,0.032798943274319,0.0122892184581929,0.0464481935368774,0.039432178582145,0.0111333719869019,0.0208939884559146,0.0509950606635509,0.0443555104944217,0.0342516304531606,0.0282991798605921,0.0147000850370357,0.0272034791853563,0.0291773157867584,0.0171001466134254,0.0473080288531975,0.0748108887290738,0.0248005326967739,0.0208841303214111,0.0124361907272709,0.0892056978855001,0.0191636316581168,0.0186445498443708,0.0366124749422308,0.0220071180959846,0.0185719339267544,0.0512477998452301,0.0318200208116246,0.0159738881122014,0.0170678397216811,0.0568651939942831,0.0486541716302925,0.013311306621376,0.0174556829933168,0.0449615252243717,0.0207403741387309,0.0196426567978745,0.0463857039456317,0.0378998337048784,0.0482137253438559,0.0540559917309706,0.0177781661174561
"SPEECH_890",NA,NA,NA,NA,NA,NA,NA,NA,NA,NA,NA,NA,NA,NA,NA,NA,NA,NA,NA,NA,NA,NA,NA,NA,NA,NA,NA,NA,NA,NA,NA,NA,NA,NA,NA,NA,NA,NA,NA,NA,NA,NA,NA,NA,NA,NA,NA,NA,NA,NA,NA,NA,NA,NA,NA,NA,NA,NA,NA,NA,0.0289003603436117,0.0551629391143622,0.0206180829910631,0.0391360852274912,0.0250848993314745,0.0148063354774743,0.0300615707991172,0.015075477930203,0.0311541999994029,0.114394286308556,0.0532058497276922,0.0133149619043948,0.0183708207957999,0.0387495661419505,0.0503471090471723,0.0558779972050184,0.0337189918131444,0.0163243279635482,0.0229600115394048,0.0158252028074425,0.0201830980556094,0.0172477735784357,0.05033608287233,0.018254990825359,0.0245996483761807,0.0188341328843575,0.0412456616171304,0.0426601100731529,0.0380206507017101,0.0355287745474101,0.0330162188363823,0.0516049229084455,0.0150515151340422,0.0684258680315218,0.026579078911919,0.0544231308285876,0.0303091589196018,0.0144337464256702,0.0224172160134819,0.0152323254319815,0.0348243157638446,0.0264538314221489,0.0456394255014699,0.0466630927520564,0.0552505132729449,0.0271899833014099,0.0189144825430919,0.0208269374855125,0.0142390634544356,0.0221223016428718,0.0226065449585639,0.0235604867389329,0.0211344855808691,0.0374229840140499,0.0316252127548252,0.050815275732917,0.0571961595627666,0.0133588152969619,0.0798843904551008,0.0187785163235924
"SPEECH_887",NA,NA,NA,NA,NA,NA,NA,NA,NA,NA,NA,NA,NA,NA,NA,NA,NA,NA,NA,NA,NA,NA,NA,NA,NA,NA,NA,NA,NA,NA,NA,NA,NA,NA,NA,NA,NA,NA,NA,NA,NA,NA,NA,NA,NA,NA,NA,NA,NA,NA,NA,NA,NA,NA,NA,NA,NA,NA,NA,NA,0.0214560241683355,0.0619671502722388,0.0245429870924631,0.0366755176560413,0.0426362326120276,0.0672211134326629,0.0200430035411445,0.0152307878036622,0.0277016691621542,0.0169906198286682,0.0239179927375785,0.0136192580655569,0.0330889336795615,0.0195937263904093,0.0518601984888504,0.0218711451976997,0.019947251929774,0.0174411926203814,0.023685077165655,0.0227652803222325,0.0901757125359488,0.0611498585547741,0.0579170511079923,0.0457935343575182,0.0237455701416839,0.0320156751139606,0.0446690875362808,0.0191823139614977,0.0309749961543345,0.0121210383689117,0.0332251149759857,0.0282673374400517,0.0179866729812282,0.0196078746957031,0.0850928855992025,0.0282306581236479,0.0310847640645629,0.0169378173267496,0.0454809358778583,0.0303989504048209,0.0596955435225459,0.0208383054021111,0.0398083608394507,0.023265711397234,0.0366543976497961,0.0377124222611741,0.0283925346491264,0.0192790290183162,0.0379219034656544,0.0162687815137359,0.0148191618337713,0.0287668574478382,0.0603334696466411,0.0219788593146859,0.0132158919052816,0.0573343747817612,0.0254132056951328,0.0335326635952096,0.0326094167192798,0.0558460978514428
"SPEECH_101",NA,NA,NA,NA,NA,NA,NA,NA,NA,NA,NA,NA,NA,NA,NA,NA,NA,NA,NA,NA,NA,NA,NA,NA,NA,NA,NA,NA,NA,NA,NA,NA,NA,NA,NA,NA,NA,NA,NA,NA,NA,NA,NA,NA,NA,NA,NA,NA,NA,NA,NA,NA,NA,NA,NA,NA,NA,NA,NA,NA,0.0332251149759857,0.0282673374400517,0.0179866729812282,0.0196078746957031,0.0850928855992025,0.0282306581236479,0.0310847640645629,0.0169378173267496,0.0454809358778583,0.0303989504048209,0.0596955435225459,0.0208383054021111,0.0398083608394507,0.023265711397234,0.0366543976497961,0.0377124222611741,0.0283925346491264,0.0192790290183162,0.0379219034656544,0.0162687815137359,0.0148191618337713,0.0287668574478382,0.0603334696466411,0.0219788593146859,0.0132158919052816,0.0573343747817612,0.0254132056951328,0.0335326635952096,0.0326094167192798,0.0558460978514428,0.0286224754756702,0.0560647162798194,0.0111957147130301,0.0190826728626952,0.083862014500075,0.0296207330719006,0.0263117621710883,0.0115363551884458,0.0125849390854912,0.0104111514092678,0.0541224464339261,0.0186690791556875,0.0385564303104969,0.0428051100804093,0.0669129292771971,0.043784867664838,0.0137581475381238,0.0163071257509252,0.0292652678991773,0.0193249633153775,0.0234054204776068,0.0203901915340276,0.0123849443953541,0.0397019768464404,0.0655595122043454,0.0701799533895777,0.0284063762974161,0.0218122288151767,0.0264578832664219,0.0589026105899911
"SPEECH_843",NA,NA,NA,NA,NA,NA,NA,NA,NA,NA,NA,NA,NA,NA,NA,NA,NA,NA,NA,NA,NA,NA,NA,NA,NA,NA,NA,NA,NA,NA,NA,NA,NA,NA,NA,NA,NA,NA,NA,NA,NA,NA,NA,NA,NA,NA,NA,NA,NA,NA,NA,NA,NA,NA,NA,NA,NA,NA,NA,NA,0.0324579048273575,0.081980102943173,0.0241258899411682,0.0131486559671985,0.0494948564118359,0.0357495880323066,0.0188237518417912,0.0147618009850468,0.0482191376720644,0.00960228365203264,0.0217654075713759,0.0234378513070526,0.0109347648646377,0.0303471314374383,0.105482522292543,0.0446048960647798,0.0207561344228195,0.012201352591511,0.0247897202422319,0.0101672619509963,0.018336290956291,0.0477724122865458,0.0562223971702162,0.032374991653668,0.0269626506488448,0.0544033263265939,0.0167007415982027,0.0535649845589275,0.0469407633228023,0.0138704264585473,0.0316336180568214,0.0404861842633096,0.0146610110588801,0.0110509841715005,0.0381755791586118,0.0386519592768825,0.0382665282365043,0.0171237755489246,0.0232216730515101,0.0178285548918292,0.0713464435889106,0.0376094881732894,0.0101359431581754,0.0746934521815876,0.0216245501971972,0.0747416384817008,0.0224919085438265,0.0185958139512237,0.0715744084919185,0.0099803575468684,0.031536791160361,0.0191284192644321,0.045580916675575,0.0372990643026839,0.0397240810250281,0.025826184116729,0.0505226595064997,0.0163531432927801,0.0149697317415371,0.0351651368849021
"SPEECH_797",NA,NA,NA,NA,NA,NA,NA,NA,NA,NA,NA,NA,NA,NA,NA,NA,NA,NA,NA,NA,NA,NA,NA,NA,NA,NA,NA,NA,NA,NA,NA,NA,NA,NA,NA,NA,NA,NA,NA,NA,NA,NA,NA,NA,NA,NA,NA,NA,NA,NA,NA,NA,NA,NA,NA,NA,NA,NA,NA,NA,0.0316336180568214,0.0404861842633096,0.0146610110588801,0.0110509841715005,0.0381755791586118,0.0386519592768825,0.0382665282365043,0.0171237755489246,0.0232216730515101,0.0178285548918292,0.0713464435889106,0.0376094881732894,0.0101359431581754,0.0746934521815876,0.0216245501971972,0.0747416384817008,0.0224919085438265,0.0185958139512237,0.0715744084919185,0.0099803575468684,0.031536791160361,0.0191284192644321,0.045580916675575,0.0372990643026839,0.0397240810250281,0.025826184116729,0.0505226595064997,0.0163531432927801,0.0149697317415371,0.0351651368849021,0.0280864148603145,0.0278091890024333,0.0131980417806115,0.0133890401860258,0.0206686386790421,0.0639927471374578,0.0621434486756848,0.0203084226232014,0.0249962074601821,0.0144119443523409,0.0432872775463467,0.0253275600876297,0.0157661855177558,0.0605542392801385,0.0228216548891355,0.0835031278101784,0.0674084096382234,0.0257929900423612,0.0317352073421961,0.0109612208218748,0.00970040151725729,0.0206905278968715,0.0296047739401636,0.0130692127476553,0.0217842220618679,0.0519056288243939,0.0221290455020428,0.0503313282625322,0.0779501534762505,0.0266727380378309
"SPEECH_854",NA,NA,NA,NA,NA,NA,NA,NA,NA,NA,NA,NA,NA,NA,NA,NA,NA,NA,NA,NA,NA,NA,NA,NA,NA,NA,NA,NA,NA,NA,NA,NA,NA,NA,NA,NA,NA,NA,NA,NA,NA,NA,NA,NA,NA,NA,NA,NA,NA,NA,NA,NA,NA,NA,NA,NA,NA,NA,NA,NA,0.0316336180568214,0.0404861842633096,0.0146610110588801,0.0110509841715005,0.0381755791586118,0.0386519592768825,0.0382665282365043,0.0171237755489246,0.0232216730515101,0.0178285548918292,0.0713464435889106,0.0376094881732894,0.0101359431581754,0.0746934521815876,0.0216245501971972,0.0747416384817008,0.0224919085438265,0.0185958139512237,0.0715744084919185,0.0099803575468684,0.031536791160361,0.0191284192644321,0.045580916675575,0.0372990643026839,0.0397240810250281,0.025826184116729,0.0505226595064997,0.0163531432927801,0.0149697317415371,0.0351651368849021,0.0280864148603145,0.0278091890024333,0.0131980417806115,0.0133890401860258,0.0206686386790421,0.0639927471374578,0.0621434486756848,0.0203084226232014,0.0249962074601821,0.0144119443523409,0.0432872775463467,0.0253275600876297,0.0157661855177558,0.0605542392801385,0.0228216548891355,0.0835031278101784,0.0674084096382234,0.0257929900423612,0.0317352073421961,0.0109612208218748,0.00970040151725729,0.0206905278968715,0.0296047739401636,0.0130692127476553,0.0217842220618679,0.0519056288243939,0.0221290455020428,0.0503313282625322,0.0779501534762505,0.0266727380378309
"SPEECH_64",NA,NA,NA,NA,NA,NA,NA,NA,NA,NA,NA,NA,NA,NA,NA,NA,NA,NA,NA,NA,NA,NA,NA,NA,NA,NA,NA,NA,NA,NA,NA,NA,NA,NA,NA,NA,NA,NA,NA,NA,NA,NA,NA,NA,NA,NA,NA,NA,NA,NA,NA,NA,NA,NA,NA,NA,NA,NA,NA,NA,0.0328904748493097,0.0252159333533016,0.0162781189203969,0.0303941994985664,0.0543608789719317,0.0342990095819599,0.0319794849278225,0.00981995722476885,0.0242589341329826,0.0146651958828476,0.0639467372940623,0.0312273884175942,0.0142857512322692,0.0308674364852986,0.059262746969059,0.0587879610269367,0.0181427254362438,0.0238396118840112,0.0250353485583501,0.0239167643962337,0.0333326016120392,0.0157319035060676,0.0344648989629126,0.0665814270427453,0.0530959775812861,0.0459107283192886,0.0413274121200508,0.0182100298200216,0.0506787294746332,0.0171916325170085,0.0399101114675311,0.0335275506064528,0.00958140419765131,0.051631781591578,0.0437769717203169,0.0521907710265619,0.0388824344959098,0.0141612021912887,0.0200361606753763,0.0346523003400811,0.0670321947418808,0.050980268108883,0.0103109574308428,0.0550455790539582,0.0395163228415813,0.0421623582599834,0.0343275173797625,0.0252848518637982,0.0176462371775043,0.0160108706761583,0.0191950639565373,0.0798386264710031,0.0351961865342457,0.02103133785945,0.023500017835899,0.0239169423266132,0.0237399197903164,0.031875327973902,0.0298671671279417,0.0151715642769908
"SPEECH_38",NA,NA,NA,NA,NA,NA,NA,NA,NA,NA,NA,NA,NA,NA,NA,NA,NA,NA,NA,NA,NA,NA,NA,NA,NA,NA,NA,NA,NA,NA,NA,NA,NA,NA,NA,NA,NA,NA,NA,NA,NA,NA,NA,NA,NA,NA,NA,NA,NA,NA,NA,NA,NA,NA,NA,NA,NA,NA,NA,NA,0.0502112660771572,0.0525895218061953,0.0133657407295901,0.0111442201178479,0.0275576541726271,0.0705688658029821,0.0437199231640065,0.0248652262392854,0.0143290130465237,0.016833060496223,0.0457067501477573,0.0197454191489237,0.0103923857299595,0.0591163211664162,0.019898004485856,0.0675698835199944,0.0365103156252827,0.0211175805665529,0.0438981977435209,0.0116608092051597,0.0110833288089028,0.0540183269184451,0.0638998758150959,0.0180068046297237,0.035913326947911,0.0361924962880524,0.0296731847064357,0.0464658810973199,0.030469929704276,0.013476686091976,0.0185296220095914,0.0416816287899743,0.0137379139416387,0.0714757655606104,0.0342242997531018,0.0540634267246414,0.0496087929892174,0.0182723884540289,0.0198215320493254,0.0166928770223214,0.032077846380468,0.0194221154281616,0.0152214445224396,0.0776097961085907,0.0281032380267646,0.0431482139015385,0.0309023317294179,0.0146105468077094,0.0197960552809277,0.0327047643076565,0.044437567338526,0.0229790351582327,0.016293874968917,0.0366672680228004,0.0558788127796822,0.0475232023451062,0.0362244854519511,0.0179907183158028,0.0233750008566408,0.0469254349742151
"SPEECH_752",NA,NA,NA,NA,NA,NA,NA,NA,NA,NA,NA,NA,NA,NA,NA,NA,NA,NA,NA,NA,NA,NA,NA,NA,NA,NA,NA,NA,NA,NA,NA,NA,NA,NA,NA,NA,NA,NA,NA,NA,NA,NA,NA,NA,NA,NA,NA,NA,NA,NA,NA,NA,NA,NA,NA,NA,NA,NA,NA,NA,0.0341252773035951,0.0339709472217764,0.0162353106641377,0.0247938625609128,0.069909431207858,0.0470997232623537,0.0349610402923623,0.0139452995536764,0.027500196591275,0.029164527969956,0.0245461833798101,0.0326066767927506,0.0151076299767791,0.0310146373722497,0.0449591764266705,0.0279017621321119,0.0191125638806078,0.0184724172429734,0.0703186213927533,0.0158336033051147,0.0131800170784708,0.0150434697389747,0.10193789508089,0.0127533625528404,0.0117065437621258,0.0995452633548213,0.0493319231185967,0.0387904875516731,0.0102104867292725,0.0159216625026103,0.024373519071288,0.0442373486369005,0.0143474082151426,0.0219040351546884,0.0451884896280087,0.0555654195211052,0.0396337960278673,0.019739964963946,0.0465474339102199,0.0449792153529889,0.0453780685121298,0.0296466007466721,0.0256977663566553,0.0259018512145408,0.0182546120167434,0.0528029914621881,0.046127437290438,0.0155883215906159,0.0546640091409017,0.0180141251800587,0.0176304518595478,0.0431581877500727,0.024069614218337,0.0223207659525574,0.0190326125503078,0.0526387456970566,0.0277494453475777,0.0493218183129897,0.0223151008749476,0.0331708434435064
"SPEECH_754",NA,NA,NA,NA,NA,NA,NA,NA,NA,NA,NA,NA,NA,NA,NA,NA,NA,NA,NA,NA,NA,NA,NA,NA,NA,NA,NA,NA,NA,NA,NA,NA,NA,NA,NA,NA,NA,NA,NA,NA,NA,NA,NA,NA,NA,NA,NA,NA,NA,NA,NA,NA,NA,NA,NA,NA,NA,NA,NA,NA,0.0358924261086666,0.0661975274991539,0.0217313449151281,0.0260081158833816,0.0656396675558718,0.0318453014080961,0.0376002533040159,0.0119239599748583,0.0328172063263639,0.017042258719457,0.0198565841011422,0.0432608073259573,0.0445128465401445,0.0270161991234618,0.0424496262458647,0.0323518572152139,0.0190637716437179,0.015975865245961,0.0432681701520943,0.0382479344636175,0.0445513524527675,0.018705591656391,0.0371675958743929,0.0197063821873055,0.028582462744903,0.0329442307159005,0.0284172419415783,0.0384713921535075,0.0358231901646051,0.0429288363564804,0.025903450567609,0.0317762001958403,0.0160409459689114,0.0580686335593837,0.0420379086307805,0.0393904554648555,0.0389967081745756,0.0174186761456594,0.0364861376435705,0.0157951919923686,0.0248464100326655,0.0184503327415375,0.0287598580838083,0.0527482660542295,0.0553992089629355,0.0497025107426896,0.0426590988361468,0.0188331411232912,0.019164224786438,0.0171906555044792,0.0181598809495533,0.0239312601129163,0.0141211927038267,0.0271813486325594,0.0736140897122442,0.0370465421318103,0.0134235831192408,0.0269799025131545,0.0669940249956616,0.0488801599172573
"SPEECH_107",NA,NA,NA,NA,NA,NA,NA,NA,NA,NA,NA,NA,NA,NA,NA,NA,NA,NA,NA,NA,NA,NA,NA,NA,NA,NA,NA,NA,NA,NA,NA,NA,NA,NA,NA,NA,NA,NA,NA,NA,NA,NA,NA,NA,NA,NA,NA,NA,NA,NA,NA,NA,NA,NA,NA,NA,NA,NA,NA,NA,0.0331530374808377,0.0672408399917172,0.00788508719750285,0.0199275211917587,0.0123553461782881,0.0425277322717269,0.0409069006067657,0.0140056853727569,0.0240138280173368,0.131368825471525,0.0449765128358921,0.0304362985592405,0.0108294859985818,0.0746928890822278,0.0378355099341604,0.060172376261715,0.0335817667662472,0.0235500721450789,0.0177795846179112,0.0270434375441123,0.0108913907604866,0.0166222077767287,0.024573010325507,0.0192188127012688,0.0281585176506904,0.0169633797401679,0.0206893490025744,0.0686706194040877,0.0265947892962738,0.0133351858168322,0.0328240802433631,0.0400118826637383,0.016148953522039,0.0217570659319951,0.0778397352743774,0.0392758527359064,0.0455098374501349,0.0130252354596922,0.0369390677606387,0.0153210854266331,0.0167584406789531,0.0210277660174778,0.0247139236251203,0.0487699155690569,0.0200197013032894,0.028834269876646,0.0523273717751988,0.01816275874687,0.0483094798767117,0.0396491626244013,0.0208680649820469,0.0165484081598059,0.0628759216553092,0.0186405507488131,0.0241317399565351,0.0451768738330597,0.0350492603106697,0.0482367593381211,0.0481648596797875,0.0230819747736084
"SPEECH_94",NA,NA,NA,NA,NA,NA,NA,NA,NA,NA,NA,NA,NA,NA,NA,NA,NA,NA,NA,NA,NA,NA,NA,NA,NA,NA,NA,NA,NA,NA,NA,NA,NA,NA,NA,NA,NA,NA,NA,NA,NA,NA,NA,NA,NA,NA,NA,NA,NA,NA,NA,NA,NA,NA,NA,NA,NA,NA,NA,NA,0.0237082047126183,0.0682628047470561,0.0196185116737119,0.0313697635848029,0.0365636450322155,0.0280276150294456,0.0188146070435412,0.0176318080856317,0.0498725765487487,0.017312087613782,0.0217382303557528,0.0356437884152715,0.0226551299030633,0.0433566924037471,0.0540957392140596,0.0313659199849582,0.0308375558506039,0.0170928730254984,0.0252249125548357,0.035474916574876,0.0433527020591393,0.0261517249958596,0.042144318850988,0.0241248695664503,0.0334706746179573,0.0603654464656372,0.0392409793905207,0.0673760843228675,0.0223586937112753,0.0127471236650842,0.0282757115158636,0.0569949823166919,0.0145168583494311,0.037289088974268,0.036462077386538,0.0400597484479794,0.023962673899635,0.00890169094795108,0.114636914017579,0.0277186151587356,0.0246090842821556,0.0205432813662315,0.024562796009015,0.0271493686112076,0.0418367232730979,0.0456433336743531,0.0227036423060318,0.0166966219044596,0.0234590993471715,0.0210298047618786,0.0187137125027197,0.0582270581049903,0.0554162680951919,0.0164948470081974,0.0192416408733443,0.0658770021430585,0.0226210048408995,0.0505491515287786,0.0214040790564019,0.0144031192961427
"SPEECH_888",NA,NA,NA,NA,NA,NA,NA,NA,NA,NA,NA,NA,NA,NA,NA,NA,NA,NA,NA,NA,NA,NA,NA,NA,NA,NA,NA,NA,NA,NA,NA,NA,NA,NA,NA,NA,NA,NA,NA,NA,NA,NA,NA,NA,NA,NA,NA,NA,NA,NA,NA,NA,NA,NA,NA,NA,NA,NA,NA,NA,0.0476547371690593,0.0683205559198033,0.0138881426749454,0.0268839658540344,0.0302597025913759,0.0284822425223946,0.0397736468657165,0.0131139629528304,0.0253881767620852,0.013464894211946,0.0539475050523915,0.0432515433798323,0.020489447256704,0.0260108075626242,0.0300889008062465,0.0898271861756448,0.0366816829981813,0.0201955224447274,0.0312644144523828,0.019626532828253,0.0112857170878075,0.0505445354144576,0.0234400645815031,0.0129387812015291,0.0285342409684272,0.0267422090498727,0.0237066666244213,0.026655121992583,0.07173507536754,0.04580401723068,0.04005049448555,0.0618736136586932,0.015599042027448,0.0199735884692399,0.0487399527020352,0.0393635213285953,0.0509121982437014,0.0171453222997487,0.0394115807982973,0.0185251527914684,0.0636083632604132,0.0702121270907833,0.0114739924452615,0.07761316964864,0.0250680268187172,0.0448677752593089,0.0233935295211707,0.0167076123462722,0.0160848844207122,0.0200496374293706,0.0141847441576923,0.0189729334313234,0.0537405970238744,0.0127609036017941,0.0359291966673157,0.0585252156939129,0.0173343921594953,0.0292448176639466,0.016230111745231,0.0224035028099872
"SPEECH_1287",NA,NA,NA,NA,NA,NA,NA,NA,NA,NA,NA,NA,NA,NA,NA,NA,NA,NA,NA,NA,NA,NA,NA,NA,NA,NA,NA,NA,NA,NA,NA,NA,NA,NA,NA,NA,NA,NA,NA,NA,NA,NA,NA,NA,NA,NA,NA,NA,NA,NA,NA,NA,NA,NA,NA,NA,NA,NA,NA,NA,0.0476547371690593,0.0683205559198033,0.0138881426749454,0.0268839658540344,0.0302597025913759,0.0284822425223946,0.0397736468657165,0.0131139629528304,0.0253881767620852,0.013464894211946,0.0539475050523915,0.0432515433798323,0.020489447256704,0.0260108075626242,0.0300889008062465,0.0898271861756448,0.0366816829981813,0.0201955224447274,0.0312644144523828,0.019626532828253,0.0112857170878075,0.0505445354144576,0.0234400645815031,0.0129387812015291,0.0285342409684272,0.0267422090498727,0.0237066666244213,0.026655121992583,0.07173507536754,0.04580401723068,0.04005049448555,0.0618736136586932,0.015599042027448,0.0199735884692399,0.0487399527020352,0.0393635213285953,0.0509121982437014,0.0171453222997487,0.0394115807982973,0.0185251527914684,0.0636083632604132,0.0702121270907833,0.0114739924452615,0.07761316964864,0.0250680268187172,0.0448677752593089,0.0233935295211707,0.0167076123462722,0.0160848844207122,0.0200496374293706,0.0141847441576923,0.0189729334313234,0.0537405970238744,0.0127609036017941,0.0359291966673157,0.0585252156939129,0.0173343921594953,0.0292448176639466,0.016230111745231,0.0224035028099872
"SPEECH_863",NA,NA,NA,NA,NA,NA,NA,NA,NA,NA,NA,NA,NA,NA,NA,NA,NA,NA,NA,NA,NA,NA,NA,NA,NA,NA,NA,NA,NA,NA,NA,NA,NA,NA,NA,NA,NA,NA,NA,NA,NA,NA,NA,NA,NA,NA,NA,NA,NA,NA,NA,NA,NA,NA,NA,NA,NA,NA,NA,NA,0.0847962851093171,0.0449647915255582,0.00765036825501431,0.023896913003948,0.0479967171301127,0.0447451199345867,0.0504703107742813,0.0148194421561987,0.0318256844905755,0.0117120044422477,0.0253659667685699,0.0910111605372191,0.026269823835588,0.0105129636748616,0.0179520505732818,0.03043214283535,0.0148446128593309,0.0114671621481441,0.0294779443620676,0.0143549282711236,0.00645132748762822,0.0272995344182669,0.154642698055296,0.00454293054106333,0.103559900171466,0.0167781805090279,0.0155791397416418,0.0100484497897865,0.0195904345226109,0.00694101207583552,0.0371778764117358,0.0598199662283702,0.0178912929937834,0.0227246980898141,0.0488351426200367,0.102883396918977,0.0725909871738056,0.0193830710439171,0.0152504912689973,0.0126690000560487,0.0138334507281969,0.0233346918111411,0.0120353341717617,0.0405463564287714,0.0578903706510193,0.0424432978699305,0.0349676814881928,0.0154439488164362,0.0175191306933536,0.0177388274924807,0.0262262300591828,0.0304839527025151,0.0589617230614949,0.00899742917168146,0.0110456415997385,0.0418342787328474,0.0444596267373646,0.0483207764372567,0.0303306901676498,0.0143606383734984
"SPEECH_1270",NA,NA,NA,NA,NA,NA,NA,NA,NA,NA,NA,NA,NA,NA,NA,NA,NA,NA,NA,NA,NA,NA,NA,NA,NA,NA,NA,NA,NA,NA,NA,NA,NA,NA,NA,NA,NA,NA,NA,NA,NA,NA,NA,NA,NA,NA,NA,NA,NA,NA,NA,NA,NA,NA,NA,NA,NA,NA,NA,NA,0.0524240859830897,0.0585415180205394,0.0107053558988277,0.0185414124567709,0.0355037003224467,0.026927635673705,0.0366687621131182,0.024722698647841,0.0205284676589359,0.0150359801467475,0.0749673703659736,0.0551918528932883,0.0152674802145072,0.0259291579048316,0.0260550971159542,0.0509821768284915,0.0833868787105109,0.0237221337703425,0.0481197909836664,0.0250311211445865,0.0168325217513811,0.0145933173665441,0.0607940809816319,0.010462732040588,0.0216330709824533,0.0668032481109617,0.0241324904413208,0.0182284054332566,0.0193224977312755,0.0189449583064122,0.0302572336520982,0.0388702121284118,0.0108348929747469,0.0331168196405575,0.0304581017636531,0.0484870304408778,0.0595930769867709,0.0154463817105075,0.0157723583675354,0.0125839946347093,0.0467890479573315,0.0315106535299938,0.0102287255842822,0.105249895534819,0.0326035968226757,0.0311225617442017,0.0210640003569422,0.0152121126210865,0.0187813390638508,0.0220640813108222,0.0251692655974028,0.0247605001623992,0.0357828195371259,0.039663108023864,0.0850990925186888,0.0609852931120371,0.0369934481830106,0.0267966835587291,0.0185834440679934,0.016120228412875
"SPEECH_889",NA,NA,NA,NA,NA,NA,NA,NA,NA,NA,NA,NA,NA,NA,NA,NA,NA,NA,NA,NA,NA,NA,NA,NA,NA,NA,NA,NA,NA,NA,NA,NA,NA,NA,NA,NA,NA,NA,NA,NA,NA,NA,NA,NA,NA,NA,NA,NA,NA,NA,NA,NA,NA,NA,NA,NA,NA,NA,NA,NA,0.0574782735495974,0.0534926312085731,0.0116791027163345,0.0403940580522404,0.0246330310054389,0.0374878510918948,0.0385010992972105,0.0157476531571515,0.0212520953785061,0.0244801574111169,0.0471487818382785,0.0396732679571901,0.0179373037254657,0.0603081717891245,0.0189813673823873,0.0390924750638023,0.0268650933916852,0.0170954907702814,0.0361167772438826,0.0232909911067626,0.0152922732501306,0.0295901160237832,0.116616744535871,0.0244718757327161,0.0304185244527698,0.0199966788372389,0.0223504980175324,0.0312713676073585,0.0229471164815911,0.0353891319240845,0.106350285584175,0.0260477883945192,0.0150210726771964,0.0184343237825981,0.0547189253910416,0.0372540274170028,0.0303838294366485,0.0159305650417222,0.0231194663761395,0.0213670911154418,0.0301190084170381,0.0431810978170757,0.0287902153508563,0.0513710390413736,0.0243716979684706,0.0532804583654082,0.0117157195666509,0.0197445484197679,0.0337084466630326,0.019491576458287,0.020310378040865,0.0873318788604241,0.035376887132776,0.0123413193595336,0.015380419237715,0.0262452695700446,0.0239731364971437,0.0613286537304763,0.0292862012555829,0.0240246730309933
"SPEECH_48",NA,NA,NA,NA,NA,NA,NA,NA,NA,NA,NA,NA,NA,NA,NA,NA,NA,NA,NA,NA,NA,NA,NA,NA,NA,NA,NA,NA,NA,NA,NA,NA,NA,NA,NA,NA,NA,NA,NA,NA,NA,NA,NA,NA,NA,NA,NA,NA,NA,NA,NA,NA,NA,NA,NA,NA,NA,NA,NA,NA,0.106350285584175,0.0260477883945192,0.0150210726771964,0.0184343237825981,0.0547189253910416,0.0372540274170028,0.0303838294366485,0.0159305650417222,0.0231194663761395,0.0213670911154418,0.0301190084170381,0.0431810978170757,0.0287902153508563,0.0513710390413736,0.0243716979684706,0.0532804583654082,0.0117157195666509,0.0197445484197679,0.0337084466630326,0.019491576458287,0.020310378040865,0.0873318788604241,0.035376887132776,0.0123413193595336,0.015380419237715,0.0262452695700446,0.0239731364971437,0.0613286537304763,0.0292862012555829,0.0240246730309933,0.0153943194719221,0.0340578979028512,0.0127345366659453,0.0149607564776807,0.0819190704277412,0.0603272693067609,0.0247332031897997,0.0176448950837519,0.0295217012086159,0.0149807941465093,0.0675391487846017,0.0175537572123365,0.05102706632532,0.05554374822594,0.0426910989680026,0.0589881714506327,0.0349567588881676,0.0159753637505991,0.0123777850028653,0.0218670879704292,0.0230085823015958,0.0185732327582326,0.0124584826120681,0.0414900497916209,0.095269742688082,0.012932949364358,0.021687459082876,0.0176831696295514,0.0246406931719276,0.0474612081392146
"SPEECH_63",NA,NA,NA,NA,NA,NA,NA,NA,NA,NA,NA,NA,NA,NA,NA,NA,NA,NA,NA,NA,NA,NA,NA,NA,NA,NA,NA,NA,NA,NA,NA,NA,NA,NA,NA,NA,NA,NA,NA,NA,NA,NA,NA,NA,NA,NA,NA,NA,NA,NA,NA,NA,NA,NA,NA,NA,NA,NA,NA,NA,0.0484041601602926,0.0825058105454421,0.0125884181441071,0.0367515058280629,0.0273140046240343,0.0319874020401796,0.0578167744391737,0.0143750039177125,0.0230436404961198,0.0143942928004969,0.0290450020359476,0.0256118797862541,0.0121537323687963,0.0571794428585152,0.0123547314012988,0.0343770294213007,0.0268254561440657,0.0155139457679812,0.0298182297223166,0.0175322529289799,0.0460657601241584,0.0237220577979624,0.0876660387007838,0.0432457686766735,0.0283464713815588,0.0225432673421668,0.0239744866180644,0.0539592080049055,0.0428249282380154,0.0180592976846334,0.0376882693832988,0.0614049329139859,0.0153148336346358,0.0294599480023706,0.0352230758963155,0.0444639456635593,0.046650732296951,0.0142151237374481,0.0376195452277354,0.0310221228541643,0.0174853562406434,0.0427952140504144,0.0196278972384403,0.0255589467022414,0.0196171086108043,0.0395660123814306,0.0206501568201851,0.0255678809803234,0.0223016253339951,0.0174791801263881,0.0496791380485171,0.0414580591861082,0.0825811127772229,0.0198100497628498,0.0235097526018847,0.0402053159100905,0.0574288881588671,0.0275856127740957,0.0432986148772277,0.0107315478078056
"SPEECH_871",NA,NA,NA,NA,NA,NA,NA,NA,NA,NA,NA,NA,NA,NA,NA,NA,NA,NA,NA,NA,NA,NA,NA,NA,NA,NA,NA,NA,NA,NA,NA,NA,NA,NA,NA,NA,NA,NA,NA,NA,NA,NA,NA,NA,NA,NA,NA,NA,NA,NA,NA,NA,NA,NA,NA,NA,NA,NA,NA,NA,0.0330220660984273,0.0632044034319757,0.0137604444260425,0.0491647253207531,0.0194153555025588,0.0604398021012045,0.0277728196853758,0.0200537335602963,0.0293898876956573,0.0138622122590307,0.027534831358368,0.0265486036187092,0.0200840400157665,0.0627336553391217,0.024067706998347,0.0611146615782701,0.0322318310245414,0.0201885735389232,0.0183632443748103,0.0169966844079343,0.0377504297002862,0.024054614249547,0.0514637353135308,0.0205526993423786,0.0686941853315859,0.0360558068386163,0.0254378488311569,0.0448150758498031,0.0349689893744088,0.016257332832573,0.0463349104816742,0.0777354873824984,0.0123703082825091,0.0446511202492642,0.0334360652967391,0.0286120552061703,0.0476195161610026,0.0188329946284079,0.0557837302868843,0.0261398516821278,0.0238216769077263,0.040619338002377,0.0146931124632945,0.0320177167922233,0.0160495970259074,0.0457823262486206,0.0316565860409951,0.0158371943713515,0.0156001194913292,0.0242638524806596,0.0288767269588575,0.0309519068362326,0.0702599749673036,0.0204451459217307,0.0211169945425631,0.0414917603918007,0.0180603570367532,0.0505109964877536,0.0394613629459832,0.0269672144292593
"SPEECH_73",NA,NA,NA,NA,NA,NA,NA,NA,NA,NA,NA,NA,NA,NA,NA,NA,NA,NA,NA,NA,NA,NA,NA,NA,NA,NA,NA,NA,NA,NA,NA,NA,NA,NA,NA,NA,NA,NA,NA,NA,NA,NA,NA,NA,NA,NA,NA,NA,NA,NA,NA,NA,NA,NA,NA,NA,NA,NA,NA,NA,0.0465951008850712,0.0582333325250499,0.0106967794507489,0.040354932688808,0.0221698322277939,0.03741165782187,0.0346055188262917,0.0156474505706769,0.0185085709476909,0.0211306777878102,0.0287680855349223,0.0526984936101657,0.0104942225885998,0.0424067469771861,0.0299910305371007,0.0539515695215165,0.0230367219818489,0.0107703764920108,0.0126367014593879,0.0121068899139254,0.0577851587898483,0.0590537380222718,0.0624619416650022,0.0217449125348343,0.0519066407011361,0.0634261264561516,0.0176543115491528,0.0485148145520241,0.0200009334847732,0.0152367298963301,0.036144067355325,0.0673237415883055,0.0144852335202216,0.0413425625774615,0.0388522207533874,0.0440176292279028,0.0240217468950411,0.0206059137250232,0.0503754674127658,0.0147221123803986,0.0249903795055104,0.0266747198158633,0.0159950720243939,0.0403386884373417,0.0270567928218931,0.0653933815095235,0.0279713950244335,0.0193106543853591,0.0304294297211217,0.0265564578594692,0.0318513755476299,0.0409933345107743,0.0565329140988829,0.0235965737248811,0.0308154232590375,0.0401369409676749,0.0204077433618995,0.0427372492015883,0.0353220330290092,0.0209987457578808
"SPEECH_1207",NA,NA,NA,NA,NA,NA,NA,NA,NA,NA,NA,NA,NA,NA,NA,NA,NA,NA,NA,NA,NA,NA,NA,NA,NA,NA,NA,NA,NA,NA,NA,NA,NA,NA,NA,NA,NA,NA,NA,NA,NA,NA,NA,NA,NA,NA,NA,NA,NA,NA,NA,NA,NA,NA,NA,NA,NA,NA,NA,NA,0.0465951008850712,0.0582333325250499,0.0106967794507489,0.040354932688808,0.0221698322277939,0.03741165782187,0.0346055188262917,0.0156474505706769,0.0185085709476909,0.0211306777878102,0.0287680855349223,0.0526984936101657,0.0104942225885998,0.0424067469771861,0.0299910305371007,0.0539515695215165,0.0230367219818489,0.0107703764920108,0.0126367014593879,0.0121068899139254,0.0577851587898483,0.0590537380222718,0.0624619416650022,0.0217449125348343,0.0519066407011361,0.0634261264561516,0.0176543115491528,0.0485148145520241,0.0200009334847732,0.0152367298963301,0.036144067355325,0.0673237415883055,0.0144852335202216,0.0413425625774615,0.0388522207533874,0.0440176292279028,0.0240217468950411,0.0206059137250232,0.0503754674127658,0.0147221123803986,0.0249903795055104,0.0266747198158633,0.0159950720243939,0.0403386884373417,0.0270567928218931,0.0653933815095235,0.0279713950244335,0.0193106543853591,0.0304294297211217,0.0265564578594692,0.0318513755476299,0.0409933345107743,0.0565329140988829,0.0235965737248811,0.0308154232590375,0.0401369409676749,0.0204077433618995,0.0427372492015883,0.0353220330290092,0.0209987457578808
"SPEECH_1210",NA,NA,NA,NA,NA,NA,NA,NA,NA,NA,NA,NA,NA,NA,NA,NA,NA,NA,NA,NA,NA,NA,NA,NA,NA,NA,NA,NA,NA,NA,NA,NA,NA,NA,NA,NA,NA,NA,NA,NA,NA,NA,NA,NA,NA,NA,NA,NA,NA,NA,NA,NA,NA,NA,NA,NA,NA,NA,NA,NA,0.0390736846601931,0.0822271060553432,0.0162836654902205,0.0515865788228967,0.0197019634345647,0.0473730112652802,0.0182650798282399,0.0172276806953948,0.020403470836806,0.0188202892992727,0.0318656262468255,0.0203060215052341,0.0141010905298082,0.0437016130112697,0.0231321555229798,0.0827762579008171,0.0300660796034542,0.0214527732873047,0.0276313306429545,0.0209987326652669,0.051664579745153,0.0402447196557581,0.0493067682052747,0.0245066154211659,0.0316377610520111,0.038450707620368,0.0225961113817852,0.0257374439077247,0.0503041817074899,0.0185568999991431,0.035792126402582,0.055247987640162,0.0148082922216642,0.0540623450154045,0.0299318198393177,0.033126440860075,0.0212329005589935,0.0148830320881641,0.0674583007048153,0.0187069349257132,0.026858519547205,0.0371427920665674,0.0132240405634203,0.0421062959587375,0.0249495413884239,0.056586467388089,0.0218242877774284,0.021465687120565,0.0139088039471503,0.031232505488732,0.0491337783671957,0.0369084147108345,0.0591683905258182,0.0286597786947859,0.0465438495852866,0.0290509989621443,0.0287164661011561,0.0359486445652633,0.0327400066378038,0.0185805503465013
"SPEECH_1251",NA,NA,NA,NA,NA,NA,NA,NA,NA,NA,NA,NA,NA,NA,NA,NA,NA,NA,NA,NA,NA,NA,NA,NA,NA,NA,NA,NA,NA,NA,NA,NA,NA,NA,NA,NA,NA,NA,NA,NA,NA,NA,NA,NA,NA,NA,NA,NA,NA,NA,NA,NA,NA,NA,NA,NA,NA,NA,NA,NA,0.0395592853511465,0.0483337645177067,0.0129359020356282,0.0276108692712399,0.0414256292499331,0.026887038929611,0.0391121461903009,0.0202566682801094,0.0495471052862539,0.0163286787194491,0.036907245799529,0.0440158464634777,0.0355668175801912,0.0278778353097622,0.0261855771048335,0.035054478819861,0.0334534863131183,0.0191634516671356,0.0208654919403177,0.0263888367331798,0.0355299366449526,0.0293872142142466,0.0588535600673943,0.0268062073527483,0.0196283507476358,0.0428786115894287,0.0595721258068998,0.0349289723212458,0.0483177066771486,0.016621159015515,0.0383884477096618,0.0703210211039069,0.0136645697990211,0.0365483415800116,0.0481889579942808,0.0251718727785105,0.0401410719667365,0.0146879259440524,0.0310932154231312,0.0112521112301422,0.0258617288939273,0.0389249433093329,0.012040394891162,0.0681229997583445,0.0299476716308529,0.0437228835181811,0.0310325385480668,0.0160721701446162,0.022061924537129,0.0314351893159723,0.0233823183247852,0.0273463226936017,0.0705911477178614,0.0233757152334162,0.0447614394394286,0.0546138647961948,0.031996871434411,0.024145406562771,0.0349940537401474,0.0161128799803427
"SPEECH_852",NA,NA,NA,NA,NA,NA,NA,NA,NA,NA,NA,NA,NA,NA,NA,NA,NA,NA,NA,NA,NA,NA,NA,NA,NA,NA,NA,NA,NA,NA,NA,NA,NA,NA,NA,NA,NA,NA,NA,NA,NA,NA,NA,NA,NA,NA,NA,NA,NA,NA,NA,NA,NA,NA,NA,NA,NA,NA,NA,NA,0.0570662179984861,0.0426511971916824,0.0130445266138723,0.0213866865518934,0.0267926395480002,0.0481676207937852,0.0462629991619992,0.0144038139659741,0.0465912011949808,0.0185333121016796,0.0597470935768847,0.0348390517487229,0.0112111180396953,0.0320449076715975,0.0181217892929345,0.0613308152589169,0.0441736425326222,0.0181030047858209,0.029778414683519,0.0167149499055411,0.0196672164559154,0.0402378094878081,0.0626760546842395,0.0154664876936275,0.020853453618188,0.0278867233453032,0.0224011901477848,0.0682854858261713,0.0452109468535066,0.0163496292688473,0.0631517315416595,0.0525062526164153,0.0123351379890736,0.0191481205248016,0.0208623415575682,0.0543372386100718,0.0188365665485473,0.0127014714366324,0.0316284233668987,0.0145092882217451,0.0372403330176377,0.0246916160622888,0.00978723493865327,0.0452944292102227,0.0153676798106115,0.0598472190431366,0.0429715695104839,0.0154266633198945,0.0304522057238208,0.0207891564467189,0.0443090001741234,0.0422789749176916,0.0766985338694331,0.0299367844461552,0.0287401100566272,0.0296341868941909,0.0135080138408452,0.0561005843048288,0.0468242105504948,0.0300849214487276
"SPEECH_847",NA,NA,NA,NA,NA,NA,NA,NA,NA,NA,NA,NA,NA,NA,NA,NA,NA,NA,NA,NA,NA,NA,NA,NA,NA,NA,NA,NA,NA,NA,NA,NA,NA,NA,NA,NA,NA,NA,NA,NA,NA,NA,NA,NA,NA,NA,NA,NA,NA,NA,NA,NA,NA,NA,NA,NA,NA,NA,NA,NA,0.0631517315416595,0.0525062526164153,0.0123351379890736,0.0191481205248016,0.0208623415575682,0.0543372386100718,0.0188365665485473,0.0127014714366324,0.0316284233668987,0.0145092882217451,0.0372403330176377,0.0246916160622888,0.00978723493865327,0.0452944292102227,0.0153676798106115,0.0598472190431366,0.0429715695104839,0.0154266633198945,0.0304522057238208,0.0207891564467189,0.0443090001741234,0.0422789749176916,0.0766985338694331,0.0299367844461552,0.0287401100566272,0.0296341868941909,0.0135080138408452,0.0561005843048288,0.0468242105504948,0.0300849214487276,0.0340764774701184,0.061031191251652,0.0162445457407875,0.0254845429826353,0.0446780963683724,0.0341511719752224,0.0383689058595692,0.0210310479672252,0.0777432123593845,0.0177993276537862,0.0234424700331,0.0388953699382228,0.0277435770314845,0.0402001354891766,0.0148634549717245,0.058321482125089,0.0282213679356771,0.0147700291730617,0.019646130286003,0.0222986818061617,0.0408782201285713,0.0202616857891524,0.05524255962561,0.0200948868838079,0.0330185099111261,0.0287702829471302,0.0268107722209587,0.0421858324688992,0.0489895517060067,0.0247364799002837
"SPEECH_812",NA,NA,NA,NA,NA,NA,NA,NA,NA,NA,NA,NA,NA,NA,NA,NA,NA,NA,NA,NA,NA,NA,NA,NA,NA,NA,NA,NA,NA,NA,NA,NA,NA,NA,NA,NA,NA,NA,NA,NA,NA,NA,NA,NA,NA,NA,NA,NA,NA,NA,NA,NA,NA,NA,NA,NA,NA,NA,NA,NA,0.0409300503905118,0.0428377237415983,0.0127232732448909,0.0508541843513471,0.0295652575916592,0.0438375042620372,0.0485538450525921,0.0210846018826354,0.0453737642721658,0.0158363248969824,0.0240288898098621,0.0598930581726119,0.0199672817297279,0.0569086445679865,0.0139070003740588,0.0416337192452063,0.0279710718661302,0.0192845101224338,0.0329578146930244,0.0211546986691799,0.0330022940708035,0.0190337299395722,0.0447344931807778,0.0145922359648726,0.031807668573667,0.0295516950485242,0.0162894333383698,0.0377541321886458,0.0791994851354641,0.0247316136226611,0.0303272643750628,0.0654315315224805,0.0188129774506204,0.0650181784599005,0.0366735861971642,0.0259851930102525,0.0373006522097839,0.0159359313934238,0.0263619714187507,0.0209700798294042,0.0272211351988858,0.0329696824261234,0.0160716931788666,0.0229824017320777,0.0272112545581869,0.0724165085887083,0.0496083991014124,0.0169059940204,0.0231425965047583,0.0176561338321821,0.0233117327222374,0.0306077409983931,0.0291124147493265,0.0183744064381158,0.0201267411178843,0.0422834767310392,0.0429398636067472,0.0695354610224118,0.0594365515053404,0.0152684461000596
"SPEECH_91",NA,NA,NA,NA,NA,NA,NA,NA,NA,NA,NA,NA,NA,NA,NA,NA,NA,NA,NA,NA,NA,NA,NA,NA,NA,NA,NA,NA,NA,NA,NA,NA,NA,NA,NA,NA,NA,NA,NA,NA,NA,NA,NA,NA,NA,NA,NA,NA,NA,NA,NA,NA,NA,NA,NA,NA,NA,NA,NA,NA,0.0477298111330307,0.0710028136286299,0.0093772826081617,0.0211615255922462,0.013797879559972,0.0466119977964675,0.0312150846066664,0.019863680876915,0.0142824552281502,0.0134896536743471,0.0425321138707933,0.0494395872558475,0.0176166414795142,0.0518580900200576,0.0160364758917133,0.080568511699877,0.0605149923846032,0.0254461795269196,0.0390768782228825,0.0209596554331256,0.0214605593655564,0.0215837370133566,0.04968378944647,0.0227238704200507,0.0593156210086689,0.0158667938513769,0.0367873491690528,0.0205522818896263,0.0327876075027863,0.0266570798431346,0.0248730985572145,0.078043858508133,0.0142444097251841,0.0533771899316495,0.0460749393078167,0.0410880385754374,0.0334831656869548,0.0232690341229631,0.0306859698251771,0.0251518643230757,0.0363149168129153,0.0315146570183963,0.0262927648773925,0.0438415559569213,0.0182212485104432,0.0610834115746609,0.0293212390643421,0.0177082271343074,0.0145541903443435,0.0183032777522357,0.0393058798891107,0.0321777721161633,0.0329056214913639,0.0269581314513936,0.0265072947929052,0.0354864465590287,0.0347984801580385,0.049055052349205,0.033745666885708,0.021612596697519
"SPEECH_1223",NA,NA,NA,NA,NA,NA,NA,NA,NA,NA,NA,NA,NA,NA,NA,NA,NA,NA,NA,NA,NA,NA,NA,NA,NA,NA,NA,NA,NA,NA,NA,NA,NA,NA,NA,NA,NA,NA,NA,NA,NA,NA,NA,NA,NA,NA,NA,NA,NA,NA,NA,NA,NA,NA,NA,NA,NA,NA,NA,NA,0.0248730985572145,0.078043858508133,0.0142444097251841,0.0533771899316495,0.0460749393078167,0.0410880385754374,0.0334831656869548,0.0232690341229631,0.0306859698251771,0.0251518643230757,0.0363149168129153,0.0315146570183963,0.0262927648773925,0.0438415559569213,0.0182212485104432,0.0610834115746609,0.0293212390643421,0.0177082271343074,0.0145541903443435,0.0183032777522357,0.0393058798891107,0.0321777721161633,0.0329056214913639,0.0269581314513936,0.0265072947929052,0.0354864465590287,0.0347984801580385,0.049055052349205,0.033745666885708,0.021612596697519,0.0520838064246268,0.0350888257872855,0.0123342013958937,0.0594774869482153,0.0516402013075912,0.033485481806798,0.0359610164137572,0.0140186029706053,0.0241592099518171,0.0288453584218684,0.0304181341472718,0.0338788022759741,0.0204580526398214,0.0285571117365136,0.0179002088044442,0.0405709673590835,0.025414442261413,0.0158107462711163,0.0236139298458954,0.021012137855246,0.01803908133941,0.0405809823759018,0.0646486027496794,0.0149412104254783,0.051965967865136,0.0196373055527922,0.0201500166643741,0.0747859651305406,0.0542323838544494,0.0362897594170003
"SPEECH_769",NA,NA,NA,NA,NA,NA,NA,NA,NA,NA,NA,NA,NA,NA,NA,NA,NA,NA,NA,NA,NA,NA,NA,NA,NA,NA,NA,NA,NA,NA,NA,NA,NA,NA,NA,NA,NA,NA,NA,NA,NA,NA,NA,NA,NA,NA,NA,NA,NA,NA,NA,NA,NA,NA,NA,NA,NA,NA,NA,NA,0.0410673208737043,0.0359990695736972,0.0109405260664319,0.0347026395315411,0.0394739521654434,0.0418225680677224,0.0519174799567017,0.0137267382439178,0.0731069875092284,0.0128490843253393,0.0494648279177365,0.0366122291078919,0.0229792116658211,0.0293568458878126,0.020503498124868,0.0293100418343249,0.0494157917367849,0.012718054619161,0.0261462215627542,0.0208157949078579,0.0539124763049873,0.0203371762288932,0.0377183773071902,0.0214377399072498,0.0170318141059382,0.0547753046434734,0.0213679307892977,0.0600678870113577,0.0446255176634703,0.0157968923594019,0.041191958457821,0.0506744007768486,0.0131856593814536,0.0237871352984806,0.0342502745544564,0.0341756363697914,0.033363100915891,0.0153871063961156,0.0744614888195361,0.0175746052562868,0.0190063044543472,0.0453537915324997,0.0304035250072194,0.0377563370836398,0.0211851712167522,0.0495195239670765,0.0272812582360127,0.0131915733878255,0.0437530547952041,0.0222656611774848,0.0439626989673064,0.0225165745444008,0.0460628062517959,0.0132962081167631,0.0254300693922377,0.028894595207002,0.0398037879300673,0.0593860987107888,0.040655803697523,0.032223790097372
"SPEECH_776",NA,NA,NA,NA,NA,NA,NA,NA,NA,NA,NA,NA,NA,NA,NA,NA,NA,NA,NA,NA,NA,NA,NA,NA,NA,NA,NA,NA,NA,NA,NA,NA,NA,NA,NA,NA,NA,NA,NA,NA,NA,NA,NA,NA,NA,NA,NA,NA,NA,NA,NA,NA,NA,NA,NA,NA,NA,NA,NA,NA,0.0410673208737043,0.0359990695736972,0.0109405260664319,0.0347026395315411,0.0394739521654434,0.0418225680677224,0.0519174799567017,0.0137267382439178,0.0731069875092284,0.0128490843253393,0.0494648279177365,0.0366122291078919,0.0229792116658211,0.0293568458878126,0.020503498124868,0.0293100418343249,0.0494157917367849,0.012718054619161,0.0261462215627542,0.0208157949078579,0.0539124763049873,0.0203371762288932,0.0377183773071902,0.0214377399072498,0.0170318141059382,0.0547753046434734,0.0213679307892977,0.0600678870113577,0.0446255176634703,0.0157968923594019,0.041191958457821,0.0506744007768486,0.0131856593814536,0.0237871352984806,0.0342502745544564,0.0341756363697914,0.033363100915891,0.0153871063961156,0.0744614888195361,0.0175746052562868,0.0190063044543472,0.0453537915324997,0.0304035250072194,0.0377563370836398,0.0211851712167522,0.0495195239670765,0.0272812582360127,0.0131915733878255,0.0437530547952041,0.0222656611774848,0.0439626989673064,0.0225165745444008,0.0460628062517959,0.0132962081167631,0.0254300693922377,0.028894595207002,0.0398037879300673,0.0593860987107888,0.040655803697523,0.032223790097372
"SPEECH_18",NA,NA,NA,NA,NA,NA,NA,NA,NA,NA,NA,NA,NA,NA,NA,NA,NA,NA,NA,NA,NA,NA,NA,NA,NA,NA,NA,NA,NA,NA,NA,NA,NA,NA,NA,NA,NA,NA,NA,NA,NA,NA,NA,NA,NA,NA,NA,NA,NA,NA,NA,NA,NA,NA,NA,NA,NA,NA,NA,NA,0.0355733900042292,0.0478082929727671,0.0131530732081393,0.035017563776009,0.0219359161943593,0.0274747588537966,0.0219681647171669,0.0129578862624461,0.0149583334881816,0.0182428841294889,0.0595510933150829,0.0261487057474702,0.0114819902812163,0.04275934808837,0.0150874138977049,0.13674034399267,0.0749425916853535,0.0204033050600402,0.0541894804577886,0.0169560351377915,0.0146971556537257,0.0339034815947712,0.0408834258345744,0.0118252366589932,0.0239053609898314,0.0181960731553568,0.0185848713165262,0.0376586884029272,0.0545547660558562,0.0384403690673651,0.0377320587652338,0.0564634153559138,0.0112911669768994,0.0197256471004672,0.0434754021578328,0.041626328607656,0.0474763343095444,0.0170160216320292,0.0706804406606272,0.0194425259379273,0.0691844303936166,0.0409101252915423,0.0165260702540123,0.0576766159430142,0.0165895550761237,0.0385234004742227,0.0216888504604798,0.0194594481297756,0.0151561081044519,0.0172534290202003,0.0424487112202633,0.0166102551561181,0.0280253702414739,0.0150211802404439,0.0351665051135637,0.0294530503933028,0.0188650293928022,0.0570284124618625,0.0504460394520846,0.0290380716765145
"SPEECH_892",NA,NA,NA,NA,NA,NA,NA,NA,NA,NA,NA,NA,NA,NA,NA,NA,NA,NA,NA,NA,NA,NA,NA,NA,NA,NA,NA,NA,NA,NA,NA,NA,NA,NA,NA,NA,NA,NA,NA,NA,NA,NA,NA,NA,NA,NA,NA,NA,NA,NA,NA,NA,NA,NA,NA,NA,NA,NA,NA,NA,0.0355733900042292,0.0478082929727671,0.0131530732081393,0.035017563776009,0.0219359161943593,0.0274747588537966,0.0219681647171669,0.0129578862624461,0.0149583334881816,0.0182428841294889,0.0595510933150829,0.0261487057474702,0.0114819902812163,0.04275934808837,0.0150874138977049,0.13674034399267,0.0749425916853535,0.0204033050600402,0.0541894804577886,0.0169560351377915,0.0146971556537257,0.0339034815947712,0.0408834258345744,0.0118252366589932,0.0239053609898314,0.0181960731553568,0.0185848713165262,0.0376586884029272,0.0545547660558562,0.0384403690673651,0.0377320587652338,0.0564634153559138,0.0112911669768994,0.0197256471004672,0.0434754021578328,0.041626328607656,0.0474763343095444,0.0170160216320292,0.0706804406606272,0.0194425259379273,0.0691844303936166,0.0409101252915423,0.0165260702540123,0.0576766159430142,0.0165895550761237,0.0385234004742227,0.0216888504604798,0.0194594481297756,0.0151561081044519,0.0172534290202003,0.0424487112202633,0.0166102551561181,0.0280253702414739,0.0150211802404439,0.0351665051135637,0.0294530503933028,0.0188650293928022,0.0570284124618625,0.0504460394520846,0.0290380716765145
"SPEECH_1227",NA,NA,NA,NA,NA,NA,NA,NA,NA,NA,NA,NA,NA,NA,NA,NA,NA,NA,NA,NA,NA,NA,NA,NA,NA,NA,NA,NA,NA,NA,NA,NA,NA,NA,NA,NA,NA,NA,NA,NA,NA,NA,NA,NA,NA,NA,NA,NA,NA,NA,NA,NA,NA,NA,NA,NA,NA,NA,NA,NA,0.0360784769713854,0.0553108210240537,0.0203106522468717,0.0132498126881228,0.0326217879305861,0.0828910397851844,0.0580574456083524,0.0185939865548906,0.0220704656955073,0.011707665299126,0.0242937632270334,0.0462833019470007,0.0151884201217519,0.108965364889021,0.0164775728481154,0.0527471624756746,0.037448477409545,0.0254804855160779,0.0216667703907777,0.0154712780431085,0.0183002921660755,0.0226202892370249,0.0128226292888643,0.0115193979401005,0.0220493686770039,0.0197830358883906,0.0218607710190819,0.0283627892126065,0.0693368812563476,0.0584297946423174,0.0346114701802485,0.0392254928940429,0.0139462708599196,0.021994359027515,0.0339623289726997,0.0451377674168989,0.0695663041432251,0.0139131941230782,0.0403144902534461,0.0139045150309555,0.0271258831431531,0.0790988277227014,0.00993156646350639,0.0601937233445761,0.027845184487715,0.0514235464272291,0.0460467008622907,0.0128110332204024,0.0400064387174816,0.0135583536038824,0.0163904045751589,0.0235707509442168,0.0416902303338502,0.0452885662941365,0.028004912910054,0.0414466355178765,0.0232032000968881,0.0255557412237623,0.0458633264464631,0.014368780762626
"SPEECH_1209",NA,NA,NA,NA,NA,NA,NA,NA,NA,NA,NA,NA,NA,NA,NA,NA,NA,NA,NA,NA,NA,NA,NA,NA,NA,NA,NA,NA,NA,NA,NA,NA,NA,NA,NA,NA,NA,NA,NA,NA,NA,NA,NA,NA,NA,NA,NA,NA,NA,NA,NA,NA,NA,NA,NA,NA,NA,NA,NA,NA,0.0614634484957229,0.060824989154121,0.0143756314484616,0.0290912046888073,0.0254301484647634,0.0450606064816444,0.0346486513907554,0.0187075835841047,0.0431877228223591,0.0144271369148697,0.0225051714641825,0.053395384172391,0.0118072713732686,0.048908433935719,0.0124436426207207,0.0783272452483932,0.0267998858873334,0.0198874297713135,0.0242184565420541,0.0164096870984094,0.0252039422586703,0.0237334960237621,0.051426845792761,0.0282952761474268,0.0439076876114175,0.0270902678518886,0.018166888754595,0.0456191110150191,0.0355015576223893,0.0391351953626755,0.0345895852931852,0.0540757691069249,0.0120281891344175,0.0271562386805103,0.02366773111454,0.0638582123185332,0.0239565080150538,0.0151147661645248,0.0405308030647937,0.0226457521829314,0.0376165134144722,0.0329107301742177,0.0182630322882141,0.0492704033033058,0.0238596739237336,0.0925125099064484,0.0290348051664602,0.016472041857117,0.0195070987038018,0.016219295566731,0.0323082305979093,0.0234967256062541,0.0377327044050221,0.0283578166995149,0.0327964215301324,0.0353715828764534,0.0163094581684106,0.0578769084033143,0.0604347234108234,0.022025768922249
"SPEECH_1208",NA,NA,NA,NA,NA,NA,NA,NA,NA,NA,NA,NA,NA,NA,NA,NA,NA,NA,NA,NA,NA,NA,NA,NA,NA,NA,NA,NA,NA,NA,NA,NA,NA,NA,NA,NA,NA,NA,NA,NA,NA,NA,NA,NA,NA,NA,NA,NA,NA,NA,NA,NA,NA,NA,NA,NA,NA,NA,NA,NA,0.0434046056386348,0.0633926014617684,0.0160288513776323,0.0291241820236872,0.0217841987546367,0.0369758637033596,0.0364919774780622,0.0125014043573008,0.024657793535472,0.0146499966582581,0.0678294485124173,0.0620091668142866,0.0135620985550817,0.0728664976547421,0.0160209368292975,0.0725940397908442,0.051717766306013,0.0170281984291538,0.0332340444691601,0.02592139195179,0.032083617198111,0.0308685130760948,0.0315024155245035,0.0187306320790756,0.0276689871126546,0.0252822209645132,0.0153100543897409,0.0237344039691955,0.0226804086155123,0.0403436827690003,0.0391838042654926,0.0628162585379795,0.0164322450911519,0.0320144422938695,0.0449028692143065,0.041464616151637,0.0279816470390191,0.0228471338306444,0.0327806986368676,0.0184777137233397,0.0338429544184856,0.0254724140904595,0.0174032158007119,0.0572231305499761,0.0200028733421854,0.0760794792595761,0.069617565014867,0.0210523031522915,0.0273351500420152,0.0183043662695704,0.0429586568670941,0.0157937438484685,0.0329618678825608,0.0264508228923095,0.0324383815668083,0.0366111702986872,0.0140942076865573,0.0473077187489677,0.0236664749945047,0.0224820744895952
"SPEECH_92",NA,NA,NA,NA,NA,NA,NA,NA,NA,NA,NA,NA,NA,NA,NA,NA,NA,NA,NA,NA,NA,NA,NA,NA,NA,NA,NA,NA,NA,NA,NA,NA,NA,NA,NA,NA,NA,NA,NA,NA,NA,NA,NA,NA,NA,NA,NA,NA,NA,NA,NA,NA,NA,NA,NA,NA,NA,NA,NA,NA,0.0391838042654926,0.0628162585379795,0.0164322450911519,0.0320144422938695,0.0449028692143065,0.041464616151637,0.0279816470390191,0.0228471338306444,0.0327806986368676,0.0184777137233397,0.0338429544184856,0.0254724140904595,0.0174032158007119,0.0572231305499761,0.0200028733421854,0.0760794792595761,0.069617565014867,0.0210523031522915,0.0273351500420152,0.0183043662695704,0.0429586568670941,0.0157937438484685,0.0329618678825608,0.0264508228923095,0.0324383815668083,0.0366111702986872,0.0140942076865573,0.0473077187489677,0.0236664749945047,0.0224820744895952,0.0587131119094173,0.0366926165500115,0.0147792673013583,0.0187434849078541,0.0376475966586238,0.0310769621857476,0.0352228395540268,0.0156612651370233,0.0661675455610064,0.0183908067951954,0.0303896037605202,0.0503776594069175,0.0154063951018836,0.0369786400638738,0.0198475658696967,0.0646625991623057,0.037209926733218,0.0213295823360179,0.0491448935790529,0.0148475450891695,0.0155912812685247,0.0254391912300512,0.0558013841216143,0.0247197870667679,0.0314909343916837,0.0285232885702646,0.025092558972036,0.0626192800603104,0.0365788952506294,0.0208534914051975
"SPEECH_61",NA,NA,NA,NA,NA,NA,NA,NA,NA,NA,NA,NA,NA,NA,NA,NA,NA,NA,NA,NA,NA,NA,NA,NA,NA,NA,NA,NA,NA,NA,NA,NA,NA,NA,NA,NA,NA,NA,NA,NA,NA,NA,NA,NA,NA,NA,NA,NA,NA,NA,NA,NA,NA,NA,NA,NA,NA,NA,NA,NA,0.0300601541242203,0.0530200483837889,0.0118589117400254,0.0339223533616165,0.0248548081072984,0.0502896157639727,0.0324127555555052,0.0204209970727954,0.0455299150093316,0.0203018805662299,0.0356766227841449,0.0631158518616232,0.0144969209478701,0.0766539474258427,0.0116139695057397,0.0584662681174077,0.035951747762606,0.0179276570018854,0.0215444472982849,0.0168827379349068,0.0512457885299311,0.0269683131976114,0.0523260636054899,0.0181303445370032,0.0296740021579916,0.0170053863900846,0.0300361568128837,0.054301295613293,0.0163432500039763,0.0289677888266397,0.0405149323373391,0.0810555538846442,0.0126711978067096,0.0341142322458012,0.0376839267761079,0.0425948997831314,0.0371370145334851,0.0170002597850579,0.0404528050355592,0.010835993184777,0.0481035008313408,0.0631484448568532,0.0199142900078016,0.0528903453221164,0.0135333312608453,0.0718179300470269,0.0137202439206818,0.0190001225078019,0.0242871997722627,0.0166584787059398,0.0266215432013535,0.0298588259208611,0.0529839013347012,0.0260933594695838,0.0291102715215488,0.0241915691088329,0.0224524103516099,0.0314748957976467,0.0246100040391527,0.0354685166494266
"SPEECH_24",NA,NA,NA,NA,NA,NA,NA,NA,NA,NA,NA,NA,NA,NA,NA,NA,NA,NA,NA,NA,NA,NA,NA,NA,NA,NA,NA,NA,NA,NA,NA,NA,NA,NA,NA,NA,NA,NA,NA,NA,NA,NA,NA,NA,NA,NA,NA,NA,NA,NA,NA,NA,NA,NA,NA,NA,NA,NA,NA,NA,0.0328187504661767,0.0798299884725086,0.0205353794032877,0.0403022702283439,0.0530723610020975,0.0400560914743337,0.0184797713607615,0.0146425965596996,0.0274380514485377,0.0179289291627263,0.023272043687633,0.0292997933701535,0.0217156614907426,0.0401775465015889,0.0243129899305196,0.0561845875998854,0.0352749245240384,0.0188697099535237,0.0197758934999377,0.0250661620361635,0.0392714678542768,0.0463524907190462,0.0415794756261707,0.0263269023017919,0.0408510953410192,0.0461319154853832,0.0281022511218785,0.0312273024586746,0.0301584428436612,0.0309451540754381,0.0425894748535599,0.0793525281279966,0.0103981036804877,0.0212597675369863,0.0310939279491318,0.0340440124106817,0.0249161162719794,0.0181760297599945,0.020769764266248,0.0139288819024522,0.0434998906430307,0.0244755084037733,0.0120465097091494,0.0439780407429492,0.0154003323860723,0.11954917370782,0.047922116884681,0.0168389089971197,0.0450476026554029,0.0159840686495567,0.023056729152081,0.0339204723471685,0.057390338726017,0.0120071164808747,0.0414949790480609,0.0288653175115688,0.0195895582960532,0.0299504581738803,0.0450253067150796,0.0274289640101425
"SPEECH_106",NA,NA,NA,NA,NA,NA,NA,NA,NA,NA,NA,NA,NA,NA,NA,NA,NA,NA,NA,NA,NA,NA,NA,NA,NA,NA,NA,NA,NA,NA,NA,NA,NA,NA,NA,NA,NA,NA,NA,NA,NA,NA,NA,NA,NA,NA,NA,NA,NA,NA,NA,NA,NA,NA,NA,NA,NA,NA,NA,NA,0.0406581252088822,0.064258776964854,0.0130039905858968,0.0446443135326295,0.0301898723754034,0.0498591309938874,0.0490153006114935,0.0150019943166369,0.0216559479184453,0.0588062646176207,0.027377411259364,0.0401428337405478,0.0148294896187532,0.0467081764040401,0.0156861462995683,0.0940111337972091,0.0444336978969078,0.0133972948795504,0.0303012651896004,0.0175735298790595,0.0246326090681784,0.0207220260053662,0.0307593259856847,0.0381025355176862,0.0304609581119003,0.0137424543853026,0.0153461275814454,0.034363459102289,0.0320324483296392,0.0282833598221577,0.0300324344187691,0.0542598163015326,0.0179468393294623,0.0367298141259798,0.0374661482644888,0.0653541184634434,0.0340024344713741,0.0150141309042058,0.0450039033363985,0.011735315585056,0.0263968888797825,0.0398431083147808,0.032831592870891,0.0309718031372399,0.0184335633222257,0.051154145922661,0.0382269834964181,0.0229209755806786,0.0341094638943557,0.0151673094981699,0.0336674708027643,0.0414320377332449,0.0430451988141255,0.0289568044440002,0.0363112822779979,0.0300524668358891,0.0221639179161053,0.0675823146864414,0.0221465780643863,0.0170411383071313
"SPEECH_1250",NA,NA,NA,NA,NA,NA,NA,NA,NA,NA,NA,NA,NA,NA,NA,NA,NA,NA,NA,NA,NA,NA,NA,NA,NA,NA,NA,NA,NA,NA,NA,NA,NA,NA,NA,NA,NA,NA,NA,NA,NA,NA,NA,NA,NA,NA,NA,NA,NA,NA,NA,NA,NA,NA,NA,NA,NA,NA,NA,NA,0.0368655373750314,0.0390346960525082,0.0156687692079946,0.0469391195323142,0.0248912436512173,0.0606085063031694,0.029332036909269,0.0200887356768274,0.0229743983936752,0.0258362686735912,0.0341893206829064,0.0205567047699842,0.0123678662027797,0.0414784138166679,0.0229472059645985,0.0862266415502365,0.0757331080249163,0.0212973874490605,0.0191967902326796,0.0193885715979129,0.0361096821907878,0.0235503651869987,0.0433500600051972,0.0233253635188246,0.0328114043103737,0.0297521623068949,0.0415922878000655,0.0411919183565369,0.0360875551653011,0.016607879091679,0.0644083763293,0.0313285299744964,0.00818504933104056,0.0184450317504766,0.0160980967874404,0.0547367915003115,0.0240424262315951,0.0137760733795382,0.0246502672817568,0.0533526086098275,0.0142199702880913,0.0442481410204943,0.0115346548045226,0.0273605745344482,0.0167505792535754,0.0916374022557933,0.0137868004972307,0.0108838179043494,0.0344810390149295,0.0163779779086052,0.0549309587654729,0.0552515569051182,0.0720942419325071,0.0333599511189832,0.0232456077425002,0.021564103529045,0.0394231053997458,0.0359220192374576,0.06214047302617,0.0117637736851772
"SPEECH_2",NA,NA,NA,NA,NA,NA,NA,NA,NA,NA,NA,NA,NA,NA,NA,NA,NA,NA,NA,NA,NA,NA,NA,NA,NA,NA,NA,NA,NA,NA,NA,NA,NA,NA,NA,NA,NA,NA,NA,NA,NA,NA,NA,NA,NA,NA,NA,NA,NA,NA,NA,NA,NA,NA,NA,NA,NA,NA,NA,NA,0.0636333356866798,0.0570174692793795,0.0175179228925498,0.0423885454563568,0.0195314639029645,0.0389172801816307,0.0380374573207178,0.0179239611733713,0.0169469497671622,0.0255681647455657,0.0462087363622292,0.0304151943157712,0.0132748665217485,0.0493027088138333,0.0192745987571868,0.0862352468744804,0.0513367396467061,0.0166733291749363,0.0412725347748722,0.0121423115699264,0.0268545322369164,0.0264227083774866,0.0308254122113817,0.0118653124595236,0.041088000230878,0.0124347613915334,0.0179082130254739,0.0345613254873136,0.0601195008450638,0.0343014165163607,0.0545882910045199,0.0652729573231972,0.013260738570124,0.0360618098227616,0.051040013696981,0.0367473262895193,0.0422866346222367,0.0137890746077296,0.025154397087711,0.0312964177088871,0.0439659021480981,0.0725957383739626,0.0120300211936877,0.0431335629790995,0.0202741456120727,0.0631808012832799,0.025640832237681,0.0155094181271586,0.0134614040465541,0.0171008138664385,0.0366350704560274,0.0346372891555774,0.024105913495666,0.0177011056767071,0.0451792245996636,0.0323150559801881,0.0185573122088135,0.0337977417959168,0.0336790884237429,0.027001897605997
"SPEECH_845",NA,NA,NA,NA,NA,NA,NA,NA,NA,NA,NA,NA,NA,NA,NA,NA,NA,NA,NA,NA,NA,NA,NA,NA,NA,NA,NA,NA,NA,NA,NA,NA,NA,NA,NA,NA,NA,NA,NA,NA,NA,NA,NA,NA,NA,NA,NA,NA,NA,NA,NA,NA,NA,NA,NA,NA,NA,NA,NA,NA,0.0479081701751532,0.0563785265238431,0.0136289511218641,0.0465641557460516,0.0472172393107066,0.0395384591698693,0.0270192808914969,0.0120848948814167,0.0264253649143353,0.0239689673881361,0.0431793303208335,0.0353273273799578,0.0161852729781908,0.022652077604521,0.0183503341589131,0.0719835767581315,0.0366700436883106,0.0169456165552488,0.0501129260212146,0.0176448177466528,0.0249754180343458,0.0434831044647,0.0212246542828346,0.0260061429449944,0.0360969241981887,0.0322152542045193,0.019150722579018,0.0494221739975967,0.0437521357059581,0.0338881362529969,0.0440172376065418,0.0665320108703368,0.0120865810648931,0.0306829524499321,0.0485628695442833,0.03129198152099,0.027202294677909,0.0140145445385892,0.0304119319587161,0.0216818266345312,0.0260011859386376,0.0148712144151419,0.0149891840846963,0.0624733665679286,0.0165299909660528,0.0425100196546244,0.0225816630934518,0.0212305735432422,0.0266294198454412,0.0237056739368823,0.0285836239308989,0.0569225138508981,0.0636689438257829,0.0174576729169013,0.0506017697076278,0.036651723773431,0.0355594094418173,0.0380259818714622,0.0451939597614602,0.0293278780068985
"SPEECH_1244",NA,NA,NA,NA,NA,NA,NA,NA,NA,NA,NA,NA,NA,NA,NA,NA,NA,NA,NA,NA,NA,NA,NA,NA,NA,NA,NA,NA,NA,NA,NA,NA,NA,NA,NA,NA,NA,NA,NA,NA,NA,NA,NA,NA,NA,NA,NA,NA,NA,NA,NA,NA,NA,NA,NA,NA,NA,NA,NA,NA,0.0479081701751532,0.0563785265238431,0.0136289511218641,0.0465641557460516,0.0472172393107066,0.0395384591698693,0.0270192808914969,0.0120848948814167,0.0264253649143353,0.0239689673881361,0.0431793303208335,0.0353273273799578,0.0161852729781908,0.022652077604521,0.0183503341589131,0.0719835767581315,0.0366700436883106,0.0169456165552488,0.0501129260212146,0.0176448177466528,0.0249754180343458,0.0434831044647,0.0212246542828346,0.0260061429449944,0.0360969241981887,0.0322152542045193,0.019150722579018,0.0494221739975967,0.0437521357059581,0.0338881362529969,0.0440172376065418,0.0665320108703368,0.0120865810648931,0.0306829524499321,0.0485628695442833,0.03129198152099,0.027202294677909,0.0140145445385892,0.0304119319587161,0.0216818266345312,0.0260011859386376,0.0148712144151419,0.0149891840846963,0.0624733665679286,0.0165299909660528,0.0425100196546244,0.0225816630934518,0.0212305735432422,0.0266294198454412,0.0237056739368823,0.0285836239308989,0.0569225138508981,0.0636689438257829,0.0174576729169013,0.0506017697076278,0.036651723773431,0.0355594094418173,0.0380259818714622,0.0451939597614602,0.0293278780068985
"SPEECH_1260",NA,NA,NA,NA,NA,NA,NA,NA,NA,NA,NA,NA,NA,NA,NA,NA,NA,NA,NA,NA,NA,NA,NA,NA,NA,NA,NA,NA,NA,NA,NA,NA,NA,NA,NA,NA,NA,NA,NA,NA,NA,NA,NA,NA,NA,NA,NA,NA,NA,NA,NA,NA,NA,NA,NA,NA,NA,NA,NA,NA,0.0375163153204866,0.0662866198902905,0.0130515014184784,0.0238464624056048,0.0270502643074097,0.026080876557959,0.0468555291522875,0.0160617923641139,0.0165715524848226,0.0140476303671092,0.0573303898360762,0.0256789748874634,0.0122281778245754,0.0444009443564719,0.0145821293496176,0.1103485302755,0.0748781689459239,0.0211947481419647,0.051986786896899,0.0176195472107829,0.0288027334325904,0.0232806057314481,0.0247672185494268,0.0135156959310513,0.034993713352252,0.0260880969364496,0.0169244939130439,0.0297947698767849,0.0379814386098452,0.046234291673271,0.0535162478131741,0.0647390692341004,0.0105175751141705,0.0268606736687879,0.0351023955791034,0.0377006033928085,0.0271403865970374,0.0179156244283885,0.033965341625594,0.0339804565644478,0.0270681984708806,0.0365167764746898,0.0201334301125381,0.0425142661027003,0.018456603757225,0.0655484446409364,0.0372834168410741,0.018507869355517,0.0213511556208261,0.0208084330678169,0.0296605204623484,0.0339974461119726,0.037320492124792,0.0210573379367477,0.0439062072403653,0.047329040230064,0.0148844706867517,0.0522764728040184,0.0436622876664309,0.0262787562746919
"SPEECH_124",NA,NA,NA,NA,NA,NA,NA,NA,NA,NA,NA,NA,NA,NA,NA,NA,NA,NA,NA,NA,NA,NA,NA,NA,NA,NA,NA,NA,NA,NA,NA,NA,NA,NA,NA,NA,NA,NA,NA,NA,NA,NA,NA,NA,NA,NA,NA,NA,NA,NA,NA,NA,NA,NA,NA,NA,NA,NA,NA,NA,0.046798585949073,0.0449579707448891,0.012763342961709,0.0350442182844331,0.0314652502105027,0.0405992361787867,0.0599159287153504,0.0183663471812492,0.0187823754574843,0.0610144839959193,0.0441613381125175,0.039362095640332,0.021229837655825,0.0332528530107629,0.0277483299079841,0.0646186658081422,0.0477804362051874,0.0107348823736098,0.0219807779171912,0.01553673432414,0.0144497774430502,0.0247980536981435,0.0436231938210084,0.0249250607254696,0.0292800906885239,0.023178853830883,0.0226362959374103,0.0392704809087806,0.0327806082584799,0.0489438940531617,0.0359310543760614,0.061398321288073,0.013601418593605,0.0307740068980593,0.0376607562578455,0.041998625399683,0.0322028631042266,0.0181316831237591,0.0596629450759442,0.0186250947917256,0.0281931942535399,0.044590978124347,0.0225734965550428,0.0373216640804045,0.0195706065409819,0.0442960560232847,0.0411980237836687,0.01948186614425,0.0218513612349496,0.020181289780755,0.0411206672413959,0.0334764541695179,0.0468146684802358,0.0205020537600192,0.0475765202717937,0.0528309504337866,0.021715067193558,0.0436327085691794,0.0251452310542485,0.0179403733960581
"SPEECH_96",NA,NA,NA,NA,NA,NA,NA,NA,NA,NA,NA,NA,NA,NA,NA,NA,NA,NA,NA,NA,NA,NA,NA,NA,NA,NA,NA,NA,NA,NA,NA,NA,NA,NA,NA,NA,NA,NA,NA,NA,NA,NA,NA,NA,NA,NA,NA,NA,NA,NA,NA,NA,NA,NA,NA,NA,NA,NA,NA,NA,0.036772398814137,0.0359172636885884,0.0121163929602332,0.07130981898957,0.0382293938076781,0.0434128264502434,0.0420331220172476,0.0131452515522489,0.0798569540436331,0.0158270294263011,0.0221077413441859,0.0202072895306981,0.0198004042743086,0.027747352129539,0.0349442854100256,0.0338794183216935,0.0286170793039009,0.014924431756028,0.0134959215948673,0.0283325395131964,0.018610945182507,0.025639082068631,0.0484783201587364,0.0485846707510389,0.0239601172043605,0.0575661385740825,0.0289358878768266,0.0350448863265236,0.0546160657763268,0.0258869711526424,0.0727520704134136,0.0549461496841234,0.0196637309327904,0.0234228277906344,0.0418539576436236,0.0355738556733139,0.0328551716832507,0.0176550292403773,0.0438143871900995,0.0151478229752542,0.0594371984363995,0.0298743000854022,0.0209940946297076,0.0351649700896655,0.0220600138658006,0.0519926776987227,0.0212856281623881,0.0242045468116952,0.0148602204027427,0.0230430937618071,0.0165228617629369,0.0317591498173592,0.0361103760336943,0.0225999910616054,0.0532612348164921,0.052303802753856,0.0236915490415146,0.0548284689158814,0.0204917066208792,0.0278291120045687
"SPEECH_818",NA,NA,NA,NA,NA,NA,NA,NA,NA,NA,NA,NA,NA,NA,NA,NA,NA,NA,NA,NA,NA,NA,NA,NA,NA,NA,NA,NA,NA,NA,NA,NA,NA,NA,NA,NA,NA,NA,NA,NA,NA,NA,NA,NA,NA,NA,NA,NA,NA,NA,NA,NA,NA,NA,NA,NA,NA,NA,NA,NA,0.0261917113423926,0.062044946609461,0.0122083157248815,0.0298383488165634,0.0470252228431256,0.021047726386418,0.028126007784766,0.0121026675007457,0.107237403323656,0.0110308824723508,0.0208613238532808,0.0154965192261545,0.0158367765425752,0.035165868766148,0.0162826999502784,0.0741322265466911,0.0452388388100494,0.0122164993316798,0.0749986870147466,0.026458236260939,0.0114704249717404,0.0278428274016365,0.0423790535723896,0.0104807714855099,0.0296811838191107,0.0424007814922769,0.0204070730926226,0.0599645975135391,0.0308706757158661,0.0309617018284049,0.0503330150244292,0.0573995046935267,0.0179934735444727,0.0337060099164262,0.0237196211447207,0.0395876360254534,0.0328184736717155,0.0188571863709395,0.0186642075047913,0.0151888038714141,0.0475368612997689,0.0453602094221947,0.0161772309190337,0.0307223047519685,0.0210196713243597,0.0597874399535877,0.0740216526767358,0.0217600254102453,0.0297554738490542,0.0208915163681216,0.0149393229474243,0.030865911879911,0.0398826952696982,0.0156699024579719,0.0320926392504347,0.0305040977988253,0.0480166058435711,0.0377943125550747,0.0434880398839509,0.0314461543701784
"SPEECH_1231",NA,NA,NA,NA,NA,NA,NA,NA,NA,NA,NA,NA,NA,NA,NA,NA,NA,NA,NA,NA,NA,NA,NA,NA,NA,NA,NA,NA,NA,NA,NA,NA,NA,NA,NA,NA,NA,NA,NA,NA,NA,NA,NA,NA,NA,NA,NA,NA,NA,NA,NA,NA,NA,NA,NA,NA,NA,NA,NA,NA,0.0503330150244292,0.0573995046935267,0.0179934735444727,0.0337060099164262,0.0237196211447207,0.0395876360254534,0.0328184736717155,0.0188571863709395,0.0186642075047913,0.0151888038714141,0.0475368612997689,0.0453602094221947,0.0161772309190337,0.0307223047519685,0.0210196713243597,0.0597874399535877,0.0740216526767358,0.0217600254102453,0.0297554738490542,0.0208915163681216,0.0149393229474243,0.030865911879911,0.0398826952696982,0.0156699024579719,0.0320926392504347,0.0305040977988253,0.0480166058435711,0.0377943125550747,0.0434880398839509,0.0314461543701784,0.0251822591275881,0.0556643976707704,0.0163509596326359,0.0239150230331985,0.0357443612657514,0.0499190159356236,0.0448911851614919,0.017193807897305,0.0477337888304469,0.0233087487687673,0.0504953986341509,0.0314846609143817,0.0188984941062145,0.0304445054954026,0.0244996677224019,0.0550519613417938,0.0324651114719233,0.0161692439958853,0.021253474857994,0.0170162296036533,0.0316094829671476,0.0337171421034651,0.048033485903277,0.0227060224872292,0.032830133938263,0.0598654410614513,0.0230073086874808,0.0571258047602124,0.0255472227228699,0.0278756599012235
"SPEECH_799",NA,NA,NA,NA,NA,NA,NA,NA,NA,NA,NA,NA,NA,NA,NA,NA,NA,NA,NA,NA,NA,NA,NA,NA,NA,NA,NA,NA,NA,NA,NA,NA,NA,NA,NA,NA,NA,NA,NA,NA,NA,NA,NA,NA,NA,NA,NA,NA,NA,NA,NA,NA,NA,NA,NA,NA,NA,NA,NA,NA,0.0316174375976534,0.0739814061606963,0.0139285413675119,0.0269998639471044,0.0392568156766734,0.0422629633206967,0.0445769322682777,0.0122209503900199,0.037399242719884,0.0159820589775611,0.0333827059438368,0.0262655025360221,0.0158998707671912,0.0276242674292267,0.0204127153827342,0.0696413825229381,0.0365311308922143,0.0115675486048602,0.0501768807328859,0.0252436601840811,0.0173657160374962,0.0367854813623504,0.0621932554209107,0.0102633001659539,0.0249712882831985,0.0321646875821395,0.0211604192573979,0.0413219260831578,0.0457804853608132,0.0530215630245124,0.0371909987540426,0.0624395399910344,0.0145914050679313,0.0181170060513906,0.0473310478333438,0.0695591725535021,0.0433147353693993,0.0132326464251869,0.0653846097026365,0.0240066156718415,0.0328553100298642,0.0322911809473392,0.0151673811951945,0.0316699498474718,0.0135323445617034,0.0406863005930735,0.0187633792329405,0.0189698966489611,0.0154901485636623,0.0196327214917514,0.0340789537446146,0.0268009688725295,0.0885684241360214,0.0126777707086776,0.0282322028010276,0.0293858811469352,0.0225195149498666,0.0529705411820655,0.0415761343685307,0.0289632175574605
"SPEECH_1265",NA,NA,NA,NA,NA,NA,NA,NA,NA,NA,NA,NA,NA,NA,NA,NA,NA,NA,NA,NA,NA,NA,NA,NA,NA,NA,NA,NA,NA,NA,NA,NA,NA,NA,NA,NA,NA,NA,NA,NA,NA,NA,NA,NA,NA,NA,NA,NA,NA,NA,NA,NA,NA,NA,NA,NA,NA,NA,NA,NA,0.0607540283677469,0.0713020028524254,0.0148887390280253,0.0165617886262013,0.0242721721474155,0.0430709289640724,0.0481409424890182,0.013589882987112,0.0257867012791901,0.0149407019878013,0.0431720382794803,0.0316466950922447,0.0153116680387112,0.0438382051420693,0.0125492774321693,0.0764159182667804,0.0584116055025963,0.0192755767395588,0.0344537971809865,0.0194103912542659,0.0129295696237683,0.0335825522397762,0.0639031508633094,0.0182308747246888,0.0222727890519374,0.0381833648216052,0.0353852361098328,0.0257487679968072,0.0336780543013273,0.0282925786090764,0.0403221803747638,0.04309563004358,0.0173153400545563,0.0269881886819582,0.0298042955537143,0.0526390154751231,0.0398085843516392,0.0147599221228574,0.0238046297119376,0.0166952925036542,0.0318177580883846,0.0677190585124667,0.0150806724580458,0.0446434082289963,0.0192877446762782,0.0634780774504035,0.0314510411154806,0.017955400082532,0.0275190805383412,0.0151184800683674,0.0294339681294123,0.0526918938127954,0.0466147682995321,0.0211629628582715,0.0617475014055308,0.018771331412718,0.0275307094898353,0.0473212089633561,0.0383782704079955,0.0170435851274727
"SPEECH_44",NA,NA,NA,NA,NA,NA,NA,NA,NA,NA,NA,NA,NA,NA,NA,NA,NA,NA,NA,NA,NA,NA,NA,NA,NA,NA,NA,NA,NA,NA,NA,NA,NA,NA,NA,NA,NA,NA,NA,NA,NA,NA,NA,NA,NA,NA,NA,NA,NA,NA,NA,NA,NA,NA,NA,NA,NA,NA,NA,NA,0.0514648034971853,0.0557723992371348,0.0145385835243809,0.0382014513088542,0.0233654705960981,0.0554400239311358,0.0447602715664708,0.0196654382608979,0.0270524604851999,0.0556608282756099,0.0304869500523147,0.0446175200830404,0.0145671718879925,0.031809988982382,0.0339405953425443,0.0476150945428351,0.0193564312244541,0.0169376470769387,0.0169574180437953,0.0171760367997228,0.017882231579805,0.068514562513421,0.0398120960638903,0.0236313918804577,0.0161561832718521,0.0461927217327333,0.029962803448557,0.0458557127573523,0.0325295971859382,0.0200761148470056,0.0319359598167979,0.0721210602474752,0.0117403450732042,0.0232863905194781,0.036700459796764,0.0209148655845351,0.0413863768938401,0.0146860277449447,0.0547962673771656,0.0236621966473749,0.0311790536328034,0.0215111838011366,0.0137798002910234,0.0511633208388498,0.0309394050765797,0.0594909572088875,0.0417585861245837,0.0188394898336488,0.0178977729756581,0.0216304811646841,0.042729323803386,0.0330610581951174,0.025851898302532,0.0372138777480387,0.0602938099476726,0.0395613859478232,0.0257062197291907,0.0259785794694842,0.0287325709979493,0.0414512752093709
"SPEECH_784",NA,NA,NA,NA,NA,NA,NA,NA,NA,NA,NA,NA,NA,NA,NA,NA,NA,NA,NA,NA,NA,NA,NA,NA,NA,NA,NA,NA,NA,NA,NA,NA,NA,NA,NA,NA,NA,NA,NA,NA,NA,NA,NA,NA,NA,NA,NA,NA,NA,NA,NA,NA,NA,NA,NA,NA,NA,NA,NA,NA,0.0504987583926182,0.0389971136041523,0.0217587770336977,0.0279100528286786,0.0742558430526892,0.0584236183140493,0.0169134105639708,0.0167504800543719,0.0963647495900054,0.0258602248244326,0.028868996585669,0.0460205695970591,0.0173558221974015,0.0305793860691808,0.0122603274536624,0.0171201133285546,0.0182723665711711,0.0252913046648363,0.0201029294066656,0.0235319387861509,0.0297344256849242,0.0279468400715213,0.0549000422017585,0.0107127070176287,0.0222497364203031,0.025842826228781,0.0205963835369182,0.0471517163468977,0.0470044715734871,0.0467240679987631,0.0458595102682162,0.0563234654230373,0.0170231940697776,0.0179692759840793,0.0305771948637121,0.0363635574440088,0.0401545272560944,0.0173253402106854,0.0141824211413938,0.0152531941150916,0.062775284855471,0.0504684275133596,0.0119441807652708,0.0293977623665239,0.0150730034289295,0.123127658148866,0.0481166419048224,0.0179143250277524,0.0425936180016311,0.0160863764266224,0.0221010430267562,0.0158237771164655,0.050937722480688,0.0256400232192828,0.0428011110365945,0.0274539260070078,0.0200218713799824,0.0251972255224245,0.0313611573571396,0.0301331836383135
"SPEECH_1278",NA,NA,NA,NA,NA,NA,NA,NA,NA,NA,NA,NA,NA,NA,NA,NA,NA,NA,NA,NA,NA,NA,NA,NA,NA,NA,NA,NA,NA,NA,NA,NA,NA,NA,NA,NA,NA,NA,NA,NA,NA,NA,NA,NA,NA,NA,NA,NA,NA,NA,NA,NA,NA,NA,NA,NA,NA,NA,NA,NA,0.0391197378631621,0.0352310090643128,0.0117451689098751,0.0481778625523853,0.0470735603689062,0.0457582768367357,0.0385815936389442,0.014137622591573,0.0188936562636598,0.0192716367758686,0.026545662502632,0.0169661754509381,0.0208581921576135,0.0553086713209362,0.0246821720041432,0.04566878664888,0.072105171008377,0.0203203775618517,0.0463432765119759,0.0119183859994186,0.0308925877418177,0.041679302814304,0.0145176815237765,0.0292507470545306,0.0354323745774929,0.0385445163233895,0.0188160296235663,0.044101487067853,0.0533221743265163,0.0347361029145643,0.0270435371897956,0.040446456760407,0.0198399089412309,0.0124486059938936,0.0602024783020024,0.0563591206192077,0.0239895091882729,0.0188217132884418,0.0563944680985543,0.0201807052696338,0.0229322983972285,0.0370616848149883,0.0146970593103273,0.0547189098408979,0.0270222479247306,0.0342136275510423,0.0315624800080314,0.0218750644799981,0.0128319756912252,0.015031375740583,0.0639681485863909,0.0327226637605496,0.0549594243028418,0.0235191657653402,0.0255885010254431,0.0444368937653112,0.0240049525683976,0.0415062059277312,0.0409681416856467,0.0406526752018554
"SPEECH_110",NA,NA,NA,NA,NA,NA,NA,NA,NA,NA,NA,NA,NA,NA,NA,NA,NA,NA,NA,NA,NA,NA,NA,NA,NA,NA,NA,NA,NA,NA,NA,NA,NA,NA,NA,NA,NA,NA,NA,NA,NA,NA,NA,NA,NA,NA,NA,NA,NA,NA,NA,NA,NA,NA,NA,NA,NA,NA,NA,NA,0.0286067999694309,0.0613116129441762,0.01968299592621,0.017031842166048,0.036829837324959,0.0467530038608181,0.0258479341897322,0.0156064500342501,0.0118884020231643,0.0285377861744722,0.0273856420015785,0.0146910306220204,0.0140688222637301,0.0325079770676409,0.0193706050733269,0.0727960505750259,0.0716799741878574,0.0234695631719978,0.0987220548812081,0.0151473292539493,0.0113228573228074,0.0222523814250344,0.0506817970086854,0.0125663294856071,0.0268607886473295,0.0656770306106994,0.0205263892035607,0.028340534671804,0.0314082885537187,0.0484278893591572,0.0266723831992679,0.0619216215173184,0.012914792006179,0.052215695242257,0.0457124844021302,0.0374449081504377,0.0228571096300475,0.00963617720937321,0.0464395500455915,0.0374971809095947,0.0394332567127871,0.024228281385966,0.0126314060174871,0.0284706177761794,0.0229320809517302,0.068119040742735,0.0418845788674252,0.0181047488326074,0.0176412401271978,0.0234660830379089,0.0717599514432024,0.0248737667598665,0.0387498784898769,0.0199244303696498,0.043230299799484,0.0419972611440746,0.018407250853169,0.0332318402031318,0.0381172750195054,0.0194848091538187
"SPEECH_1267",NA,NA,NA,NA,NA,NA,NA,NA,NA,NA,NA,NA,NA,NA,NA,NA,NA,NA,NA,NA,NA,NA,NA,NA,NA,NA,NA,NA,NA,NA,NA,NA,NA,NA,NA,NA,NA,NA,NA,NA,NA,NA,NA,NA,NA,NA,NA,NA,NA,NA,NA,NA,NA,NA,NA,NA,NA,NA,NA,NA,0.0266723831992679,0.0619216215173184,0.012914792006179,0.052215695242257,0.0457124844021302,0.0374449081504377,0.0228571096300475,0.00963617720937321,0.0464395500455915,0.0374971809095947,0.0394332567127871,0.024228281385966,0.0126314060174871,0.0284706177761794,0.0229320809517302,0.068119040742735,0.0418845788674252,0.0181047488326074,0.0176412401271978,0.0234660830379089,0.0717599514432024,0.0248737667598665,0.0387498784898769,0.0199244303696498,0.043230299799484,0.0419972611440746,0.018407250853169,0.0332318402031318,0.0381172750195054,0.0194848091538187,0.0234796344010549,0.0457772453821442,0.0174910052849637,0.0407995031587615,0.0399078664064809,0.0321590400066606,0.0421099550082195,0.0128539495625567,0.0252134098740684,0.0211043948626061,0.0259616014102256,0.0183718801455022,0.0300445038841091,0.0349032690343664,0.0342440860604363,0.0559254552396136,0.0713142382439943,0.0181397856563451,0.0392937407286964,0.0365590333794109,0.020316389310024,0.0236790225168275,0.0237729335594464,0.0336558808053766,0.0342859227957301,0.0387404652446578,0.0236034053887473,0.0503865243043105,0.0573528319342281,0.0285530264104356
"SPEECH_59",NA,NA,NA,NA,NA,NA,NA,NA,NA,NA,NA,NA,NA,NA,NA,NA,NA,NA,NA,NA,NA,NA,NA,NA,NA,NA,NA,NA,NA,NA,NA,NA,NA,NA,NA,NA,NA,NA,NA,NA,NA,NA,NA,NA,NA,NA,NA,NA,NA,NA,NA,NA,NA,NA,NA,NA,NA,NA,NA,NA,0.0454856172962307,0.0674617851415593,0.0115902569713301,0.0157043391435968,0.030639566076763,0.0257032654279773,0.0209845862355348,0.0094436948501476,0.0238665257907706,0.0260408930859442,0.0481458542499692,0.0223651405355168,0.0132262016743551,0.0191629539471311,0.0218178915854055,0.0929909052858845,0.0785747058844917,0.0230636689146825,0.0562170394629524,0.01538412671004,0.0377856274327153,0.0341165286109002,0.0485623148587429,0.00952468487800246,0.0219450622133573,0.0655793091260879,0.0150437094387709,0.0216727737379879,0.0576190805750682,0.0202818908580836,0.0469632526110169,0.0623993303202374,0.0170599295207953,0.0597393255279753,0.0532105006287044,0.0339837131456979,0.034471750818962,0.0150935037120295,0.0345705281319375,0.0120026060161314,0.0302292692764562,0.0382425414330455,0.0295841937497032,0.0279480766774733,0.0141415052241427,0.049690401219512,0.0238575622065599,0.0176481906891016,0.026206538091877,0.0178361531092002,0.034610383484093,0.0300367213253148,0.0323129222685609,0.0313079936354583,0.033147841882392,0.0157740995920103,0.0157871281581112,0.069096120794826,0.0400390188080075,0.0530088979406668
"SPEECH_796",NA,NA,NA,NA,NA,NA,NA,NA,NA,NA,NA,NA,NA,NA,NA,NA,NA,NA,NA,NA,NA,NA,NA,NA,NA,NA,NA,NA,NA,NA,NA,NA,NA,NA,NA,NA,NA,NA,NA,NA,NA,NA,NA,NA,NA,NA,NA,NA,NA,NA,NA,NA,NA,NA,NA,NA,NA,NA,NA,NA,0.0454856172962307,0.0674617851415593,0.0115902569713301,0.0157043391435968,0.030639566076763,0.0257032654279773,0.0209845862355348,0.0094436948501476,0.0238665257907706,0.0260408930859442,0.0481458542499692,0.0223651405355168,0.0132262016743551,0.0191629539471311,0.0218178915854055,0.0929909052858845,0.0785747058844917,0.0230636689146825,0.0562170394629524,0.01538412671004,0.0377856274327153,0.0341165286109002,0.0485623148587429,0.00952468487800246,0.0219450622133573,0.0655793091260879,0.0150437094387709,0.0216727737379879,0.0576190805750682,0.0202818908580836,0.0469632526110169,0.0623993303202374,0.0170599295207953,0.0597393255279753,0.0532105006287044,0.0339837131456979,0.034471750818962,0.0150935037120295,0.0345705281319375,0.0120026060161314,0.0302292692764562,0.0382425414330455,0.0295841937497032,0.0279480766774733,0.0141415052241427,0.049690401219512,0.0238575622065599,0.0176481906891016,0.026206538091877,0.0178361531092002,0.034610383484093,0.0300367213253148,0.0323129222685609,0.0313079936354583,0.033147841882392,0.0157740995920103,0.0157871281581112,0.069096120794826,0.0400390188080075,0.0530088979406668
"SPEECH_65",NA,NA,NA,NA,NA,NA,NA,NA,NA,NA,NA,NA,NA,NA,NA,NA,NA,NA,NA,NA,NA,NA,NA,NA,NA,NA,NA,NA,NA,NA,NA,NA,NA,NA,NA,NA,NA,NA,NA,NA,NA,NA,NA,NA,NA,NA,NA,NA,NA,NA,NA,NA,NA,NA,NA,NA,NA,NA,NA,NA,0.0245821077061935,0.0803123962670336,0.0140593070620437,0.0168671039241058,0.0153417382093584,0.0791688805550444,0.0332857442626251,0.0166624495637903,0.0242416282495218,0.016014558447274,0.058986997061667,0.0329981656047318,0.0178861076599544,0.0561914881040517,0.0232469243352135,0.0834185635041719,0.0408600468938733,0.0172236434661758,0.0293333170403704,0.0137676067011704,0.0141184764135693,0.0302458943688946,0.0176071299397731,0.0139322389169451,0.0514339865762299,0.0220458729271024,0.0423390136297635,0.0558472724078203,0.0384038361988284,0.0195775040027026,0.0246734030226726,0.0595214594929819,0.0210022299442951,0.0506083004156725,0.0475227683698453,0.029655905895685,0.0360366332445605,0.0185364668698909,0.0318048160154482,0.0151534822374511,0.0262169395453465,0.0862946849789108,0.0196640575373671,0.0498728206282423,0.0354287160245065,0.0638475492074589,0.0312431557030299,0.0156549308500384,0.0828611142068359,0.0138181598172497,0.0205207307151585,0.0151366290816757,0.0154118674195631,0.0262606249859015,0.0253132336756171,0.048021611859137,0.0208820278884459,0.0250398193140081,0.0249392364082662,0.0190566246447378
"SPEECH_53",NA,NA,NA,NA,NA,NA,NA,NA,NA,NA,NA,NA,NA,NA,NA,NA,NA,NA,NA,NA,NA,NA,NA,NA,NA,NA,NA,NA,NA,NA,NA,NA,NA,NA,NA,NA,NA,NA,NA,NA,NA,NA,NA,NA,NA,NA,NA,NA,NA,NA,NA,NA,NA,NA,NA,NA,NA,NA,NA,NA,0.0469632526110169,0.0623993303202374,0.0170599295207953,0.0597393255279753,0.0532105006287044,0.0339837131456979,0.034471750818962,0.0150935037120295,0.0345705281319375,0.0120026060161314,0.0302292692764562,0.0382425414330455,0.0295841937497032,0.0279480766774733,0.0141415052241427,0.049690401219512,0.0238575622065599,0.0176481906891016,0.026206538091877,0.0178361531092002,0.034610383484093,0.0300367213253148,0.0323129222685609,0.0313079936354583,0.033147841882392,0.0157740995920103,0.0157871281581112,0.069096120794826,0.0400390188080075,0.0530088979406668,0.0361705011029291,0.0383362686178815,0.0149605486065197,0.0422329771614074,0.0423866675432926,0.0453852416770822,0.034115192157235,0.0134589618804429,0.0294581388533853,0.0147792604543429,0.0406917127784762,0.025002845612561,0.0124736276507909,0.0289406909710709,0.0622311821229372,0.0378623940140192,0.0315396148844477,0.0195994346376345,0.0231615277405765,0.0161483448668724,0.0488295499655949,0.0344367689404172,0.0514106853346831,0.0379663024342737,0.0317507473114483,0.0383852473976537,0.0319278619258911,0.0470837182614066,0.0493398114561095,0.0199341736386167
"SPEECH_25",NA,NA,NA,NA,NA,NA,NA,NA,NA,NA,NA,NA,NA,NA,NA,NA,NA,NA,NA,NA,NA,NA,NA,NA,NA,NA,NA,NA,NA,NA,NA,NA,NA,NA,NA,NA,NA,NA,NA,NA,NA,NA,NA,NA,NA,NA,NA,NA,NA,NA,NA,NA,NA,NA,NA,NA,NA,NA,NA,NA,0.0370123222203678,0.0551526408009188,0.0272630851916925,0.0349958868962242,0.0490184036027619,0.0295602320632971,0.040045737604017,0.0333381323643618,0.0452041860813162,0.0321696814687701,0.033090100320565,0.0239361851864112,0.0289383196135068,0.0325449377987218,0.0242020410589506,0.0465727631808333,0.0440403658188278,0.0134218594447317,0.0232127604385538,0.028783997522009,0.0264575351056442,0.0341417274926643,0.033866301045201,0.0200323480536035,0.0348097885811049,0.0318442084511659,0.0362718175112316,0.0490174156233814,0.0191847976798917,0.0318704217792734,0.0428434173669913,0.058784338960557,0.0131964766633707,0.0239319087768763,0.0548026845150267,0.0445751112346607,0.0537875602451741,0.0215060342230646,0.0262990303611299,0.0137590634613915,0.0319863300001384,0.0305301185865205,0.0174351013339398,0.0439376851412373,0.0378363286256572,0.0432284972713674,0.0341477479042429,0.018687992654198,0.0523848329197585,0.0211930348052373,0.025984324689286,0.0257557000243055,0.0147462838315094,0.018028926499501,0.0347475727074324,0.0467140274082987,0.0182872922201662,0.0433245562680647,0.038124247406586,0.0494337738943101
"SPEECH_93",NA,NA,NA,NA,NA,NA,NA,NA,NA,NA,NA,NA,NA,NA,NA,NA,NA,NA,NA,NA,NA,NA,NA,NA,NA,NA,NA,NA,NA,NA,NA,NA,NA,NA,NA,NA,NA,NA,NA,NA,NA,NA,NA,NA,NA,NA,NA,NA,NA,NA,NA,NA,NA,NA,NA,NA,NA,NA,NA,NA,0.0390030932391063,0.0417438732066323,0.00959020593251839,0.0482614529834453,0.0298722141347754,0.065027722684533,0.0358877363136073,0.0173230756968134,0.0305547801854253,0.0214991187390982,0.0328958957396725,0.0340179635801692,0.0232914874344008,0.0316747612830599,0.023418456788667,0.0378817697955457,0.0583591306331102,0.0177719211852987,0.0396718941152177,0.0167380554790148,0.0405621162124565,0.0347936565679817,0.0297066732574195,0.0219285919483477,0.0610056098140596,0.0339603163229536,0.0207249911713876,0.0494446498692063,0.0352869381352757,0.0181018475508003,0.0358445281060627,0.0551845166987507,0.0117644005083001,0.0266078075508871,0.0478517241835476,0.0647143440943368,0.0413784018700567,0.0178203767607131,0.0207498957314922,0.016049015638605,0.0270924961918806,0.0401095508035211,0.0134607861175047,0.0743188235411518,0.0171935588336416,0.0777056830550555,0.0358897871585768,0.0202976850574816,0.0429170840104833,0.0135982250072663,0.027201034390505,0.0343164652104816,0.045505113097169,0.0134540909625634,0.019115636857723,0.0320443682722166,0.0526762353116472,0.0273377249089357,0.0205287627596709,0.0272718773097724
"SPEECH_45",NA,NA,NA,NA,NA,NA,NA,NA,NA,NA,NA,NA,NA,NA,NA,NA,NA,NA,NA,NA,NA,NA,NA,NA,NA,NA,NA,NA,NA,NA,NA,NA,NA,NA,NA,NA,NA,NA,NA,NA,NA,NA,NA,NA,NA,NA,NA,NA,NA,NA,NA,NA,NA,NA,NA,NA,NA,NA,NA,NA,0.0338580718684449,0.0532326385349799,0.0194877661367495,0.0428529457002577,0.0522684650338781,0.0551031963698906,0.0350977866510789,0.016220235345637,0.0446315130564367,0.0191558649978279,0.0459577082406526,0.0301488461592708,0.0213091753774348,0.0342924411891375,0.0270825273553986,0.0684500110626155,0.0277727745709118,0.0196553907049106,0.0200541609806352,0.0305277075445864,0.0398977545469289,0.0242859024381248,0.029898252426881,0.0121014666946154,0.0311995343066746,0.0262851403386607,0.0208064756958256,0.0428820512957444,0.0483782479745021,0.0271059474013073,0.0787081152364194,0.0350737238461253,0.016668422438305,0.0475827236980783,0.0403971535959233,0.0373974623347689,0.034836951936702,0.0143238784642042,0.0228168224041766,0.0140404246692497,0.0580093156255151,0.0225285453645616,0.0150154788651016,0.0269050550164832,0.0382818077734166,0.112256605656128,0.0199502804754602,0.0183028307612202,0.0538197183745685,0.024422025929807,0.0189595697847484,0.0252061561499473,0.0221727245606442,0.0407428150001232,0.0281963587339189,0.0468927500617881,0.0102262167638848,0.0213172545114594,0.0383591166165174,0.0165896953507533
"SPEECH_20",NA,NA,NA,NA,NA,NA,NA,NA,NA,NA,NA,NA,NA,NA,NA,NA,NA,NA,NA,NA,NA,NA,NA,NA,NA,NA,NA,NA,NA,NA,NA,NA,NA,NA,NA,NA,NA,NA,NA,NA,NA,NA,NA,NA,NA,NA,NA,NA,NA,NA,NA,NA,NA,NA,NA,NA,NA,NA,NA,NA,0.04547304207472,0.0331154077720952,0.019763896316373,0.0141378458204398,0.0294835537692403,0.0286992856477444,0.0571393784754129,0.0187802912820494,0.068867920020996,0.0180148497233218,0.0638004736275416,0.0286391795772409,0.0194178912922652,0.0286529557256479,0.0289910062068167,0.0764467091141847,0.068319108954615,0.0158783179172232,0.0375825519212073,0.016249021496443,0.0126662028565654,0.0217271975782345,0.0339472081731187,0.0152018090724808,0.0163589605637478,0.0135865647726891,0.0335753566233715,0.0519786483153527,0.0431288664060401,0.0403764989028211,0.0605193160043455,0.0424024358917562,0.0161173131711343,0.0403117611781426,0.0798123613279571,0.0137462279252932,0.0534248313683049,0.00915171638807758,0.0322388938486961,0.0242416125632227,0.0375734359994536,0.0257670562311267,0.0152865383856476,0.0277471471529928,0.0199873081179239,0.0612601557399654,0.020556418389873,0.0216434335920554,0.0733005668613285,0.0196923786252618,0.0189602895203368,0.0187658557101453,0.0314292938474908,0.0159224815821201,0.0204565125942898,0.0381888888470109,0.0234811711368329,0.0253183654213886,0.0766026065422282,0.0360936260355977
"SPEECH_864",NA,NA,NA,NA,NA,NA,NA,NA,NA,NA,NA,NA,NA,NA,NA,NA,NA,NA,NA,NA,NA,NA,NA,NA,NA,NA,NA,NA,NA,NA,NA,NA,NA,NA,NA,NA,NA,NA,NA,NA,NA,NA,NA,NA,NA,NA,NA,NA,NA,NA,NA,NA,NA,NA,NA,NA,NA,NA,NA,NA,0.04547304207472,0.0331154077720952,0.019763896316373,0.0141378458204398,0.0294835537692403,0.0286992856477444,0.0571393784754129,0.0187802912820494,0.068867920020996,0.0180148497233218,0.0638004736275416,0.0286391795772409,0.0194178912922652,0.0286529557256479,0.0289910062068167,0.0764467091141847,0.068319108954615,0.0158783179172232,0.0375825519212073,0.016249021496443,0.0126662028565654,0.0217271975782345,0.0339472081731187,0.0152018090724808,0.0163589605637478,0.0135865647726891,0.0335753566233715,0.0519786483153527,0.0431288664060401,0.0403764989028211,0.0605193160043455,0.0424024358917562,0.0161173131711343,0.0403117611781426,0.0798123613279571,0.0137462279252932,0.0534248313683049,0.00915171638807758,0.0322388938486961,0.0242416125632227,0.0375734359994536,0.0257670562311267,0.0152865383856476,0.0277471471529928,0.0199873081179239,0.0612601557399654,0.020556418389873,0.0216434335920554,0.0733005668613285,0.0196923786252618,0.0189602895203368,0.0187658557101453,0.0314292938474908,0.0159224815821201,0.0204565125942898,0.0381888888470109,0.0234811711368329,0.0253183654213886,0.0766026065422282,0.0360936260355977
"SPEECH_1222",NA,NA,NA,NA,NA,NA,NA,NA,NA,NA,NA,NA,NA,NA,NA,NA,NA,NA,NA,NA,NA,NA,NA,NA,NA,NA,NA,NA,NA,NA,NA,NA,NA,NA,NA,NA,NA,NA,NA,NA,NA,NA,NA,NA,NA,NA,NA,NA,NA,NA,NA,NA,NA,NA,NA,NA,NA,NA,NA,NA,0.0677545904111456,0.0698629307532423,0.0116734835402754,0.0630365107281108,0.0247688675292623,0.0397308077734227,0.0683825280092829,0.01605876199205,0.0381985081623572,0.0221863791246365,0.0255012260828517,0.0372457745153797,0.018159539872879,0.0548624372048029,0.017408175306807,0.0494959020052365,0.0348115552693504,0.01874914707552,0.0467811502610568,0.0279227849862488,0.0350648954324481,0.0150232870228122,0.0343191821821215,0.0186968949115128,0.0269141385564978,0.0312884909862259,0.0137386592947095,0.0307878951441654,0.0248018078276692,0.0167736880379191,0.0356244817695552,0.0809361119813168,0.0209530452916278,0.0297428957026435,0.047822274695038,0.030066504140083,0.0412145828626685,0.016077332881717,0.054950444099823,0.017249553337007,0.0308268249696007,0.0733522636871346,0.0140066707042821,0.0323785842366012,0.0396719775255151,0.0346441608647677,0.0205133804650735,0.0181909658075362,0.0276036089419023,0.0304935902068838,0.0201342674517077,0.0189392987425458,0.0267217189522537,0.0097505076011536,0.0504922993572818,0.0477926950635265,0.0510135994217204,0.0203904544151011,0.0303667573271467,0.0280791474967859
"SPEECH_46",NA,NA,NA,NA,NA,NA,NA,NA,NA,NA,NA,NA,NA,NA,NA,NA,NA,NA,NA,NA,NA,NA,NA,NA,NA,NA,NA,NA,NA,NA,NA,NA,NA,NA,NA,NA,NA,NA,NA,NA,NA,NA,NA,NA,NA,NA,NA,NA,NA,NA,NA,NA,NA,NA,NA,NA,NA,NA,NA,NA,0.0565023453912343,0.0585061895003415,0.0139990397300339,0.0274643268795316,0.0687934980332641,0.027729688548402,0.0214146260929887,0.0194053293468498,0.0566641069565046,0.0268100104357414,0.0270317510083592,0.0155839395605477,0.0205058532543913,0.0122060309194812,0.0458733382709991,0.0241245866976861,0.0142235066211674,0.0171388498873879,0.0108565032541641,0.0449918286175596,0.0203004705928683,0.026133883443825,0.0744269808597294,0.0333168239600988,0.0362676093670246,0.0968245962398009,0.0270181194157802,0.0142207803026516,0.0357696018514732,0.0258957849601124,0.046372919236169,0.0484855599897999,0.0128920964346833,0.0260522290923335,0.0757589380093707,0.0380040319025083,0.0369098424411208,0.0146790671463379,0.0480236825629271,0.0193532892645393,0.0333195950269767,0.0323113611077828,0.0146471560817347,0.0418967536083322,0.0206308403427847,0.0363936625876713,0.0546477194357393,0.0162995349101239,0.0264888506818515,0.0304436208201748,0.0248920707993521,0.0505465378005796,0.0360304250862117,0.0275036424336264,0.0148603827117224,0.0563018572938073,0.0242901755279287,0.019387835713591,0.0235417144517545,0.0490346074984647
"SPEECH_869",NA,NA,NA,NA,NA,NA,NA,NA,NA,NA,NA,NA,NA,NA,NA,NA,NA,NA,NA,NA,NA,NA,NA,NA,NA,NA,NA,NA,NA,NA,NA,NA,NA,NA,NA,NA,NA,NA,NA,NA,NA,NA,NA,NA,NA,NA,NA,NA,NA,NA,NA,NA,NA,NA,NA,NA,NA,NA,NA,NA,0.0636753772334096,0.0698684508089003,0.01226130477046,0.018984860346318,0.0224580782407944,0.0597871069260899,0.045818956938498,0.0145561438901321,0.0157196057943565,0.0135235435645771,0.0684579407632361,0.0165569999490388,0.0151628560522431,0.0422615603353714,0.014667969330117,0.0870865989682461,0.0195069787078112,0.0201970200359458,0.0454161796988873,0.0136146456450006,0.0234715194485666,0.0384585263787873,0.0556388687930182,0.0112107969817073,0.0479357050159919,0.0135710844308282,0.0159782588682724,0.0363769596065708,0.0442350468987484,0.0335410555780756,0.0449096695155738,0.0856374537149071,0.0149064939323002,0.0390426140457201,0.0211617395491354,0.0636456348817701,0.0327671143034938,0.025706099261541,0.0164237218812863,0.00802245381614855,0.102382287658866,0.0384167882392223,0.00952202951757573,0.0381578318120276,0.0046056517176141,0.0753556633512761,0.0267381723273322,0.016068788264863,0.0136169477584032,0.0162023878613798,0.00902173420762063,0.0201137765204851,0.0343669647891854,0.0241661510099733,0.0761430610481752,0.00512986027331986,0.0173316411306506,0.024990643159116,0.0266911781463943,0.0687554463046429
"SPEECH_29",NA,NA,NA,NA,NA,NA,NA,NA,NA,NA,NA,NA,NA,NA,NA,NA,NA,NA,NA,NA,NA,NA,NA,NA,NA,NA,NA,NA,NA,NA,NA,NA,NA,NA,NA,NA,NA,NA,NA,NA,NA,NA,NA,NA,NA,NA,NA,NA,NA,NA,NA,NA,NA,NA,NA,NA,NA,NA,NA,NA,0.0571233819197546,0.0333195708905708,0.0282466709446819,0.014653141386349,0.0341210257039257,0.0250698519550416,0.0664218949499371,0.0595786410131862,0.068447403079921,0.0556651473544486,0.0303776928633294,0.0262547725747852,0.0119293159621236,0.0176624965340896,0.028910605561572,0.039030746178051,0.0195355307089389,0.0179823748357972,0.0260617927232025,0.0207985941449095,0.00996281249919395,0.0272997308337049,0.0486954788322381,0.0111401484767213,0.0178391696778233,0.0436636722124753,0.061756236552999,0.0303706828028956,0.0505507672846811,0.0175306495426521,0.0318371985243927,0.0530726621881355,0.0127710656418848,0.0456842728186051,0.0414614084389649,0.0563219746331295,0.0427423712396349,0.021041726348165,0.0309090614897196,0.0197251546873097,0.041927592386246,0.016427207049468,0.0379202437425036,0.0380757524843349,0.0142233458242871,0.0455387668402951,0.055164759211819,0.0203738854365495,0.0333327516103106,0.0234157535189451,0.0447396442368757,0.0164112542012047,0.0456192677760594,0.0165470021778035,0.044446756863881,0.0390493271896636,0.0214752402781345,0.0447881622232765,0.0244560962789484,0.0205002946594523
"SPEECH_803",NA,NA,NA,NA,NA,NA,NA,NA,NA,NA,NA,NA,NA,NA,NA,NA,NA,NA,NA,NA,NA,NA,NA,NA,NA,NA,NA,NA,NA,NA,NA,NA,NA,NA,NA,NA,NA,NA,NA,NA,NA,NA,NA,NA,NA,NA,NA,NA,NA,NA,NA,NA,NA,NA,NA,NA,NA,NA,NA,NA,0.0571233819197546,0.0333195708905708,0.0282466709446819,0.014653141386349,0.0341210257039257,0.0250698519550416,0.0664218949499371,0.0595786410131862,0.068447403079921,0.0556651473544486,0.0303776928633294,0.0262547725747852,0.0119293159621236,0.0176624965340896,0.028910605561572,0.039030746178051,0.0195355307089389,0.0179823748357972,0.0260617927232025,0.0207985941449095,0.00996281249919395,0.0272997308337049,0.0486954788322381,0.0111401484767213,0.0178391696778233,0.0436636722124753,0.061756236552999,0.0303706828028956,0.0505507672846811,0.0175306495426521,0.0318371985243927,0.0530726621881355,0.0127710656418848,0.0456842728186051,0.0414614084389649,0.0563219746331295,0.0427423712396349,0.021041726348165,0.0309090614897196,0.0197251546873097,0.041927592386246,0.016427207049468,0.0379202437425036,0.0380757524843349,0.0142233458242871,0.0455387668402951,0.055164759211819,0.0203738854365495,0.0333327516103106,0.0234157535189451,0.0447396442368757,0.0164112542012047,0.0456192677760594,0.0165470021778035,0.044446756863881,0.0390493271896636,0.0214752402781345,0.0447881622232765,0.0244560962789484,0.0205002946594523
"SPEECH_34",NA,NA,NA,NA,NA,NA,NA,NA,NA,NA,NA,NA,NA,NA,NA,NA,NA,NA,NA,NA,NA,NA,NA,NA,NA,NA,NA,NA,NA,NA,NA,NA,NA,NA,NA,NA,NA,NA,NA,NA,NA,NA,NA,NA,NA,NA,NA,NA,NA,NA,NA,NA,NA,NA,NA,NA,NA,NA,NA,NA,0.0397556717254452,0.0631750581298002,0.00862035290833763,0.0471433281231713,0.0427475644096093,0.0172533863243951,0.0468752143747152,0.011827694842957,0.0211463595019678,0.0139308281249548,0.0798084963549413,0.0398235555985405,0.0218598534165296,0.0342584501138787,0.0162709621977679,0.0567978187428922,0.0260237150109259,0.0149333641270771,0.015740682592744,0.0196095870999577,0.0396840365571233,0.0376699881998955,0.0329431618434247,0.03856149911496,0.0294123124293855,0.0644955607948687,0.0191942601867439,0.0374978695227094,0.0451178953618518,0.0178214722684287,0.0422315507804763,0.0505052944414535,0.0159827329596457,0.0169695645014928,0.0615201393862505,0.0294441857016392,0.067419510558995,0.0140228886878918,0.0439046393178437,0.0194841612637458,0.0580472610104509,0.07918910217604,0.0350816756531257,0.0332309136334468,0.0174108794399008,0.0375929827641295,0.0432336416745623,0.0164336608456452,0.0164886652503099,0.0416869721657186,0.0103805663320485,0.017955987060663,0.0309700403446845,0.012923237536763,0.0342071474556871,0.0305660446440403,0.0204575760075446,0.0339963864803678,0.039283251247623,0.0293793406778139
"SPEECH_777",NA,NA,NA,NA,NA,NA,NA,NA,NA,NA,NA,NA,NA,NA,NA,NA,NA,NA,NA,NA,NA,NA,NA,NA,NA,NA,NA,NA,NA,NA,NA,NA,NA,NA,NA,NA,NA,NA,NA,NA,NA,NA,NA,NA,NA,NA,NA,NA,NA,NA,NA,NA,NA,NA,NA,NA,NA,NA,NA,NA,0.0370261892354378,0.0545783668891935,0.0150843990807761,0.0512926276651741,0.0313232529863139,0.035852776269725,0.0400443352309532,0.0155741005753489,0.0253577594638793,0.012649765054053,0.0357593483120838,0.0733762594459691,0.0133655323647489,0.0352112151819894,0.0246374576734037,0.0753631516217438,0.0613599177590395,0.0133014447045237,0.024806482974057,0.0255696357092031,0.0160460172011933,0.0221365322823678,0.0179113282204911,0.0227135012819858,0.0245558379095041,0.0227124546485007,0.0298924170113692,0.0490055713653323,0.0467715744794405,0.0467207474021983,0.039055893664253,0.0493818389163227,0.0140332367929175,0.0183093842054518,0.0696399044891897,0.0403734533451103,0.0340346815568351,0.0251665551669007,0.0647564515311397,0.0183808938965726,0.0253615375089423,0.0236587815543809,0.0238075375232495,0.0316823448103201,0.015870002129058,0.0301025262347248,0.016819318130998,0.0150416726840862,0.0270653332453439,0.0298793787287684,0.0293680118189621,0.0287912735323283,0.0822222448543497,0.0168584866684469,0.0405995864125276,0.0283347366243139,0.0444717897018137,0.0446150802910837,0.0477981851613049,0.024519878820304
"SPEECH_1245",NA,NA,NA,NA,NA,NA,NA,NA,NA,NA,NA,NA,NA,NA,NA,NA,NA,NA,NA,NA,NA,NA,NA,NA,NA,NA,NA,NA,NA,NA,NA,NA,NA,NA,NA,NA,NA,NA,NA,NA,NA,NA,NA,NA,NA,NA,NA,NA,NA,NA,NA,NA,NA,NA,NA,NA,NA,NA,NA,NA,0.0370261892354378,0.0545783668891935,0.0150843990807761,0.0512926276651741,0.0313232529863139,0.035852776269725,0.0400443352309532,0.0155741005753489,0.0253577594638793,0.012649765054053,0.0357593483120838,0.0733762594459691,0.0133655323647489,0.0352112151819894,0.0246374576734037,0.0753631516217438,0.0613599177590395,0.0133014447045237,0.024806482974057,0.0255696357092031,0.0160460172011933,0.0221365322823678,0.0179113282204911,0.0227135012819858,0.0245558379095041,0.0227124546485007,0.0298924170113692,0.0490055713653323,0.0467715744794405,0.0467207474021983,0.039055893664253,0.0493818389163227,0.0140332367929175,0.0183093842054518,0.0696399044891897,0.0403734533451103,0.0340346815568351,0.0251665551669007,0.0647564515311397,0.0183808938965726,0.0253615375089423,0.0236587815543809,0.0238075375232495,0.0316823448103201,0.015870002129058,0.0301025262347248,0.016819318130998,0.0150416726840862,0.0270653332453439,0.0298793787287684,0.0293680118189621,0.0287912735323283,0.0822222448543497,0.0168584866684469,0.0405995864125276,0.0283347366243139,0.0444717897018137,0.0446150802910837,0.0477981851613049,0.024519878820304
"SPEECH_820",NA,NA,NA,NA,NA,NA,NA,NA,NA,NA,NA,NA,NA,NA,NA,NA,NA,NA,NA,NA,NA,NA,NA,NA,NA,NA,NA,NA,NA,NA,NA,NA,NA,NA,NA,NA,NA,NA,NA,NA,NA,NA,NA,NA,NA,NA,NA,NA,NA,NA,NA,NA,NA,NA,NA,NA,NA,NA,NA,NA,0.0267071753675044,0.0722247945636291,0.0123034810948362,0.0316683510548283,0.0317147609897154,0.0168600982511298,0.0393401709050027,0.0104367337519789,0.0613312093541216,0.0195438807105657,0.0240397070067239,0.042065706659183,0.0110204082690917,0.0294548979417519,0.0184473503249208,0.134409851088732,0.0258789152448718,0.0224297482969256,0.0209249178238535,0.0193051871689486,0.0423876648526169,0.0217296612985308,0.0237654311321458,0.0308758280406651,0.0516776722973953,0.0494919027937766,0.0177757432910343,0.0305667264883416,0.0393441552163085,0.0222778687208708,0.0622656547435595,0.0459850506612443,0.00989894643229029,0.0390653516290155,0.0295137402101083,0.0498877007888766,0.0524313892157708,0.0141121264587823,0.0189524170604088,0.0158537872991785,0.0299235880700354,0.0397228244329028,0.00973962232555679,0.035398747190893,0.0167915211271472,0.0861843019499791,0.0264663301696718,0.0141769015213957,0.0224922782292839,0.0232527114559899,0.0247280625090762,0.0238415418797365,0.0321047643307017,0.0602891238324278,0.0303434187448687,0.0458073728609021,0.0196652221262563,0.0544558218112392,0.021314610048424,0.0453350708842769
"SPEECH_1232",NA,NA,NA,NA,NA,NA,NA,NA,NA,NA,NA,NA,NA,NA,NA,NA,NA,NA,NA,NA,NA,NA,NA,NA,NA,NA,NA,NA,NA,NA,NA,NA,NA,NA,NA,NA,NA,NA,NA,NA,NA,NA,NA,NA,NA,NA,NA,NA,NA,NA,NA,NA,NA,NA,NA,NA,NA,NA,NA,NA,0.0435826142346031,0.0460515668182838,0.00966315523154997,0.0153170488105582,0.0299451419844186,0.0461953394781339,0.0626448003670853,0.0190811666933792,0.015015741588865,0.0929413782519001,0.0314966013257,0.0291779993262001,0.0150869529792676,0.0255254981965357,0.0162765559690209,0.126636597123839,0.0388762573947675,0.0109651965686406,0.0171125364964995,0.014377862743572,0.0171811956540401,0.0218225876953244,0.0149254401528319,0.0202652007221607,0.0251851338182584,0.0213180338398354,0.035946289469191,0.0420482952984882,0.0479177820466762,0.0474200297203737,0.0387038670346275,0.0447660530379517,0.0147602785471969,0.09717562721739,0.0207452826127959,0.056959971986125,0.0245226381037952,0.0103196125449734,0.0335471469880545,0.0147333063501603,0.0304005113108419,0.00898499285412858,0.0123311604674086,0.0374148364204024,0.0354948540987218,0.0426928309912245,0.0714948676910187,0.0146125684973565,0.0230413474388551,0.0189459340445016,0.0234592342968453,0.0269340851951835,0.0199458060214796,0.0523054044071914,0.0585159843724754,0.0492529997931673,0.0191638926676432,0.0299567233638931,0.0275097913267088,0.0413083903178822
"SPEECH_17",NA,NA,NA,NA,NA,NA,NA,NA,NA,NA,NA,NA,NA,NA,NA,NA,NA,NA,NA,NA,NA,NA,NA,NA,NA,NA,NA,NA,NA,NA,NA,NA,NA,NA,NA,NA,NA,NA,NA,NA,NA,NA,NA,NA,NA,NA,NA,NA,NA,NA,NA,NA,NA,NA,NA,NA,NA,NA,NA,NA,0.0494672511162689,0.0511039826276349,0.0112840366812628,0.0432663731656769,0.0258194381205276,0.0310693386798694,0.042240511351601,0.0134977861566943,0.0355316697247598,0.017128570563881,0.0370367231998347,0.042130867110966,0.0128592060738653,0.0510907296384447,0.0130526669074079,0.0692424277531769,0.0566100706697281,0.0204410358075808,0.0245949575219951,0.017532595391586,0.0121844017440211,0.018449644267023,0.0235404371764285,0.028120248808851,0.0766773887193685,0.0157412669513233,0.0206141085057653,0.0495727929609417,0.0493284961085079,0.0407709764950078,0.0426947147296117,0.0545871257060645,0.0180056069330226,0.050574789165443,0.0253522181352088,0.0482680913718798,0.0403466383714943,0.0174047281307802,0.0861872721020944,0.0217007234231881,0.0260364737730349,0.051132602499284,0.0171669628175557,0.0369691301896139,0.015274105372698,0.0346391385057877,0.0342300954328813,0.0192432275310531,0.0241468615734437,0.0232358018210631,0.024317038767083,0.0217093274996966,0.0426919799669273,0.0256091019249556,0.0202429688955522,0.0217935029252459,0.0381961991526423,0.0576851193622642,0.0400266775584672,0.0205317763619626
"SPEECH_58",NA,NA,NA,NA,NA,NA,NA,NA,NA,NA,NA,NA,NA,NA,NA,NA,NA,NA,NA,NA,NA,NA,NA,NA,NA,NA,NA,NA,NA,NA,NA,NA,NA,NA,NA,NA,NA,NA,NA,NA,NA,NA,NA,NA,NA,NA,NA,NA,NA,NA,NA,NA,NA,NA,NA,NA,NA,NA,NA,NA,0.0426947147296117,0.0545871257060645,0.0180056069330226,0.050574789165443,0.0253522181352088,0.0482680913718798,0.0403466383714943,0.0174047281307802,0.0861872721020944,0.0217007234231881,0.0260364737730349,0.051132602499284,0.0171669628175557,0.0369691301896139,0.015274105372698,0.0346391385057877,0.0342300954328813,0.0192432275310531,0.0241468615734437,0.0232358018210631,0.024317038767083,0.0217093274996966,0.0426919799669273,0.0256091019249556,0.0202429688955522,0.0217935029252459,0.0381961991526423,0.0576851193622642,0.0400266775584672,0.0205317763619626,0.054320797019573,0.0349592391771031,0.0135705125294471,0.0294570380919823,0.0306531981593211,0.0457537146294508,0.0381257733464599,0.0143690054241496,0.0526000127719844,0.0179014440404017,0.040708721670364,0.0543839498060056,0.0236159941613767,0.0431804018340604,0.0361680180752193,0.0426141129292206,0.0341321759214567,0.0202631906114183,0.0330725811029701,0.0179825909235112,0.0180924321264407,0.0234865970721551,0.0411028155035125,0.0242437503819796,0.0281817155039529,0.0270506233911226,0.0275674599853737,0.0632198030368602,0.0510611404354532,0.0181611903376739
"SPEECH_108",NA,NA,NA,NA,NA,NA,NA,NA,NA,NA,NA,NA,NA,NA,NA,NA,NA,NA,NA,NA,NA,NA,NA,NA,NA,NA,NA,NA,NA,NA,NA,NA,NA,NA,NA,NA,NA,NA,NA,NA,NA,NA,NA,NA,NA,NA,NA,NA,NA,NA,NA,NA,NA,NA,NA,NA,NA,NA,NA,NA,0.054320797019573,0.0349592391771031,0.0135705125294471,0.0294570380919823,0.0306531981593211,0.0457537146294508,0.0381257733464599,0.0143690054241496,0.0526000127719844,0.0179014440404017,0.040708721670364,0.0543839498060056,0.0236159941613767,0.0431804018340604,0.0361680180752193,0.0426141129292206,0.0341321759214567,0.0202631906114183,0.0330725811029701,0.0179825909235112,0.0180924321264407,0.0234865970721551,0.0411028155035125,0.0242437503819796,0.0281817155039529,0.0270506233911226,0.0275674599853737,0.0632198030368602,0.0510611404354532,0.0181611903376739,0.0464332168624913,0.0319190808774176,0.0166740546212996,0.0127533465039092,0.0837961864668984,0.0342588210219472,0.0618302434807241,0.0115161182686485,0.0279048382314743,0.0171546838389341,0.0657253764090692,0.0296744290809724,0.029095091506272,0.0143795702210531,0.016832670723,0.0315949884858373,0.0525616385064187,0.0205204653459169,0.0821459004091688,0.0329800997881965,0.0353438486742896,0.0152590643020808,0.0283211195340287,0.0137388397617251,0.0118738009178396,0.0593038632024425,0.0153604234414925,0.0302238508059358,0.018574738357012,0.0522496303535043
"SPEECH_786",NA,NA,NA,NA,NA,NA,NA,NA,NA,NA,NA,NA,NA,NA,NA,NA,NA,NA,NA,NA,NA,NA,NA,NA,NA,NA,NA,NA,NA,NA,NA,NA,NA,NA,NA,NA,NA,NA,NA,NA,NA,NA,NA,NA,NA,NA,NA,NA,NA,NA,NA,NA,NA,NA,NA,NA,NA,NA,NA,NA,0.054320797019573,0.0349592391771031,0.0135705125294471,0.0294570380919823,0.0306531981593211,0.0457537146294508,0.0381257733464599,0.0143690054241496,0.0526000127719844,0.0179014440404017,0.040708721670364,0.0543839498060056,0.0236159941613767,0.0431804018340604,0.0361680180752193,0.0426141129292206,0.0341321759214567,0.0202631906114183,0.0330725811029701,0.0179825909235112,0.0180924321264407,0.0234865970721551,0.0411028155035125,0.0242437503819796,0.0281817155039529,0.0270506233911226,0.0275674599853737,0.0632198030368602,0.0510611404354532,0.0181611903376739,0.0464332168624913,0.0319190808774176,0.0166740546212996,0.0127533465039092,0.0837961864668984,0.0342588210219472,0.0618302434807241,0.0115161182686485,0.0279048382314743,0.0171546838389341,0.0657253764090692,0.0296744290809724,0.029095091506272,0.0143795702210531,0.016832670723,0.0315949884858373,0.0525616385064187,0.0205204653459169,0.0821459004091688,0.0329800997881965,0.0353438486742896,0.0152590643020808,0.0283211195340287,0.0137388397617251,0.0118738009178396,0.0593038632024425,0.0153604234414925,0.0302238508059358,0.018574738357012,0.0522496303535043
"SPEECH_778",NA,NA,NA,NA,NA,NA,NA,NA,NA,NA,NA,NA,NA,NA,NA,NA,NA,NA,NA,NA,NA,NA,NA,NA,NA,NA,NA,NA,NA,NA,NA,NA,NA,NA,NA,NA,NA,NA,NA,NA,NA,NA,NA,NA,NA,NA,NA,NA,NA,NA,NA,NA,NA,NA,NA,NA,NA,NA,NA,NA,0.0403547534939905,0.0752221188438508,0.0139853383107873,0.0208382062350372,0.0329058118347967,0.0314861963596341,0.0453678962633529,0.0151888600605774,0.0245901228700126,0.0137766556292072,0.0736216771478941,0.0689807559758421,0.010625767003894,0.0496189803898602,0.0173199039769564,0.12471521355497,0.046331007972611,0.014470083689678,0.0429638443680227,0.0169844164765992,0.0111565665382269,0.0303356089409297,0.0309726333270758,0.0109871931316647,0.025764403835384,0.0145451372974859,0.0150398790744669,0.0345890092402535,0.0278941239277433,0.0193678342291942,0.0267949152041692,0.044446005284693,0.0176193060873745,0.0414883271331981,0.0303045863422799,0.0495116572217787,0.0529141540758708,0.0265577147266498,0.0190536147505988,0.0189505695964736,0.0177410016411828,0.0322052422200664,0.030293656888928,0.0891244002243126,0.0167361576244386,0.0685161477704049,0.0565676536587474,0.0286124744216287,0.0352764887036084,0.0341218007129236,0.0155025659051181,0.0204920406843736,0.0312848908835237,0.0170522410290037,0.0418695130953895,0.0219802469228009,0.0227159310706685,0.0273928694943048,0.0333211297631334,0.031552696862356
"SPEECH_111",NA,NA,NA,NA,NA,NA,NA,NA,NA,NA,NA,NA,NA,NA,NA,NA,NA,NA,NA,NA,NA,NA,NA,NA,NA,NA,NA,NA,NA,NA,NA,NA,NA,NA,NA,NA,NA,NA,NA,NA,NA,NA,NA,NA,NA,NA,NA,NA,NA,NA,NA,NA,NA,NA,NA,NA,NA,NA,NA,NA,0.0529062438301842,0.0622083725949289,0.0142588998218106,0.0277183043308661,0.0396061817117024,0.0350189973632211,0.0240420542913084,0.0167475295777907,0.0206184284370143,0.0382066174434226,0.0417456010740358,0.0233001261374364,0.0160367218645487,0.0252307545064053,0.0174373634903933,0.09715218012282,0.0498395991430704,0.0156520793216296,0.037231975529248,0.0199721840586394,0.0179402172985272,0.0555211554026138,0.0339566049021187,0.0150250927729715,0.0202621561273104,0.0180410940305543,0.0258393934700312,0.0418351141652081,0.0397780911622968,0.0568708660178916,0.0490151265129051,0.0531091668656507,0.0133420952031945,0.0134527485846867,0.0299992721334764,0.0309366314540719,0.0901225365139725,0.0110233946059479,0.0181050441051311,0.0185537019246921,0.0701905706778859,0.0735077292180311,0.00968402308951508,0.038806009016488,0.0150888334774213,0.0274859562526988,0.0360591160532346,0.0154781690173511,0.0140474291798772,0.019099906333267,0.0176372175464049,0.0289613105046671,0.0738133980724105,0.0520344100400588,0.0121603317787547,0.0598621699584527,0.024267086677254,0.0196592462205993,0.0553771991401786,0.00912016984172037
"SPEECH_1212",NA,NA,NA,NA,NA,NA,NA,NA,NA,NA,NA,NA,NA,NA,NA,NA,NA,NA,NA,NA,NA,NA,NA,NA,NA,NA,NA,NA,NA,NA,NA,NA,NA,NA,NA,NA,NA,NA,NA,NA,NA,NA,NA,NA,NA,NA,NA,NA,NA,NA,NA,NA,NA,NA,NA,NA,NA,NA,NA,NA,0.0327610665747913,0.0333468368564578,0.0152251876480765,0.0742092076025616,0.0274331431201117,0.0390464039690763,0.0391263355919186,0.0160491673842332,0.0159489227961251,0.0196431937742008,0.0527967406137847,0.0247808457552405,0.0148356547152437,0.0234870168893466,0.027126597664155,0.0853311342738841,0.0434706152093063,0.0141429365658254,0.0355259420513193,0.0207549781977716,0.0197497487172026,0.0119821792147566,0.0437185520537995,0.027315000906422,0.0620075624854202,0.0277868808017812,0.0210338668944693,0.0291214373549328,0.0382964300749303,0.0639464142428556,0.0480346052350158,0.0285756125336512,0.0145641565709901,0.0606465345544644,0.0526024765682778,0.0239042049450446,0.0261851071843072,0.0126062536334742,0.0326759094270914,0.0125418462943669,0.0475878662058122,0.0472047810088194,0.0153380779176519,0.0184219631401253,0.0271210422477098,0.0430690502057344,0.0999585570956838,0.0172500437676618,0.037031804851036,0.0206260217072172,0.0466508137967859,0.0276752391261794,0.0304748219207226,0.0235432279812295,0.0211198239173318,0.0285010993275179,0.0214199436595067,0.0378967574768697,0.0310814475037094,0.0456909101960117
"SPEECH_828",NA,NA,NA,NA,NA,NA,NA,NA,NA,NA,NA,NA,NA,NA,NA,NA,NA,NA,NA,NA,NA,NA,NA,NA,NA,NA,NA,NA,NA,NA,NA,NA,NA,NA,NA,NA,NA,NA,NA,NA,NA,NA,NA,NA,NA,NA,NA,NA,NA,NA,NA,NA,NA,NA,NA,NA,NA,NA,NA,NA,0.0517206084456321,0.0260052237577196,0.0111884211120878,0.0786822648193594,0.0353112496604476,0.0357327156797227,0.0402468228864039,0.0165299231064992,0.0154797481487888,0.0200026355776897,0.0443994535014296,0.0182541216407786,0.0159128081500503,0.0483450885911542,0.0183480180633963,0.0839979645291797,0.0418858657732794,0.0203114603141832,0.0516059743752129,0.0173299309058629,0.0180440804090873,0.0158748325823943,0.0513501083322172,0.023937901116047,0.0371894577792858,0.0196274636052199,0.0200128850245192,0.0296073186077231,0.0444644083747523,0.0486012451298757,0.0268669497244511,0.0450867776292278,0.0141233732384921,0.013303596233769,0.0788073910824452,0.0437989087099817,0.0312920614683564,0.0205681130351021,0.0262759110378841,0.012227287918312,0.092877856994978,0.0203535495511497,0.0174955753719677,0.0432550422464377,0.0236181506716189,0.056790392066703,0.0446655380318749,0.0234602365058938,0.037081316839233,0.029955725579153,0.00840076946341382,0.0166004737845894,0.0139865298749734,0.0211207230634954,0.0216266513589049,0.0510161703161759,0.0397227669186017,0.0120555231677476,0.0541392345297879,0.0594274035852786
"SPEECH_846",NA,NA,NA,NA,NA,NA,NA,NA,NA,NA,NA,NA,NA,NA,NA,NA,NA,NA,NA,NA,NA,NA,NA,NA,NA,NA,NA,NA,NA,NA,NA,NA,NA,NA,NA,NA,NA,NA,NA,NA,NA,NA,NA,NA,NA,NA,NA,NA,NA,NA,NA,NA,NA,NA,NA,NA,NA,NA,NA,NA,0.0517206084456321,0.0260052237577196,0.0111884211120878,0.0786822648193594,0.0353112496604476,0.0357327156797227,0.0402468228864039,0.0165299231064992,0.0154797481487888,0.0200026355776897,0.0443994535014296,0.0182541216407786,0.0159128081500503,0.0483450885911542,0.0183480180633963,0.0839979645291797,0.0418858657732794,0.0203114603141832,0.0516059743752129,0.0173299309058629,0.0180440804090873,0.0158748325823943,0.0513501083322172,0.023937901116047,0.0371894577792858,0.0196274636052199,0.0200128850245192,0.0296073186077231,0.0444644083747523,0.0486012451298757,0.0268669497244511,0.0450867776292278,0.0141233732384921,0.013303596233769,0.0788073910824452,0.0437989087099817,0.0312920614683564,0.0205681130351021,0.0262759110378841,0.012227287918312,0.092877856994978,0.0203535495511497,0.0174955753719677,0.0432550422464377,0.0236181506716189,0.056790392066703,0.0446655380318749,0.0234602365058938,0.037081316839233,0.029955725579153,0.00840076946341382,0.0166004737845894,0.0139865298749734,0.0211207230634954,0.0216266513589049,0.0510161703161759,0.0397227669186017,0.0120555231677476,0.0541392345297879,0.0594274035852786
"SPEECH_750",NA,NA,NA,NA,NA,NA,NA,NA,NA,NA,NA,NA,NA,NA,NA,NA,NA,NA,NA,NA,NA,NA,NA,NA,NA,NA,NA,NA,NA,NA,NA,NA,NA,NA,NA,NA,NA,NA,NA,NA,NA,NA,NA,NA,NA,NA,NA,NA,NA,NA,NA,NA,NA,NA,NA,NA,NA,NA,NA,NA,0.0495705696821477,0.0486081675348024,0.00904826123635904,0.0188177768136215,0.024534290935801,0.0535803667044262,0.0443093724150982,0.0178412823211359,0.0153852784520944,0.0135841729997426,0.0434949510355503,0.013411839554661,0.0121275760083547,0.0750277973108706,0.020119651840559,0.107580297301668,0.0327473059621873,0.0193334653922395,0.0327389577498046,0.0216210000707841,0.00939612052800417,0.0249504147322019,0.0544173153634864,0.0422371335494945,0.0534643747170877,0.0153477013957809,0.0197090158677142,0.0429829331782295,0.0337523224255953,0.0302602869204976,0.0505124331758634,0.0523544542942789,0.0188709422226381,0.0546716710697674,0.0376411281823399,0.0579986711500118,0.012978914386671,0.0223563219822208,0.0235515218388274,0.0124541404996836,0.0299480751743053,0.0693719129234145,0.0144232438731545,0.0355925780145947,0.0139502429274566,0.0323282199826513,0.0125747089662373,0.017863824444616,0.0137027481436895,0.0469634954416259,0.0405182338439854,0.0325754861598324,0.0528983682742357,0.0224350280534764,0.057449203945858,0.0425375625992805,0.0492879631734228,0.0232214534127792,0.0235797531521897,0.0253876986908925
"SPEECH_794",NA,NA,NA,NA,NA,NA,NA,NA,NA,NA,NA,NA,NA,NA,NA,NA,NA,NA,NA,NA,NA,NA,NA,NA,NA,NA,NA,NA,NA,NA,NA,NA,NA,NA,NA,NA,NA,NA,NA,NA,NA,NA,NA,NA,NA,NA,NA,NA,NA,NA,NA,NA,NA,NA,NA,NA,NA,NA,NA,NA,0.0505124331758634,0.0523544542942789,0.0188709422226381,0.0546716710697674,0.0376411281823399,0.0579986711500118,0.012978914386671,0.0223563219822208,0.0235515218388274,0.0124541404996836,0.0299480751743053,0.0693719129234145,0.0144232438731545,0.0355925780145947,0.0139502429274566,0.0323282199826513,0.0125747089662373,0.017863824444616,0.0137027481436895,0.0469634954416259,0.0405182338439854,0.0325754861598324,0.0528983682742357,0.0224350280534764,0.057449203945858,0.0425375625992805,0.0492879631734228,0.0232214534127792,0.0235797531521897,0.0253876986908925,0.0278033904652454,0.046173697158766,0.0109457972922428,0.0811819080105653,0.0259820859968268,0.0501581847390665,0.0451611983291471,0.0150236572699291,0.0208010633422891,0.0146769294974814,0.0367548355999245,0.0667971066680725,0.0176976458491745,0.044264682687826,0.0163073034335312,0.0722704292931959,0.0320467544143673,0.0142408621767638,0.0283498945699447,0.0174573082491676,0.0345722130094826,0.0172002756486545,0.031246645387451,0.0330855846292782,0.0196648126116643,0.0303850576090485,0.0177311688618742,0.0565882283509808,0.0519625639910856,0.0234687148569527
"SPEECH_84",NA,NA,NA,NA,NA,NA,NA,NA,NA,NA,NA,NA,NA,NA,NA,NA,NA,NA,NA,NA,NA,NA,NA,NA,NA,NA,NA,NA,NA,NA,NA,NA,NA,NA,NA,NA,NA,NA,NA,NA,NA,NA,NA,NA,NA,NA,NA,NA,NA,NA,NA,NA,NA,NA,NA,NA,NA,NA,NA,NA,0.0297072259293676,0.0432672617198606,0.015032870423046,0.0437809615332886,0.0467916975181161,0.0466210149421359,0.0320558707829651,0.0141037424403063,0.0544621408515476,0.0245352881455734,0.0362883702461547,0.0397979603663484,0.0186768772121502,0.023955781527173,0.0214795595854889,0.0463575646456558,0.0214325831115171,0.0224731344933059,0.0311394619900774,0.0250222438307112,0.0462103376261639,0.0388291637312065,0.0460924012830981,0.0279750766203561,0.0266786043190294,0.0330653302164642,0.0137505669840336,0.070140658246518,0.0395483118047573,0.0207279378735831,0.0361530230919578,0.0415765149005234,0.0145999207581167,0.0216521985834834,0.0369689603420587,0.0302321788029769,0.020844603333967,0.0161503751685462,0.042791985575572,0.0171492044714744,0.0247601522011633,0.0711400411415007,0.022491333852996,0.0252490300365987,0.0244892814831333,0.0608065495671861,0.0478404759703779,0.0193866814797983,0.0185048460016223,0.026339217788978,0.0327250323890869,0.0272719539365579,0.0203092874876384,0.0543578101910047,0.0309076667140611,0.0466618876878967,0.043149214546264,0.0257716295533799,0.0574486407481218,0.0422703021939575
"SPEECH_814",NA,NA,NA,NA,NA,NA,NA,NA,NA,NA,NA,NA,NA,NA,NA,NA,NA,NA,NA,NA,NA,NA,NA,NA,NA,NA,NA,NA,NA,NA,NA,NA,NA,NA,NA,NA,NA,NA,NA,NA,NA,NA,NA,NA,NA,NA,NA,NA,NA,NA,NA,NA,NA,NA,NA,NA,NA,NA,NA,NA,0.0349198161812101,0.0517743330592447,0.0133240117069507,0.0481545629716529,0.0808490659646667,0.0277984784917332,0.0226828488079467,0.0181226921395934,0.0357342093523041,0.0154655327607839,0.0463257628365855,0.0186033844318072,0.0221510161631831,0.0167786334183436,0.0275388219787875,0.0796665994079435,0.0411309167150699,0.017804132648342,0.039874342542024,0.0404941345459612,0.0196600910305242,0.0260552742273823,0.0193289284688214,0.0499284625189561,0.0362171436643908,0.044222103661264,0.0224189819644094,0.0220312315598889,0.0200525723221012,0.0408919144581279,0.0280547316627782,0.0616214966976433,0.0144905479450764,0.0197859847256025,0.0455776754283734,0.0670575939113738,0.0683635073184124,0.0408863656931488,0.0180131462207401,0.105583726750177,0.0300912126116133,0.0368060202601071,0.0174136321079903,0.0386325150951575,0.0131707977598843,0.0399143026367102,0.0261925632590027,0.0220113613619354,0.0240636928955452,0.0231454112201131,0.0182719265765483,0.0184954398918207,0.0429694887056159,0.0182554300541005,0.018467686309792,0.0157685827721619,0.050872217029083,0.0199001664842523,0.0293132238738202,0.02680955274142
"SPEECH_817",NA,NA,NA,NA,NA,NA,NA,NA,NA,NA,NA,NA,NA,NA,NA,NA,NA,NA,NA,NA,NA,NA,NA,NA,NA,NA,NA,NA,NA,NA,NA,NA,NA,NA,NA,NA,NA,NA,NA,NA,NA,NA,NA,NA,NA,NA,NA,NA,NA,NA,NA,NA,NA,NA,NA,NA,NA,NA,NA,NA,0.0349198161812101,0.0517743330592447,0.0133240117069507,0.0481545629716529,0.0808490659646667,0.0277984784917332,0.0226828488079467,0.0181226921395934,0.0357342093523041,0.0154655327607839,0.0463257628365855,0.0186033844318072,0.0221510161631831,0.0167786334183436,0.0275388219787875,0.0796665994079435,0.0411309167150699,0.017804132648342,0.039874342542024,0.0404941345459612,0.0196600910305242,0.0260552742273823,0.0193289284688214,0.0499284625189561,0.0362171436643908,0.044222103661264,0.0224189819644094,0.0220312315598889,0.0200525723221012,0.0408919144581279,0.0280547316627782,0.0616214966976433,0.0144905479450764,0.0197859847256025,0.0455776754283734,0.0670575939113738,0.0683635073184124,0.0408863656931488,0.0180131462207401,0.105583726750177,0.0300912126116133,0.0368060202601071,0.0174136321079903,0.0386325150951575,0.0131707977598843,0.0399143026367102,0.0261925632590027,0.0220113613619354,0.0240636928955452,0.0231454112201131,0.0182719265765483,0.0184954398918207,0.0429694887056159,0.0182554300541005,0.018467686309792,0.0157685827721619,0.050872217029083,0.0199001664842523,0.0293132238738202,0.02680955274142
"SPEECH_1233",NA,NA,NA,NA,NA,NA,NA,NA,NA,NA,NA,NA,NA,NA,NA,NA,NA,NA,NA,NA,NA,NA,NA,NA,NA,NA,NA,NA,NA,NA,NA,NA,NA,NA,NA,NA,NA,NA,NA,NA,NA,NA,NA,NA,NA,NA,NA,NA,NA,NA,NA,NA,NA,NA,NA,NA,NA,NA,NA,NA,0.0537309140682835,0.0776759524244478,0.00927780851158001,0.0370674190507972,0.0362387600033822,0.024296822603043,0.0375974293207014,0.0136751640848738,0.0148508957736411,0.0180595441995312,0.0351672433922472,0.0337521742815903,0.0176032296420799,0.018038697370157,0.0152601257478132,0.0838290874337445,0.0717654253189324,0.0111258085659935,0.0801024847747236,0.0297579303136968,0.0157818650264242,0.0207867081797038,0.0606439634011673,0.0356926684386191,0.0277983829203744,0.0143278887686282,0.0179208115840276,0.0168817766497539,0.051499703863894,0.019793314286148,0.0276400103793081,0.084417285767063,0.013344157158139,0.0245747956768723,0.0597901200182515,0.0200037489656222,0.0609540240333523,0.0100413792539593,0.019777514198084,0.0148259922857923,0.0334787969027078,0.0339988347441004,0.0312282357365046,0.0397302748332948,0.0395015105127392,0.0460757891370681,0.0695904245685286,0.0147851269796759,0.0440737364287941,0.0416408205117187,0.0118024580522384,0.0171653959361712,0.0318438813163253,0.0143963307951324,0.035526434617451,0.039658666157216,0.0149976332498461,0.0314151876988675,0.0316537714501831,0.0420676626349928
"SPEECH_119",NA,NA,NA,NA,NA,NA,NA,NA,NA,NA,NA,NA,NA,NA,NA,NA,NA,NA,NA,NA,NA,NA,NA,NA,NA,NA,NA,NA,NA,NA,NA,NA,NA,NA,NA,NA,NA,NA,NA,NA,NA,NA,NA,NA,NA,NA,NA,NA,NA,NA,NA,NA,NA,NA,NA,NA,NA,NA,NA,NA,0.0284739042526991,0.0472292337887422,0.0198286183730548,0.0421811150434753,0.0298291165085561,0.0433413212752251,0.0398022680776187,0.0382714841491464,0.0407055187501267,0.0174273794022409,0.0361502666081354,0.0468869305723008,0.0159842913586132,0.081250969993651,0.00991757761789639,0.0749515707324568,0.024873308342408,0.0203450056554772,0.0381919054939752,0.0203977211774768,0.0252713721935776,0.0177766066444993,0.0314904544813101,0.01834793819586,0.0421167443384454,0.0307481550792954,0.0457518646527024,0.0202142015799093,0.0316602373862379,0.0205829182748864,0.0445523718240292,0.0636425686192578,0.0126619059845228,0.04521111908431,0.079328074034278,0.0315189760529988,0.0280815229503448,0.014562966061615,0.0257739226012071,0.0086539502838685,0.0163037466259578,0.0527030170442358,0.0268238344186917,0.0199849618811579,0.058712938238825,0.0423294257473112,0.0129594983203812,0.0111102146940511,0.060451508381829,0.0454762396801502,0.0435070494712963,0.0145277309444766,0.0149459223930147,0.0354214332963435,0.0312135283484334,0.0123323740436041,0.0268885196646377,0.0210678383434626,0.0542274868714888,0.0450253540942194
"SPEECH_868",NA,NA,NA,NA,NA,NA,NA,NA,NA,NA,NA,NA,NA,NA,NA,NA,NA,NA,NA,NA,NA,NA,NA,NA,NA,NA,NA,NA,NA,NA,NA,NA,NA,NA,NA,NA,NA,NA,NA,NA,NA,NA,NA,NA,NA,NA,NA,NA,NA,NA,NA,NA,NA,NA,NA,NA,NA,NA,NA,NA,0.039270189845768,0.0446127150036478,0.0139047264242817,0.0375172678713948,0.0706437456150697,0.034251704913625,0.0382596451854026,0.0170958541686861,0.0617295278888166,0.0113517416292383,0.0345752874701985,0.08196451288507,0.0280336692529879,0.0331829511812318,0.0180148466406397,0.0434256856947814,0.0433476865889162,0.0213371393363772,0.0203891170917256,0.0422691784246156,0.038166077777742,0.0255406234149658,0.0296351427459079,0.0175732730089453,0.0301317192929675,0.0312097492621016,0.0312394543810968,0.0150696975559787,0.0248902046844589,0.021366864763361,0.0355456214684263,0.0303086479960864,0.0146109557372904,0.050322944421132,0.0253874517856709,0.0621205181935344,0.0544899223419948,0.0199568957764754,0.0245061002273646,0.0163766152563924,0.0321111841032366,0.0569137533026425,0.0107933249271879,0.0863103530997103,0.0176336665424498,0.0324745201915092,0.0330244806054203,0.0221920268622222,0.0164764587781201,0.0124401598665524,0.0556246528295799,0.0201268785194285,0.0348186225513009,0.0384820817400451,0.0686836058316931,0.0158176357713252,0.0276063864064483,0.0342137329408434,0.0194423856994591,0.0311884162264575
"SPEECH_1214",NA,NA,NA,NA,NA,NA,NA,NA,NA,NA,NA,NA,NA,NA,NA,NA,NA,NA,NA,NA,NA,NA,NA,NA,NA,NA,NA,NA,NA,NA,NA,NA,NA,NA,NA,NA,NA,NA,NA,NA,NA,NA,NA,NA,NA,NA,NA,NA,NA,NA,NA,NA,NA,NA,NA,NA,NA,NA,NA,NA,0.039270189845768,0.0446127150036478,0.0139047264242817,0.0375172678713948,0.0706437456150697,0.034251704913625,0.0382596451854026,0.0170958541686861,0.0617295278888166,0.0113517416292383,0.0345752874701985,0.08196451288507,0.0280336692529879,0.0331829511812318,0.0180148466406397,0.0434256856947814,0.0433476865889162,0.0213371393363772,0.0203891170917256,0.0422691784246156,0.038166077777742,0.0255406234149658,0.0296351427459079,0.0175732730089453,0.0301317192929675,0.0312097492621016,0.0312394543810968,0.0150696975559787,0.0248902046844589,0.021366864763361,0.0355456214684263,0.0303086479960864,0.0146109557372904,0.050322944421132,0.0253874517856709,0.0621205181935344,0.0544899223419948,0.0199568957764754,0.0245061002273646,0.0163766152563924,0.0321111841032366,0.0569137533026425,0.0107933249271879,0.0863103530997103,0.0176336665424498,0.0324745201915092,0.0330244806054203,0.0221920268622222,0.0164764587781201,0.0124401598665524,0.0556246528295799,0.0201268785194285,0.0348186225513009,0.0384820817400451,0.0686836058316931,0.0158176357713252,0.0276063864064483,0.0342137329408434,0.0194423856994591,0.0311884162264575
"SPEECH_1273",NA,NA,NA,NA,NA,NA,NA,NA,NA,NA,NA,NA,NA,NA,NA,NA,NA,NA,NA,NA,NA,NA,NA,NA,NA,NA,NA,NA,NA,NA,NA,NA,NA,NA,NA,NA,NA,NA,NA,NA,NA,NA,NA,NA,NA,NA,NA,NA,NA,NA,NA,NA,NA,NA,NA,NA,NA,NA,NA,NA,0.0403224831984877,0.0493420284060262,0.0147892562142361,0.0178685904649165,0.029074650042867,0.0289935377150664,0.0267474017713358,0.0165105985195179,0.0434237920662985,0.0230783774431137,0.0261899975893303,0.0646768855169663,0.0126365443327708,0.0595219988063655,0.0130903288622617,0.0496133984636514,0.0689143269661619,0.0161260018303719,0.0412371731438352,0.0143275427796111,0.058347381919585,0.0314195909595476,0.0375454489320609,0.0221814956639968,0.0453104022699586,0.0340931128273448,0.0409147623092333,0.0321996733336535,0.0176920825190403,0.0238111351323874,0.0492354884298893,0.0354336401509095,0.0131684607709358,0.0242266248616382,0.0397008380202232,0.0357655464363608,0.0432558967481847,0.0217055666094756,0.069752735185732,0.0180545604646853,0.0247795023187294,0.0503084719619599,0.0166164398173298,0.0657243737314717,0.0212191504515302,0.0287713380037841,0.0187586051828667,0.0181410678228163,0.0175527374163586,0.0232147762988693,0.0491273830795685,0.025370781099411,0.0298458184500237,0.0147003846262945,0.0332874761865885,0.0370492571207808,0.0611765354454895,0.0460936447123325,0.0399174009089421,0.0280454976868188
"SPEECH_113",NA,NA,NA,NA,NA,NA,NA,NA,NA,NA,NA,NA,NA,NA,NA,NA,NA,NA,NA,NA,NA,NA,NA,NA,NA,NA,NA,NA,NA,NA,NA,NA,NA,NA,NA,NA,NA,NA,NA,NA,NA,NA,NA,NA,NA,NA,NA,NA,NA,NA,NA,NA,NA,NA,NA,NA,NA,NA,NA,NA,0.0399868183922985,0.0322652171622778,0.0102863460991672,0.0231239894793637,0.0460841544712905,0.0481938538430801,0.02928354246245,0.0177818555408624,0.083254413907662,0.0157788314680545,0.023956888351338,0.0493499833338397,0.0183277877705296,0.0305346263703619,0.0200428579410084,0.0393849297499161,0.0234859509431397,0.0164230789821535,0.0396895029739663,0.0203113005114816,0.0384515656528554,0.0163942911636043,0.0469623322543216,0.0127565776399799,0.0242627282888905,0.0392577282014654,0.0684173867005447,0.0627843125108434,0.0362566177449355,0.0269105300883178,0.0314424940078585,0.0274605438187493,0.0116240952533249,0.043197510478208,0.0569744353848566,0.0590829667811034,0.0304439605499339,0.0256031012472526,0.0360444459161089,0.0273796453512337,0.0239558173479078,0.0323113067583138,0.0166812777431226,0.0312939069953213,0.0121032819388547,0.0613541192253006,0.027718314008425,0.0107613922838798,0.0169540029592651,0.0206838447068307,0.0483333190281005,0.0296281616041568,0.0307024835718477,0.0262430558349914,0.0262093501288982,0.0454490719805815,0.027955043313532,0.0238131162329118,0.038063185683429,0.1005327498657
"SPEECH_1272",NA,NA,NA,NA,NA,NA,NA,NA,NA,NA,NA,NA,NA,NA,NA,NA,NA,NA,NA,NA,NA,NA,NA,NA,NA,NA,NA,NA,NA,NA,NA,NA,NA,NA,NA,NA,NA,NA,NA,NA,NA,NA,NA,NA,NA,NA,NA,NA,NA,NA,NA,NA,NA,NA,NA,NA,NA,NA,NA,NA,0.0253638733094395,0.0543184203515494,0.0165628270368152,0.0340894527341443,0.0315834295477666,0.0455300520793074,0.0625130256045759,0.0294925825662719,0.0179868494230682,0.0165313320657696,0.0401597206823556,0.0751368064238661,0.0151167552820254,0.03276455679106,0.0158699688213195,0.0394389088303014,0.0499323950397539,0.0177492133309899,0.0316242078652657,0.0232058956337568,0.033913142625194,0.0180217186683276,0.0568240581099696,0.0276707982808885,0.0298338607985009,0.0376041404132942,0.0611053697708384,0.0189460523895219,0.0143606455785323,0.0267499399455302,0.0235838591762758,0.0441579089801683,0.0172939663488252,0.0284717063467441,0.0297381059746134,0.0562645297430687,0.0603583501218937,0.0189137185665909,0.0388638222261599,0.0143487781116007,0.0706969896632557,0.0520927441799338,0.0127161562787325,0.0527553919535563,0.0238998252656251,0.0255272398846939,0.0307292453534308,0.0170982525751545,0.010122735613823,0.0168635601388585,0.0543229949810087,0.0216268510694506,0.0341951969288495,0.0330010089890006,0.0482414986890871,0.0308541480645749,0.0466351069453279,0.0270974242861179,0.0218000145285728,0.0377288690150052
"SPEECH_848",NA,NA,NA,NA,NA,NA,NA,NA,NA,NA,NA,NA,NA,NA,NA,NA,NA,NA,NA,NA,NA,NA,NA,NA,NA,NA,NA,NA,NA,NA,NA,NA,NA,NA,NA,NA,NA,NA,NA,NA,NA,NA,NA,NA,NA,NA,NA,NA,NA,NA,NA,NA,NA,NA,NA,NA,NA,NA,NA,NA,0.0235838591762758,0.0441579089801683,0.0172939663488252,0.0284717063467441,0.0297381059746134,0.0562645297430687,0.0603583501218937,0.0189137185665909,0.0388638222261599,0.0143487781116007,0.0706969896632557,0.0520927441799338,0.0127161562787325,0.0527553919535563,0.0238998252656251,0.0255272398846939,0.0307292453534308,0.0170982525751545,0.010122735613823,0.0168635601388585,0.0543229949810087,0.0216268510694506,0.0341951969288495,0.0330010089890006,0.0482414986890871,0.0308541480645749,0.0466351069453279,0.0270974242861179,0.0218000145285728,0.0377288690150052,0.0785249142500548,0.0513827148143203,0.00900564463913619,0.0784261894694146,0.0380525543746201,0.0166310226560349,0.0291379920510926,0.0117791265623201,0.00908924973555088,0.0278598034727411,0.0563065527226576,0.0285866493759769,0.0163909409083116,0.0173730781183892,0.00778855735177244,0.109233873438052,0.0629185827683922,0.0168050104075126,0.0290153133181327,0.0135244230992607,0.0169996706240132,0.0261954383471251,0.0930320862045263,0.0174014996586614,0.0100175334139356,0.0128226574976921,0.0143414359578166,0.0419593466727509,0.0309289190009036,0.0284692190888322
"SPEECH_767",NA,NA,NA,NA,NA,NA,NA,NA,NA,NA,NA,NA,NA,NA,NA,NA,NA,NA,NA,NA,NA,NA,NA,NA,NA,NA,NA,NA,NA,NA,NA,NA,NA,NA,NA,NA,NA,NA,NA,NA,NA,NA,NA,NA,NA,NA,NA,NA,NA,NA,NA,NA,NA,NA,NA,NA,NA,NA,NA,NA,0.0567249562569051,0.023929254187581,0.0101386155135515,0.0489706597712202,0.0186862139227039,0.048525227386269,0.0357450605022553,0.010863271216351,0.0256762857582554,0.0212943404947444,0.0222396093435327,0.0935299418361145,0.0121249830473585,0.0536229299422294,0.0138820058315566,0.0440870345188509,0.016395710115052,0.0133987090449101,0.0297616056170281,0.0093998057052243,0.110989874892677,0.0154005744540876,0.0317360749882055,0.0129795304401008,0.038759478514836,0.0493058944666125,0.0198740944924647,0.0456013019911825,0.0326139032386962,0.0337430525094429,0.0882344248847634,0.0465330301639184,0.0152092033095844,0.041469306257056,0.0217047665107742,0.0276811561872575,0.0362830955138207,0.0143638546079179,0.0388505184004722,0.0265938457512085,0.053619160124022,0.0650316187832304,0.017583841507441,0.0396523497777515,0.0258241494218176,0.0563395575668766,0.0184864807921329,0.0127903682377857,0.0230691842279008,0.0130886048216545,0.0426702390556726,0.0282960341278469,0.0296097252705494,0.0351305502876227,0.0573033846182149,0.0252661780048977,0.0269024354961644,0.0216790272231163,0.0248452299438593,0.0258886791246695
"SPEECH_12",NA,NA,NA,NA,NA,NA,NA,NA,NA,NA,NA,NA,NA,NA,NA,NA,NA,NA,NA,NA,NA,NA,NA,NA,NA,NA,NA,NA,NA,NA,NA,NA,NA,NA,NA,NA,NA,NA,NA,NA,NA,NA,NA,NA,NA,NA,NA,NA,NA,NA,NA,NA,NA,NA,NA,NA,NA,NA,NA,NA,0.0882344248847634,0.0465330301639184,0.0152092033095844,0.041469306257056,0.0217047665107742,0.0276811561872575,0.0362830955138207,0.0143638546079179,0.0388505184004722,0.0265938457512085,0.053619160124022,0.0650316187832304,0.017583841507441,0.0396523497777515,0.0258241494218176,0.0563395575668766,0.0184864807921329,0.0127903682377857,0.0230691842279008,0.0130886048216545,0.0426702390556726,0.0282960341278469,0.0296097252705494,0.0351305502876227,0.0573033846182149,0.0252661780048977,0.0269024354961644,0.0216790272231163,0.0248452299438593,0.0258886791246695,0.0458469312946624,0.0278043574188284,0.0111833192340045,0.0539219982571244,0.0815712817407419,0.0566006036759619,0.0711348875602064,0.0111595346831159,0.0447430642748404,0.0165473351985842,0.0502292861798168,0.018547047952295,0.0355591375081012,0.0175611172223013,0.0160593210327499,0.0403157343779793,0.00896868570966457,0.0250384714501778,0.01855696738032,0.0599494120227453,0.0367808704592448,0.0145706667044256,0.0578202635580042,0.0292815168179502,0.0268583194134051,0.0550626477971905,0.0172423808692846,0.012455069369391,0.0121549092127707,0.0264748616241116
"SPEECH_798",NA,NA,NA,NA,NA,NA,NA,NA,NA,NA,NA,NA,NA,NA,NA,NA,NA,NA,NA,NA,NA,NA,NA,NA,NA,NA,NA,NA,NA,NA,NA,NA,NA,NA,NA,NA,NA,NA,NA,NA,NA,NA,NA,NA,NA,NA,NA,NA,NA,NA,NA,NA,NA,NA,NA,NA,NA,NA,NA,NA,0.0882344248847634,0.0465330301639184,0.0152092033095844,0.041469306257056,0.0217047665107742,0.0276811561872575,0.0362830955138207,0.0143638546079179,0.0388505184004722,0.0265938457512085,0.053619160124022,0.0650316187832304,0.017583841507441,0.0396523497777515,0.0258241494218176,0.0563395575668766,0.0184864807921329,0.0127903682377857,0.0230691842279008,0.0130886048216545,0.0426702390556726,0.0282960341278469,0.0296097252705494,0.0351305502876227,0.0573033846182149,0.0252661780048977,0.0269024354961644,0.0216790272231163,0.0248452299438593,0.0258886791246695,0.0458469312946624,0.0278043574188284,0.0111833192340045,0.0539219982571244,0.0815712817407419,0.0566006036759619,0.0711348875602064,0.0111595346831159,0.0447430642748404,0.0165473351985842,0.0502292861798168,0.018547047952295,0.0355591375081012,0.0175611172223013,0.0160593210327499,0.0403157343779793,0.00896868570966457,0.0250384714501778,0.01855696738032,0.0599494120227453,0.0367808704592448,0.0145706667044256,0.0578202635580042,0.0292815168179502,0.0268583194134051,0.0550626477971905,0.0172423808692846,0.012455069369391,0.0121549092127707,0.0264748616241116
"SPEECH_891",NA,NA,NA,NA,NA,NA,NA,NA,NA,NA,NA,NA,NA,NA,NA,NA,NA,NA,NA,NA,NA,NA,NA,NA,NA,NA,NA,NA,NA,NA,NA,NA,NA,NA,NA,NA,NA,NA,NA,NA,NA,NA,NA,NA,NA,NA,NA,NA,NA,NA,NA,NA,NA,NA,NA,NA,NA,NA,NA,NA,0.0696295522427087,0.052570759181715,0.0195297595910217,0.0150518805636869,0.0402531502127053,0.0475520850453938,0.0985554315076114,0.0097410936880395,0.0185942461265128,0.0268077227111903,0.0416666616601191,0.0798740042227225,0.0170263198782797,0.0589430743240295,0.0152499209895272,0.081419057700804,0.0159132334695887,0.0144540065211569,0.0189685463506316,0.0380184290729702,0.0256982281427651,0.0229839105010104,0.0271976776943172,0.00787165025849377,0.0223146287858118,0.00695815559016653,0.0118456975174991,0.0322815327885809,0.0116349933872089,0.0513945902737314,0.0358597402380343,0.0452295065951799,0.0172403781572125,0.0239435102734522,0.078486624598241,0.0508334247824568,0.0212541534867578,0.0166057044934504,0.036499051891012,0.0240336883922,0.0246168300236211,0.01907710200766,0.0428400571607266,0.0301563225356105,0.0351377122624994,0.0210148195103822,0.0125045311574004,0.0290183537490825,0.0313752090032308,0.0205430779931689,0.0630310803027509,0.0240693059947531,0.0368427558930536,0.0123429595891036,0.0183419971282428,0.0511850920330814,0.0367425836960261,0.0663600985735179,0.0362107133972183,0.0386036150808733
"SPEECH_69",NA,NA,NA,NA,NA,NA,NA,NA,NA,NA,NA,NA,NA,NA,NA,NA,NA,NA,NA,NA,NA,NA,NA,NA,NA,NA,NA,NA,NA,NA,NA,NA,NA,NA,NA,NA,NA,NA,NA,NA,NA,NA,NA,NA,NA,NA,NA,NA,NA,NA,NA,NA,NA,NA,NA,NA,NA,NA,NA,NA,0.0308859513351542,0.0641105355333812,0.0193504574088477,0.0162843528462233,0.0402861193629222,0.0292340531735925,0.0318122853962599,0.0147799317600644,0.0311369421507334,0.0109596782979337,0.0222360583291995,0.0390782152229559,0.0313319404222102,0.0459195335642552,0.0268187740043019,0.0233568774631327,0.0114097298183287,0.00927326032820857,0.0501543617090277,0.0366251128714396,0.0681785602553736,0.0418464451153756,0.062826762494001,0.0214717808912705,0.0333001937129296,0.0734387012133086,0.0208741516926541,0.0415385024490232,0.0161534527214737,0.0353272784564173,0.0142289635292275,0.0469709142107796,0.0163112004713697,0.0437795142830019,0.0498069310710381,0.0480247870404955,0.0190148170812676,0.0222114483700266,0.0233674591599248,0.0229794304208029,0.023891694081009,0.0482469870232884,0.0157340322116401,0.0436142636243232,0.0132907673118715,0.0490342226326921,0.0346672288837251,0.0169195064864358,0.0128365391218516,0.0472637652521857,0.0731883674982706,0.0249068021539453,0.0595445549183701,0.0319132957746066,0.0383283352228358,0.0347003338619627,0.0620610229917498,0.00856406128411014,0.0195432046286682,0.0350555493985242
"SPEECH_76",NA,NA,NA,NA,NA,NA,NA,NA,NA,NA,NA,NA,NA,NA,NA,NA,NA,NA,NA,NA,NA,NA,NA,NA,NA,NA,NA,NA,NA,NA,NA,NA,NA,NA,NA,NA,NA,NA,NA,NA,NA,NA,NA,NA,NA,NA,NA,NA,NA,NA,NA,NA,NA,NA,NA,NA,NA,NA,NA,NA,0.0552067566430745,0.0316399450987823,0.0185126453602094,0.0590537255716005,0.0346338323136537,0.0392783542821119,0.0348862788503733,0.0155573608821752,0.0222062716348615,0.0225038711895991,0.0298635501916023,0.0251969869622641,0.014416545550967,0.0377589045305739,0.0153654844680308,0.0376753224748944,0.0564250626379655,0.0255738996871029,0.0275611225335942,0.0286281464801312,0.054790874400195,0.0388816040862073,0.0408767370800502,0.0145298164016297,0.0264839264311185,0.036056496346477,0.0725108209422252,0.0332513245272164,0.0429876835660938,0.00768664887521905,0.0305555937789597,0.0880043757978637,0.0190763132543176,0.0354174254728776,0.071257548790385,0.0186792055453461,0.0226592958139201,0.0163869702420853,0.0366047234655203,0.0249531735703622,0.0131647198368369,0.0342079730801741,0.0141258404290633,0.0358758023459695,0.0291241238909725,0.0291029536450135,0.0145352873873327,0.0225382540831096,0.0126370812062716,0.0228533015670122,0.112914295955975,0.0260861277092892,0.0459408347676565,0.0244785735070673,0.0291453579422486,0.0171898103934193,0.0536215654917924,0.0128924784906466,0.0529081046992482,0.0330628878392634
"SPEECH_1234",NA,NA,NA,NA,NA,NA,NA,NA,NA,NA,NA,NA,NA,NA,NA,NA,NA,NA,NA,NA,NA,NA,NA,NA,NA,NA,NA,NA,NA,NA,NA,NA,NA,NA,NA,NA,NA,NA,NA,NA,NA,NA,NA,NA,NA,NA,NA,NA,NA,NA,NA,NA,NA,NA,NA,NA,NA,NA,NA,NA,0.0552067566430745,0.0316399450987823,0.0185126453602094,0.0590537255716005,0.0346338323136537,0.0392783542821119,0.0348862788503733,0.0155573608821752,0.0222062716348615,0.0225038711895991,0.0298635501916023,0.0251969869622641,0.014416545550967,0.0377589045305739,0.0153654844680308,0.0376753224748944,0.0564250626379655,0.0255738996871029,0.0275611225335942,0.0286281464801312,0.054790874400195,0.0388816040862073,0.0408767370800502,0.0145298164016297,0.0264839264311185,0.036056496346477,0.0725108209422252,0.0332513245272164,0.0429876835660938,0.00768664887521905,0.0305555937789597,0.0880043757978637,0.0190763132543176,0.0354174254728776,0.071257548790385,0.0186792055453461,0.0226592958139201,0.0163869702420853,0.0366047234655203,0.0249531735703622,0.0131647198368369,0.0342079730801741,0.0141258404290633,0.0358758023459695,0.0291241238909725,0.0291029536450135,0.0145352873873327,0.0225382540831096,0.0126370812062716,0.0228533015670122,0.112914295955975,0.0260861277092892,0.0459408347676565,0.0244785735070673,0.0291453579422486,0.0171898103934193,0.0536215654917924,0.0128924784906466,0.0529081046992482,0.0330628878392634
"SPEECH_1256",NA,NA,NA,NA,NA,NA,NA,NA,NA,NA,NA,NA,NA,NA,NA,NA,NA,NA,NA,NA,NA,NA,NA,NA,NA,NA,NA,NA,NA,NA,NA,NA,NA,NA,NA,NA,NA,NA,NA,NA,NA,NA,NA,NA,NA,NA,NA,NA,NA,NA,NA,NA,NA,NA,NA,NA,NA,NA,NA,NA,0.0552067566430745,0.0316399450987823,0.0185126453602094,0.0590537255716005,0.0346338323136537,0.0392783542821119,0.0348862788503733,0.0155573608821752,0.0222062716348615,0.0225038711895991,0.0298635501916023,0.0251969869622641,0.014416545550967,0.0377589045305739,0.0153654844680308,0.0376753224748944,0.0564250626379655,0.0255738996871029,0.0275611225335942,0.0286281464801312,0.054790874400195,0.0388816040862073,0.0408767370800502,0.0145298164016297,0.0264839264311185,0.036056496346477,0.0725108209422252,0.0332513245272164,0.0429876835660938,0.00768664887521905,0.0305555937789597,0.0880043757978637,0.0190763132543176,0.0354174254728776,0.071257548790385,0.0186792055453461,0.0226592958139201,0.0163869702420853,0.0366047234655203,0.0249531735703622,0.0131647198368369,0.0342079730801741,0.0141258404290633,0.0358758023459695,0.0291241238909725,0.0291029536450135,0.0145352873873327,0.0225382540831096,0.0126370812062716,0.0228533015670122,0.112914295955975,0.0260861277092892,0.0459408347676565,0.0244785735070673,0.0291453579422486,0.0171898103934193,0.0536215654917924,0.0128924784906466,0.0529081046992482,0.0330628878392634
"SPEECH_1262",NA,NA,NA,NA,NA,NA,NA,NA,NA,NA,NA,NA,NA,NA,NA,NA,NA,NA,NA,NA,NA,NA,NA,NA,NA,NA,NA,NA,NA,NA,NA,NA,NA,NA,NA,NA,NA,NA,NA,NA,NA,NA,NA,NA,NA,NA,NA,NA,NA,NA,NA,NA,NA,NA,NA,NA,NA,NA,NA,NA,0.0552067566430745,0.0316399450987823,0.0185126453602094,0.0590537255716005,0.0346338323136537,0.0392783542821119,0.0348862788503733,0.0155573608821752,0.0222062716348615,0.0225038711895991,0.0298635501916023,0.0251969869622641,0.014416545550967,0.0377589045305739,0.0153654844680308,0.0376753224748944,0.0564250626379655,0.0255738996871029,0.0275611225335942,0.0286281464801312,0.054790874400195,0.0388816040862073,0.0408767370800502,0.0145298164016297,0.0264839264311185,0.036056496346477,0.0725108209422252,0.0332513245272164,0.0429876835660938,0.00768664887521905,0.0305555937789597,0.0880043757978637,0.0190763132543176,0.0354174254728776,0.071257548790385,0.0186792055453461,0.0226592958139201,0.0163869702420853,0.0366047234655203,0.0249531735703622,0.0131647198368369,0.0342079730801741,0.0141258404290633,0.0358758023459695,0.0291241238909725,0.0291029536450135,0.0145352873873327,0.0225382540831096,0.0126370812062716,0.0228533015670122,0.112914295955975,0.0260861277092892,0.0459408347676565,0.0244785735070673,0.0291453579422486,0.0171898103934193,0.0536215654917924,0.0128924784906466,0.0529081046992482,0.0330628878392634
"SPEECH_121",NA,NA,NA,NA,NA,NA,NA,NA,NA,NA,NA,NA,NA,NA,NA,NA,NA,NA,NA,NA,NA,NA,NA,NA,NA,NA,NA,NA,NA,NA,NA,NA,NA,NA,NA,NA,NA,NA,NA,NA,NA,NA,NA,NA,NA,NA,NA,NA,NA,NA,NA,NA,NA,NA,NA,NA,NA,NA,NA,NA,0.0406560698338007,0.0668590328240768,0.0135718820076023,0.013596507692503,0.0460523741616431,0.0579155680356264,0.0321236171814344,0.0335823151523654,0.0208883771299148,0.106997732688534,0.0414697191505015,0.0283112708002671,0.0169207401989025,0.0292980873312359,0.0151729506847454,0.0487043886479116,0.0275536741918182,0.0377284423038478,0.0203546508218552,0.0179486189784626,0.0624165018354608,0.0191753657157817,0.0363590830715763,0.0100883604608329,0.025692408707939,0.0213858943088758,0.0181820871649372,0.0465733673515994,0.0125667964682685,0.0318541150976795,0.0524400069368623,0.0324882518134014,0.0150708663992624,0.0633277298788857,0.0336734792809902,0.0496268641684868,0.0223696239786823,0.0196851666513842,0.0584757854214879,0.0255328678026522,0.0284824776575628,0.0158195378405476,0.0153018331313344,0.0437420253751759,0.0236747082637883,0.055672934996366,0.0548813523232938,0.0168160997311462,0.0155448174881867,0.0282225281902816,0.0175819368964305,0.0187472662768657,0.039709066083941,0.0403645241837793,0.0203092301117051,0.0406974166736868,0.022701010931717,0.0629152780228898,0.0301502717299884,0.0359750417592175
"SPEECH_790",NA,NA,NA,NA,NA,NA,NA,NA,NA,NA,NA,NA,NA,NA,NA,NA,NA,NA,NA,NA,NA,NA,NA,NA,NA,NA,NA,NA,NA,NA,NA,NA,NA,NA,NA,NA,NA,NA,NA,NA,NA,NA,NA,NA,NA,NA,NA,NA,NA,NA,NA,NA,NA,NA,NA,NA,NA,NA,NA,NA,0.0406560698338007,0.0668590328240768,0.0135718820076023,0.013596507692503,0.0460523741616431,0.0579155680356264,0.0321236171814344,0.0335823151523654,0.0208883771299148,0.106997732688534,0.0414697191505015,0.0283112708002671,0.0169207401989025,0.0292980873312359,0.0151729506847454,0.0487043886479116,0.0275536741918182,0.0377284423038478,0.0203546508218552,0.0179486189784626,0.0624165018354608,0.0191753657157817,0.0363590830715763,0.0100883604608329,0.025692408707939,0.0213858943088758,0.0181820871649372,0.0465733673515994,0.0125667964682685,0.0318541150976795,0.0524400069368623,0.0324882518134014,0.0150708663992624,0.0633277298788857,0.0336734792809902,0.0496268641684868,0.0223696239786823,0.0196851666513842,0.0584757854214879,0.0255328678026522,0.0284824776575628,0.0158195378405476,0.0153018331313344,0.0437420253751759,0.0236747082637883,0.055672934996366,0.0548813523232938,0.0168160997311462,0.0155448174881867,0.0282225281902816,0.0175819368964305,0.0187472662768657,0.039709066083941,0.0403645241837793,0.0203092301117051,0.0406974166736868,0.022701010931717,0.0629152780228898,0.0301502717299884,0.0359750417592175
"SPEECH_791",NA,NA,NA,NA,NA,NA,NA,NA,NA,NA,NA,NA,NA,NA,NA,NA,NA,NA,NA,NA,NA,NA,NA,NA,NA,NA,NA,NA,NA,NA,NA,NA,NA,NA,NA,NA,NA,NA,NA,NA,NA,NA,NA,NA,NA,NA,NA,NA,NA,NA,NA,NA,NA,NA,NA,NA,NA,NA,NA,NA,0.0593950929321499,0.0531413459030568,0.0189095501677896,0.0227435924707904,0.0248561209631518,0.0549466221975157,0.060559147180488,0.0185036214692173,0.0229105701360466,0.0231831134644607,0.0618170443698615,0.0440537965659002,0.0139304780720723,0.0301949876796153,0.0132638068871534,0.0611811433568626,0.0264437454732534,0.0292741723830818,0.0363245277994202,0.0167197394989375,0.0349360482139265,0.0379507196714447,0.0650648778192672,0.018778122662994,0.0307561657167683,0.0105821638034628,0.0299857138822072,0.0330996420706325,0.0172513055828553,0.0292430216056167,0.05512491969921,0.0485348562753141,0.0148573438810058,0.0255929072856827,0.0375240356018011,0.0369469045656124,0.0366366937774201,0.0126534766611144,0.0526110348670256,0.0168121108053618,0.0414015168255746,0.0117618584846869,0.0181200089426523,0.0338555709590473,0.0119586389646547,0.0742323292523148,0.0429653297144608,0.0187482868649665,0.0276827885405174,0.0198813354404672,0.0096535899078109,0.0515901234695127,0.0572770055821846,0.0167416800219557,0.0312687985123242,0.0209477296343189,0.0309504852355318,0.0545078157813257,0.0251233578475342,0.0640374665986108
"SPEECH_26",NA,NA,NA,NA,NA,NA,NA,NA,NA,NA,NA,NA,NA,NA,NA,NA,NA,NA,NA,NA,NA,NA,NA,NA,NA,NA,NA,NA,NA,NA,NA,NA,NA,NA,NA,NA,NA,NA,NA,NA,NA,NA,NA,NA,NA,NA,NA,NA,NA,NA,NA,NA,NA,NA,NA,NA,NA,NA,NA,NA,0.05512491969921,0.0485348562753141,0.0148573438810058,0.0255929072856827,0.0375240356018011,0.0369469045656124,0.0366366937774201,0.0126534766611144,0.0526110348670256,0.0168121108053618,0.0414015168255746,0.0117618584846869,0.0181200089426523,0.0338555709590473,0.0119586389646547,0.0742323292523148,0.0429653297144608,0.0187482868649665,0.0276827885405174,0.0198813354404672,0.0096535899078109,0.0515901234695127,0.0572770055821846,0.0167416800219557,0.0312687985123242,0.0209477296343189,0.0309504852355318,0.0545078157813257,0.0251233578475342,0.0640374665986108,0.0390662240071978,0.0520043916542673,0.00799910710129964,0.0100791141402437,0.0276376174109752,0.0397991542252911,0.0448147549263477,0.0105690888505175,0.0934966334888819,0.0282982895988671,0.0371774595047263,0.0412043676351624,0.012040967792469,0.0459278163744483,0.00723106285789939,0.0602980923856112,0.0293351010828719,0.0155121997145723,0.0210720914524506,0.0125721586319459,0.0523654523569559,0.0257271582602047,0.0607469410343723,0.0200241196269246,0.0292275494735602,0.0358468763388504,0.0346258448856561,0.0436499716179787,0.0387467975476831,0.0229035960217677
"SPEECH_9",NA,NA,NA,NA,NA,NA,NA,NA,NA,NA,NA,NA,NA,NA,NA,NA,NA,NA,NA,NA,NA,NA,NA,NA,NA,NA,NA,NA,NA,NA,NA,NA,NA,NA,NA,NA,NA,NA,NA,NA,NA,NA,NA,NA,NA,NA,NA,NA,NA,NA,NA,NA,NA,NA,NA,NA,NA,NA,NA,NA,0.0455410110552233,0.0366338543312003,0.0156012632978585,0.0148210396763314,0.0373000109021904,0.0398795028625073,0.0378310647144852,0.0200959072633109,0.0280337840543762,0.105522421951524,0.0515127680972796,0.0390116531432611,0.0117915071010914,0.0336221552449206,0.0120601750129181,0.0582885254624089,0.0325718668074538,0.0162045783095193,0.0252549221209701,0.0339057363895903,0.0521316445809406,0.0266994828876479,0.0191130694575658,0.0218988312725047,0.0569514894069219,0.0148133942669427,0.0134850821988237,0.0347101418917022,0.0380429167044906,0.0266701995340389,0.0298241602856706,0.045474688243503,0.0111943215276341,0.0215087271012416,0.0192032103574942,0.0630566904631598,0.0340389420970139,0.012531138722553,0.107997824759462,0.0175863809226444,0.0324504315212308,0.0524099196718463,0.0180440145377803,0.0824463751099533,0.0298619422880197,0.0476630397791952,0.0196176965974374,0.0256527472529896,0.0180158173402027,0.0154449301617335,0.0642309994896877,0.0341336876917228,0.039154346141092,0.0187127583183621,0.0251000036087447,0.0118398175542478,0.0218465604476719,0.0360682341294088,0.0229773114268729,0.0219132824514241
"SPEECH_1289",NA,NA,NA,NA,NA,NA,NA,NA,NA,NA,NA,NA,NA,NA,NA,NA,NA,NA,NA,NA,NA,NA,NA,NA,NA,NA,NA,NA,NA,NA,NA,NA,NA,NA,NA,NA,NA,NA,NA,NA,NA,NA,NA,NA,NA,NA,NA,NA,NA,NA,NA,NA,NA,NA,NA,NA,NA,NA,NA,NA,0.0413737351142547,0.0601642950702376,0.0141327715924355,0.0221704514932457,0.0410030939383666,0.0442852787770871,0.035026667441101,0.0118433031842862,0.0354383555788183,0.0273880119677226,0.0198316701275885,0.0419387485601964,0.0110247816998139,0.0414212899801622,0.0111913021540642,0.0494977322380932,0.0187905420818808,0.0180679307745487,0.0107296597647377,0.0108141758569133,0.157103813673838,0.0332959889807891,0.0377692858910392,0.0158192199417927,0.0434568973471944,0.0384026596550068,0.0334420457885032,0.0166073950740096,0.0141407710329071,0.0438281252193653,0.0535496128050922,0.0375563368326292,0.0113863802151725,0.0572785129286508,0.022069103509718,0.0467120224282609,0.0328683434575595,0.0156329702186521,0.0221927385632379,0.010857979214587,0.0582796445991008,0.0353242720574493,0.0171462733032899,0.0290945605814958,0.0182165993584558,0.111323003210783,0.0620462732002465,0.0113502056882407,0.0412533751409951,0.0130076339322271,0.0459762307453826,0.0296536254516065,0.0322525071720622,0.0149432772786161,0.0358648267599951,0.0137873125703721,0.0245010739155149,0.0229635551759445,0.0372877969993907,0.0356239526852708
"SPEECH_1266",NA,NA,NA,NA,NA,NA,NA,NA,NA,NA,NA,NA,NA,NA,NA,NA,NA,NA,NA,NA,NA,NA,NA,NA,NA,NA,NA,NA,NA,NA,NA,NA,NA,NA,NA,NA,NA,NA,NA,NA,NA,NA,NA,NA,NA,NA,NA,NA,NA,NA,NA,NA,NA,NA,NA,NA,NA,NA,NA,NA,0.0334976617894115,0.0480801345887378,0.0085119060145445,0.0268527872984629,0.047817185474841,0.0669073353103445,0.0235758242589548,0.0157943925259588,0.0306665929535671,0.0311567121168775,0.0300210007757949,0.0402262002711078,0.0408518923998655,0.0312832239687133,0.0146827905055786,0.0326340435568133,0.0306433902503,0.0235241417471689,0.0211156107699741,0.0227899284457279,0.0882505885476012,0.0529851131844984,0.0631077761780617,0.0238553500413527,0.0385777582666651,0.0303258639835407,0.0185456639654591,0.0192380766565581,0.0273431197677985,0.0171379343857197,0.0299660324571626,0.0552216112853709,0.00887470709339422,0.0242291798493666,0.0654958810597774,0.0771511812583824,0.0320490409477292,0.0178179347728007,0.035512752235316,0.0252053520418534,0.0288669706053857,0.0238372477200648,0.0178774359341781,0.0414113909337218,0.0133706312986002,0.030032533142246,0.0446705754658602,0.0169399927806654,0.0497910196085549,0.0137129188567464,0.0699897568137457,0.0375643028543217,0.0627204317368234,0.0232253686607466,0.0336828349014902,0.0231291018597265,0.0248256258801304,0.0148514191782363,0.0360122459401847,0.0219645228274177
"SPEECH_1237",NA,NA,NA,NA,NA,NA,NA,NA,NA,NA,NA,NA,NA,NA,NA,NA,NA,NA,NA,NA,NA,NA,NA,NA,NA,NA,NA,NA,NA,NA,NA,NA,NA,NA,NA,NA,NA,NA,NA,NA,NA,NA,NA,NA,NA,NA,NA,NA,NA,NA,NA,NA,NA,NA,NA,NA,NA,NA,NA,NA,0.0299660324571626,0.0552216112853709,0.00887470709339422,0.0242291798493666,0.0654958810597774,0.0771511812583824,0.0320490409477292,0.0178179347728007,0.035512752235316,0.0252053520418534,0.0288669706053857,0.0238372477200648,0.0178774359341781,0.0414113909337218,0.0133706312986002,0.030032533142246,0.0446705754658602,0.0169399927806654,0.0497910196085549,0.0137129188567464,0.0699897568137457,0.0375643028543217,0.0627204317368234,0.0232253686607466,0.0336828349014902,0.0231291018597265,0.0248256258801304,0.0148514191782363,0.0360122459401847,0.0219645228274177,0.0338762242200843,0.0541818071830342,0.0136639072386333,0.0191049221312553,0.0179298238874046,0.0354988321772254,0.0259771514420124,0.0132618992203227,0.0336324197228876,0.0175969580514847,0.0953469402573802,0.0198213473250513,0.0101467625215944,0.0623384200071432,0.0164293322650066,0.0932346366146809,0.041542952532741,0.0249979618707214,0.0152075690792549,0.016277358656431,0.0612238922335567,0.0330261713612283,0.0447846063538191,0.0251662920790602,0.052011486047838,0.0214829409846207,0.0210784178098301,0.0402029510646909,0.0210171725048343,0.0199388431561725
"SPEECH_755",NA,NA,NA,NA,NA,NA,NA,NA,NA,NA,NA,NA,NA,NA,NA,NA,NA,NA,NA,NA,NA,NA,NA,NA,NA,NA,NA,NA,NA,NA,NA,NA,NA,NA,NA,NA,NA,NA,NA,NA,NA,NA,NA,NA,NA,NA,NA,NA,NA,NA,NA,NA,NA,NA,NA,NA,NA,NA,NA,NA,0.0489504284470937,0.0263261526245597,0.0108862276975419,0.0160725538514538,0.0293956491212193,0.126357573166983,0.0639581452129114,0.0228301742512326,0.020628399342796,0.156053741594704,0.0253213964693389,0.0210373503566646,0.0111405304085904,0.026248836116778,0.0216607695135154,0.0228301742512326,0.0257674774137219,0.0137418574840825,0.0219841738433364,0.0236832208775909,0.0166818652841236,0.0170205460086727,0.0339522284008844,0.0141098052593377,0.0261539734589407,0.0169958707671316,0.0610471369365837,0.0409459210557695,0.0176456182007311,0.0205722025824779,0.0314530598558238,0.048291809907585,0.0118147500428357,0.0462978034505359,0.0516051532102583,0.023527762528242,0.0339592629516806,0.00803428864307271,0.0276039901909381,0.0142876523084367,0.036974743463987,0.0662446240964962,0.0379814829479377,0.048949303204806,0.0184179439747998,0.0756922598908902,0.0396718143779372,0.0211114625036294,0.0242184253641334,0.022218267502964,0.0649857068671752,0.0254369900926468,0.0152441466966358,0.0179421304624657,0.0604264806480979,0.0589556835348373,0.0180581420384897,0.0110916266193606,0.0250995377839692,0.0144036948393325
"SPEECH_1246",NA,NA,NA,NA,NA,NA,NA,NA,NA,NA,NA,NA,NA,NA,NA,NA,NA,NA,NA,NA,NA,NA,NA,NA,NA,NA,NA,NA,NA,NA,NA,NA,NA,NA,NA,NA,NA,NA,NA,NA,NA,NA,NA,NA,NA,NA,NA,NA,NA,NA,NA,NA,NA,NA,NA,NA,NA,NA,NA,NA,0.0314530598558238,0.048291809907585,0.0118147500428357,0.0462978034505359,0.0516051532102583,0.023527762528242,0.0339592629516806,0.00803428864307271,0.0276039901909381,0.0142876523084367,0.036974743463987,0.0662446240964962,0.0379814829479377,0.048949303204806,0.0184179439747998,0.0756922598908902,0.0396718143779372,0.0211114625036294,0.0242184253641334,0.022218267502964,0.0649857068671752,0.0254369900926468,0.0152441466966358,0.0179421304624657,0.0604264806480979,0.0589556835348373,0.0180581420384897,0.0110916266193606,0.0250995377839692,0.0144036948393325,0.0482327876823277,0.0645002291509761,0.0192431673884479,0.0273751238061087,0.0598543100842222,0.0528107800801003,0.0438179608845503,0.013031044602382,0.0264509327814504,0.0143885783002666,0.0365925081146223,0.0564869926504134,0.0109189668195306,0.0481780778942424,0.029794168870253,0.0542466426786911,0.0595864013904337,0.0186598847270984,0.0390298248886534,0.0148889985861216,0.0405407514324374,0.0352070894979891,0.0290093848073598,0.0154514224591189,0.0231314516779985,0.0127606644425246,0.0161548160152521,0.0284500751189356,0.0135681104887081,0.0476388526787838
"SPEECH_35",NA,NA,NA,NA,NA,NA,NA,NA,NA,NA,NA,NA,NA,NA,NA,NA,NA,NA,NA,NA,NA,NA,NA,NA,NA,NA,NA,NA,NA,NA,NA,NA,NA,NA,NA,NA,NA,NA,NA,NA,NA,NA,NA,NA,NA,NA,NA,NA,NA,NA,NA,NA,NA,NA,NA,NA,NA,NA,NA,NA,0.0316804058588348,0.039584308755686,0.0105969045520287,0.0186615043020311,0.0190002293716066,0.0781342522527111,0.0488859131331422,0.0204276762701696,0.0173198064366931,0.0245821174544854,0.0275476435726778,0.0264581872055301,0.033240445375813,0.0657425628377192,0.0214380289570225,0.0387711095178887,0.0927280516809928,0.0139298779513842,0.0256150436062377,0.0121382347124391,0.0349434686856854,0.0451590607900604,0.0412997730303029,0.017093172411657,0.0158458900872057,0.0195309719970729,0.0141006893891254,0.0510147061568812,0.0416899313370655,0.05284003230985,0.0418617553699888,0.0627383973720906,0.0129426751312689,0.0405654030740044,0.0286650611011483,0.0286423254251166,0.0218030939261018,0.0158646150496596,0.0133397568762136,0.0165703411450604,0.0181123696541274,0.0357398216906667,0.0109694440072153,0.0407095261780747,0.0150334182629713,0.0483618955809517,0.0804383902145857,0.0186310983821343,0.0487635563202985,0.0239658755366478,0.0719766528528377,0.0345115949248359,0.0473358972274321,0.033739005789627,0.0506689186488493,0.0288487453936026,0.0371815237158305,0.0273057310894794,0.0184219158688782,0.026291194190301
"SPEECH_1261",NA,NA,NA,NA,NA,NA,NA,NA,NA,NA,NA,NA,NA,NA,NA,NA,NA,NA,NA,NA,NA,NA,NA,NA,NA,NA,NA,NA,NA,NA,NA,NA,NA,NA,NA,NA,NA,NA,NA,NA,NA,NA,NA,NA,NA,NA,NA,NA,NA,NA,NA,NA,NA,NA,NA,NA,NA,NA,NA,NA,0.0440925858109502,0.027788110496153,0.0115942978390337,0.0467034897949176,0.0358201523823653,0.0427033024967436,0.0188830172080595,0.0156765245470506,0.03311830441061,0.0199492350706735,0.0582189790385095,0.0150316597524288,0.0166028682857632,0.0189750586913095,0.0144251818470095,0.061264382041793,0.044572752032437,0.0180023654932079,0.0535269069890993,0.0383907830605116,0.0540541009351169,0.0355698206629528,0.0473526958598701,0.0179752753557249,0.0491542884995341,0.0348301279796787,0.0160120197037064,0.034336776698482,0.0227354746929556,0.0526394623233521,0.0388136333476406,0.0617127162139738,0.0177202179263205,0.0151513614796296,0.0286809429043878,0.0477525581043178,0.0414392668838108,0.0134983324163125,0.0154289893883371,0.07290470622275,0.0698932411555037,0.0572846222973127,0.0152922321922535,0.0459642533594219,0.0185472711145211,0.0589985805583297,0.0302536193738507,0.012820904257389,0.032994475040862,0.0118752948704675,0.04735523356396,0.0158190004454062,0.0438554585727292,0.0162931337601379,0.0412672478140339,0.0102833022185014,0.0281249098256665,0.0356935674375582,0.0306150205798338,0.0236659066747806
"SPEECH_824",NA,NA,NA,NA,NA,NA,NA,NA,NA,NA,NA,NA,NA,NA,NA,NA,NA,NA,NA,NA,NA,NA,NA,NA,NA,NA,NA,NA,NA,NA,NA,NA,NA,NA,NA,NA,NA,NA,NA,NA,NA,NA,NA,NA,NA,NA,NA,NA,NA,NA,NA,NA,NA,NA,NA,NA,NA,NA,NA,NA,0.0349291078733363,0.0204552035575117,0.0143148317179093,0.0550541367057633,0.017120073608984,0.0742324060432305,0.0200888615976547,0.0294413398356661,0.0265184356673803,0.0177666251987677,0.0347281198821721,0.0261009001316306,0.0195322230222571,0.0615451281741356,0.0217196570020602,0.0626717336121565,0.0289171433685649,0.0195989389205093,0.0302175178610969,0.0128388841960434,0.0260891831701285,0.0170733404008856,0.0355425645124832,0.0182296635858973,0.017576792239823,0.0186860990874984,0.041125330201999,0.075177522609356,0.0671798476458771,0.0555283885692213,0.0380279273226659,0.0598883923572538,0.0248419683025978,0.01864843846467,0.0366481753023653,0.0494360774415348,0.0441086629413796,0.0158461258767486,0.0213584141549801,0.0181226283588199,0.0253750284494884,0.0800025555805384,0.0120290161966711,0.0592732669993708,0.0148627494899199,0.0340469334097978,0.0283324698656783,0.0175443259446274,0.0365536371688383,0.0140502563083403,0.0795511517982272,0.0319780708168959,0.0359099165086821,0.0115810132626997,0.0197613780181542,0.0750938668263118,0.0373654484828267,0.0142244376406787,0.0201694966831441,0.0253681700260932
"SPEECH_123",NA,NA,NA,NA,NA,NA,NA,NA,NA,NA,NA,NA,NA,NA,NA,NA,NA,NA,NA,NA,NA,NA,NA,NA,NA,NA,NA,NA,NA,NA,NA,NA,NA,NA,NA,NA,NA,NA,NA,NA,NA,NA,NA,NA,NA,NA,NA,NA,NA,NA,NA,NA,NA,NA,NA,NA,NA,NA,NA,NA,0.0312185022555198,0.0536386704763787,0.0155937351649503,0.0479614452653648,0.0404062253978921,0.0317516164031613,0.0477408090370832,0.0171827275786299,0.04051656058475,0.0112902118906344,0.0241576435058692,0.083615400332291,0.0195590687278554,0.0329453668508212,0.0202222064028016,0.0344642586847259,0.020144894033983,0.0125453337271716,0.0168261735202839,0.0339491501527955,0.0571501444600236,0.0161756702429751,0.0427428646390433,0.0295505775500156,0.0660316793596048,0.0169242295666344,0.0208876026494789,0.0308049323828191,0.0242808391420906,0.0597214600143519,0.0260574844946529,0.0632772471864539,0.0263060012693588,0.0371953706133296,0.0303300722424467,0.0527066160379991,0.0293221301655112,0.0172283664631214,0.0179561631162095,0.0177362876280332,0.0293443075501109,0.0997573334367488,0.0140545609132351,0.0852525590240663,0.01504286270575,0.0442408627015608,0.0166073671939626,0.0104767933295609,0.0206232973275804,0.0418284009575831,0.0864828644242476,0.0287213646525485,0.0313862433248208,0.0240788412159751,0.0300374529063432,0.0125992049279088,0.0312136779779934,0.0147751750752637,0.0164136964006239,0.0289473947369998
"SPEECH_886",NA,NA,NA,NA,NA,NA,NA,NA,NA,NA,NA,NA,NA,NA,NA,NA,NA,NA,NA,NA,NA,NA,NA,NA,NA,NA,NA,NA,NA,NA,NA,NA,NA,NA,NA,NA,NA,NA,NA,NA,NA,NA,NA,NA,NA,NA,NA,NA,NA,NA,NA,NA,NA,NA,NA,NA,NA,NA,NA,NA,0.0339522563399016,0.0748422225491395,0.0159240700259653,0.0150720670006828,0.0188065173781019,0.0244107361616204,0.0438594839031973,0.0132636729690392,0.0150578724026183,0.0406024526002713,0.0543773109029364,0.0398149099064931,0.00749606483037312,0.0850545044208852,0.0182042290326803,0.0459371227384939,0.0496504722122306,0.0175571412871383,0.0131988730334138,0.0142095005224258,0.0796321644733104,0.0216641716552167,0.0110988740831658,0.0251189612876506,0.0702367417433528,0.0147907257645879,0.052733652707113,0.0365680773649478,0.0277571248272204,0.0191080258758266,0.0326072057235627,0.0350949316283372,0.020053336805716,0.0129995199462534,0.0717076173255829,0.0425754218694514,0.0155730316153222,0.0173118148762229,0.0340629185945732,0.0138487837963975,0.0404421897716086,0.0456131519128253,0.0166508172024174,0.025996871198812,0.0363584630284326,0.0739267672113879,0.0216517445053128,0.0134844069062674,0.0839536749053693,0.0229423963584084,0.0682494564089049,0.0186535166272818,0.0360944452759741,0.0146439378393497,0.0199635131908161,0.0520096641834382,0.0213339977321489,0.0401865292426706,0.0272314771855911,0.0247783971315636
"SPEECH_792",NA,NA,NA,NA,NA,NA,NA,NA,NA,NA,NA,NA,NA,NA,NA,NA,NA,NA,NA,NA,NA,NA,NA,NA,NA,NA,NA,NA,NA,NA,NA,NA,NA,NA,NA,NA,NA,NA,NA,NA,NA,NA,NA,NA,NA,NA,NA,NA,NA,NA,NA,NA,NA,NA,NA,NA,NA,NA,NA,NA,0.045633028543297,0.0612205753883166,0.0118663099566569,0.05814555636294,0.0116088019931356,0.0506087225667287,0.0185504776336742,0.0167660872395077,0.0102698382571785,0.0135107877109108,0.035563036102246,0.0696821145667998,0.0160917742851279,0.0503862684254784,0.0143579762641127,0.0586255337481747,0.0637445183938854,0.0136043671067408,0.0300160506063976,0.0242376608580746,0.0879587594622468,0.048205093487153,0.0335453330777736,0.0215952903036774,0.0379311159045364,0.0127986058889529,0.0196429894611526,0.0195377202310739,0.0284630537443807,0.0158325524296688,0.0332583655004164,0.0834193786909309,0.0122642422401422,0.0414655808154518,0.0367275278123146,0.0477504525510897,0.021347827281475,0.0214870203939906,0.0159967441377658,0.0101129990135287,0.0263349434058993,0.0426447724329814,0.00957415033914394,0.0530826926161542,0.0145447499327268,0.07410113114052,0.0236479496538545,0.0143022537294946,0.015215234431862,0.0367674507539593,0.080525433170548,0.0273044362263533,0.0399396075579518,0.022675424391199,0.0321869575088551,0.0113153460841934,0.0243267345435329,0.0605589090993666,0.0156477404865594,0.0514739440577387
"SPEECH_120",NA,NA,NA,NA,NA,NA,NA,NA,NA,NA,NA,NA,NA,NA,NA,NA,NA,NA,NA,NA,NA,NA,NA,NA,NA,NA,NA,NA,NA,NA,NA,NA,NA,NA,NA,NA,NA,NA,NA,NA,NA,NA,NA,NA,NA,NA,NA,NA,NA,NA,NA,NA,NA,NA,NA,NA,NA,NA,NA,NA,0.0332583655004164,0.0834193786909309,0.0122642422401422,0.0414655808154518,0.0367275278123146,0.0477504525510897,0.021347827281475,0.0214870203939906,0.0159967441377658,0.0101129990135287,0.0263349434058993,0.0426447724329814,0.00957415033914394,0.0530826926161542,0.0145447499327268,0.07410113114052,0.0236479496538545,0.0143022537294946,0.015215234431862,0.0367674507539593,0.080525433170548,0.0273044362263533,0.0399396075579518,0.022675424391199,0.0321869575088551,0.0113153460841934,0.0243267345435329,0.0605589090993666,0.0156477404865594,0.0514739440577387,0.0412619925388531,0.0393237707374658,0.0150762009558891,0.0339884272008942,0.0843763415286064,0.072976456582334,0.0239292785597283,0.0120944126741201,0.0421493501836101,0.0147953244369749,0.0220577024003503,0.0191025891859212,0.0274188103939029,0.0183366500538577,0.0207956169191434,0.0233850150778935,0.0200510036199981,0.0118676746177777,0.0260240102376647,0.0373125376815801,0.0537497682771435,0.0172410207560502,0.069282084788624,0.0561112734610018,0.0326174463181106,0.0181241726596906,0.0271845181914847,0.0461744077259836,0.0233873247641206,0.0498048174712247
"SPEECH_893",NA,NA,NA,NA,NA,NA,NA,NA,NA,NA,NA,NA,NA,NA,NA,NA,NA,NA,NA,NA,NA,NA,NA,NA,NA,NA,NA,NA,NA,NA,NA,NA,NA,NA,NA,NA,NA,NA,NA,NA,NA,NA,NA,NA,NA,NA,NA,NA,NA,NA,NA,NA,NA,NA,NA,NA,NA,NA,NA,NA,0.0502700698663385,0.0488597841750748,0.011404117553869,0.0628909012719628,0.016786660227734,0.0301065207652245,0.0204526482531035,0.017167296126765,0.0268020600876762,0.0266159532381883,0.081226560874932,0.0125341749307524,0.0123739793605289,0.0130006159103038,0.0133945407628531,0.0645434866360511,0.0267415614231371,0.0205571223213537,0.0209873694995082,0.0186623345129274,0.0480906080302513,0.099355213959753,0.0394301374631066,0.0436416697187887,0.0258161503741198,0.0193337146698003,0.0164747981405382,0.048418787892479,0.0260098758203473,0.0380512861325313,0.0187163498430066,0.0516438801849101,0.0120998124986336,0.0191475985463566,0.0416949774676347,0.0684718272828601,0.0333911661841807,0.0216330072728401,0.0468830293261273,0.0205065177469914,0.048349790359879,0.0221241516728898,0.0166825678782764,0.0314489273137448,0.0115784764459885,0.0569145730985422,0.0154200172245982,0.0284908664677284,0.0252470576435957,0.0470187973029778,0.0272283878373131,0.0391061192269851,0.0813747368442549,0.0180014067423169,0.0171158980261908,0.0792567867448489,0.0213832677724138,0.0379017318473512,0.0168938903428749,0.0242743828536882
"SPEECH_897",NA,NA,NA,NA,NA,NA,NA,NA,NA,NA,NA,NA,NA,NA,NA,NA,NA,NA,NA,NA,NA,NA,NA,NA,NA,NA,NA,NA,NA,NA,NA,NA,NA,NA,NA,NA,NA,NA,NA,NA,NA,NA,NA,NA,NA,NA,NA,NA,NA,NA,NA,NA,NA,NA,NA,NA,NA,NA,NA,NA,0.0502700698663385,0.0488597841750748,0.011404117553869,0.0628909012719628,0.016786660227734,0.0301065207652245,0.0204526482531035,0.017167296126765,0.0268020600876762,0.0266159532381883,0.081226560874932,0.0125341749307524,0.0123739793605289,0.0130006159103038,0.0133945407628531,0.0645434866360511,0.0267415614231371,0.0205571223213537,0.0209873694995082,0.0186623345129274,0.0480906080302513,0.099355213959753,0.0394301374631066,0.0436416697187887,0.0258161503741198,0.0193337146698003,0.0164747981405382,0.048418787892479,0.0260098758203473,0.0380512861325313,0.0187163498430066,0.0516438801849101,0.0120998124986336,0.0191475985463566,0.0416949774676347,0.0684718272828601,0.0333911661841807,0.0216330072728401,0.0468830293261273,0.0205065177469914,0.048349790359879,0.0221241516728898,0.0166825678782764,0.0314489273137448,0.0115784764459885,0.0569145730985422,0.0154200172245982,0.0284908664677284,0.0252470576435957,0.0470187973029778,0.0272283878373131,0.0391061192269851,0.0813747368442549,0.0180014067423169,0.0171158980261908,0.0792567867448489,0.0213832677724138,0.0379017318473512,0.0168938903428749,0.0242743828536882
"SPEECH_830",NA,NA,NA,NA,NA,NA,NA,NA,NA,NA,NA,NA,NA,NA,NA,NA,NA,NA,NA,NA,NA,NA,NA,NA,NA,NA,NA,NA,NA,NA,NA,NA,NA,NA,NA,NA,NA,NA,NA,NA,NA,NA,NA,NA,NA,NA,NA,NA,NA,NA,NA,NA,NA,NA,NA,NA,NA,NA,NA,NA,0.0170182702057069,0.0348990058568342,0.0141686481699768,0.0542420262798557,0.057843173402066,0.0406140709763519,0.017476379089769,0.0159636768751569,0.0733313763985875,0.0170432271946729,0.0184342458675819,0.0641229355798481,0.0244278066149659,0.0575894018999159,0.0109394927699651,0.0314857380306051,0.0159737880514257,0.0163875587999292,0.0140291999180401,0.0305190046278906,0.121404483664375,0.0154721523105395,0.010259571947859,0.0585383240656471,0.0223198592903596,0.0232815785714219,0.0167081297913686,0.0643996321625162,0.0268173928612775,0.0142898487254899,0.0320651508109198,0.052572469199294,0.0110104449082789,0.0231150964422805,0.0471315707386651,0.0605160814906248,0.0328053873734183,0.0234130259516864,0.0507348526532861,0.014893667904926,0.0271386019359479,0.0573900346911146,0.0257194224754979,0.0413777839299129,0.0157110975578837,0.0514806686621481,0.0253023912128221,0.0250726420161391,0.0152725626647055,0.0254599377526403,0.0396307212292559,0.0300190210947005,0.0681447370090665,0.0167576024523676,0.0202432739816902,0.0369809352568249,0.0262142946979404,0.0184944358095468,0.0286916444497873,0.0566404436466277
"SPEECH_39",NA,NA,NA,NA,NA,NA,NA,NA,NA,NA,NA,NA,NA,NA,NA,NA,NA,NA,NA,NA,NA,NA,NA,NA,NA,NA,NA,NA,NA,NA,NA,NA,NA,NA,NA,NA,NA,NA,NA,NA,NA,NA,NA,NA,NA,NA,NA,NA,NA,NA,NA,NA,NA,NA,NA,NA,NA,NA,NA,NA,0.0435381107848798,0.0473960050850295,0.0134716404687847,0.0169318624905554,0.0235370069124024,0.038019592549806,0.038376034077608,0.0167621802456172,0.0121077756765042,0.0130195531462971,0.0474894728100989,0.0969649782155988,0.0178270035758617,0.0222404546376788,0.0200598316084294,0.136703459287244,0.0638227396351194,0.0201884766243529,0.0457166524641067,0.017229411924285,0.0107670647390096,0.0112903440155141,0.0138364744835564,0.0211047438942618,0.0244300650543233,0.0132870576070941,0.0173954296403662,0.0238539742423174,0.0643836658145849,0.0482489382887119,0.0333479195408426,0.0780701423404939,0.0198994222359354,0.037742647444417,0.049777698293564,0.0293345264992632,0.0316829823633562,0.0167494452133461,0.0391561445380826,0.0174600575700534,0.0248749703985577,0.0289224953819166,0.0341547004939119,0.0269072041161694,0.0153433503807254,0.0399819207343512,0.0493499279401329,0.0142715340435913,0.0241427866121366,0.0502806732497765,0.0427019732006293,0.0268536546591136,0.0316621794048933,0.0164515900499168,0.0230696560615353,0.0529245309573269,0.0412883163806261,0.0331987416118935,0.0258180107807672,0.0445807975026742
"SPEECH_1236",NA,NA,NA,NA,NA,NA,NA,NA,NA,NA,NA,NA,NA,NA,NA,NA,NA,NA,NA,NA,NA,NA,NA,NA,NA,NA,NA,NA,NA,NA,NA,NA,NA,NA,NA,NA,NA,NA,NA,NA,NA,NA,NA,NA,NA,NA,NA,NA,NA,NA,NA,NA,NA,NA,NA,NA,NA,NA,NA,NA,0.0198894684128817,0.0729827693777382,0.0114316727641522,0.0149901968222646,0.068709016534076,0.0420385397777942,0.0389357284621952,0.0164245007816951,0.0338851294603021,0.0192822994802407,0.0271599670280688,0.0413345659102248,0.0246666097645668,0.0940483256658143,0.0129928703991018,0.0251784753270908,0.0691794457153763,0.0200999896448212,0.0423880407799151,0.0321553183819756,0.0419760262058104,0.0196993758785025,0.016417224373748,0.0124529954682828,0.023427977601457,0.0420035126217977,0.0636188415738995,0.0124225203845366,0.0225424292658317,0.0176661661358386,0.0501590355414954,0.0616935171955516,0.017942992115698,0.0115348291404295,0.0433254956961151,0.0445842039053007,0.0311734231030663,0.0203785490216706,0.0453411305896701,0.0219580208044828,0.0234895995647966,0.0544783812860976,0.0145937007751952,0.0443857264498773,0.0126112343957379,0.0645222746521618,0.032197872996539,0.020494132126686,0.0457064945868138,0.028774358278281,0.0342446848121586,0.0174503115041619,0.0351552995821784,0.0215647400958046,0.0359448950036281,0.0272039831725877,0.0611122096739412,0.0242698728976369,0.025508735618314,0.0282002954139223
"SPEECH_1206",NA,NA,NA,NA,NA,NA,NA,NA,NA,NA,NA,NA,NA,NA,NA,NA,NA,NA,NA,NA,NA,NA,NA,NA,NA,NA,NA,NA,NA,NA,NA,NA,NA,NA,NA,NA,NA,NA,NA,NA,NA,NA,NA,NA,NA,NA,NA,NA,NA,NA,NA,NA,NA,NA,NA,NA,NA,NA,NA,NA,0.0220616318570983,0.0584322876145255,0.0113918413013802,0.0283746088409942,0.0686503100881039,0.0163770926272714,0.0318966101956674,0.0174477719385696,0.0280257643374025,0.0180539720530327,0.0294237137932923,0.0402970959586424,0.0108785111082867,0.0453856276300974,0.0157875737465005,0.053877079934897,0.051614320425367,0.0205453609524569,0.0157525402513103,0.0555944218250118,0.0289280180102898,0.0193528920210776,0.0169808218603058,0.0271931947952892,0.0642440671082134,0.063462958670392,0.0331884654068114,0.0249679212250793,0.0272603804965521,0.0545531439260813,0.0204804638743821,0.0363019739752177,0.0257345205388818,0.0418694487936734,0.064017374053966,0.0378153763128768,0.0295852030397701,0.0173050022270323,0.0368009765594343,0.0137813932969815,0.0705376439940189,0.0250587328769336,0.0394723287517304,0.0332960121208306,0.0133987131484238,0.0599047341915698,0.0286182156798819,0.0215625475153425,0.0368633644353036,0.0448351066982974,0.0275379954246339,0.0232788670585955,0.0362819883435801,0.0312949631613348,0.0205299066716685,0.0487210700168196,0.0261703253397041,0.0288349379423272,0.0247268542230366,0.0353839597337512
"SPEECH_47",NA,NA,NA,NA,NA,NA,NA,NA,NA,NA,NA,NA,NA,NA,NA,NA,NA,NA,NA,NA,NA,NA,NA,NA,NA,NA,NA,NA,NA,NA,NA,NA,NA,NA,NA,NA,NA,NA,NA,NA,NA,NA,NA,NA,NA,NA,NA,NA,NA,NA,NA,NA,NA,NA,NA,NA,NA,NA,NA,NA,0.0849611569164681,0.0395693180286119,0.00910814113379731,0.039185475234137,0.0419983097603264,0.0437589350894281,0.0318842280747578,0.0142991406171762,0.0199856433064095,0.0230413517890985,0.0396961109757342,0.0159157432014278,0.0346705035282446,0.0412239954475416,0.0149973869371223,0.0398374318656029,0.0262655241449732,0.0146903050482703,0.0148312497829057,0.019790913817434,0.0342290881356601,0.0480734353331087,0.0115482776577823,0.0618127412406671,0.0243820897740283,0.0318466173675582,0.030833544289375,0.0647999361770273,0.0549256740862989,0.0278377312390268,0.0239519318703526,0.0678328420026669,0.016218882830867,0.0367161388392855,0.0453522133426904,0.0827388750243077,0.0172463256862661,0.0232098457489347,0.0315966783983107,0.0255513476961759,0.0375116243971403,0.0108513858687429,0.0259399684506888,0.0835505520141901,0.0305787888216169,0.0474403971029437,0.0113712120906506,0.0227565376125593,0.0168540381626513,0.0141521962418492,0.0409165999044316,0.0279147584603064,0.0475433333216779,0.0208825742237032,0.0278600775481437,0.0629831439049576,0.044473312156213,0.0243884098846773,0.0117376135921039,0.0198783948008948
"SPEECH_774",NA,NA,NA,NA,NA,NA,NA,NA,NA,NA,NA,NA,NA,NA,NA,NA,NA,NA,NA,NA,NA,NA,NA,NA,NA,NA,NA,NA,NA,NA,NA,NA,NA,NA,NA,NA,NA,NA,NA,NA,NA,NA,NA,NA,NA,NA,NA,NA,NA,NA,NA,NA,NA,NA,NA,NA,NA,NA,NA,NA,0.0362424151199625,0.035205330767866,0.017708834923678,0.0373865867525313,0.0237989460939369,0.0408989175414341,0.0463130111114293,0.0197613384333153,0.0699289858940961,0.0207196146170474,0.0412631513295013,0.0259302242777252,0.0110532036257517,0.135965447236608,0.0170740509020154,0.0693617860220398,0.0262030111366834,0.0161256147901978,0.0112594452713977,0.0212904874071145,0.0127842828550836,0.0186447394350029,0.0113492272689701,0.0205922331950354,0.0427633627714159,0.0442278306163035,0.0252577988742355,0.0503606002009769,0.0351356102432178,0.0153939112854263,0.023274955687788,0.0756130710953154,0.0125989702016416,0.0173873290377931,0.0788328896381685,0.0326660166937416,0.0282861130501482,0.0121932579822871,0.0343719540011014,0.0169845401042986,0.0561972651063658,0.0231861752254573,0.0638680337582414,0.0228611049793117,0.01121052358719,0.0591455991226283,0.0320907224439656,0.0127039756840299,0.0433911955473012,0.0297797554661031,0.0323780628785453,0.0659055630548385,0.0139099676869306,0.0147378428433835,0.0261254228845517,0.0407811585160651,0.0222273186821812,0.0188934671734954,0.0208464339133414,0.05755131395379
"SPEECH_1279",NA,NA,NA,NA,NA,NA,NA,NA,NA,NA,NA,NA,NA,NA,NA,NA,NA,NA,NA,NA,NA,NA,NA,NA,NA,NA,NA,NA,NA,NA,NA,NA,NA,NA,NA,NA,NA,NA,NA,NA,NA,NA,NA,NA,NA,NA,NA,NA,NA,NA,NA,NA,NA,NA,NA,NA,NA,NA,NA,NA,0.0382111302441962,0.0227504954637605,0.0161432084502064,0.0823675457948956,0.0666521889136646,0.0459689041546421,0.043231978219705,0.0190041000640813,0.0148553667485105,0.0147541951071636,0.0480878896050935,0.0235118076361925,0.0225453823010812,0.0731219189746529,0.0185960758371725,0.0352351779465931,0.0666460591851281,0.0168668204005034,0.0231163275694742,0.017068395378331,0.0134076483884812,0.016873428693914,0.0158508464845438,0.0548926761055288,0.0254518910762014,0.0579233941819619,0.0320472503299973,0.0209032605110478,0.033141527648886,0.0207731085843897,0.0424166262202337,0.0681622025388486,0.01686730722799,0.0416516249254832,0.050695172816484,0.0335038473611339,0.0477228335427612,0.0133180329289306,0.0495863753339127,0.025714415196085,0.0287578981795298,0.0419218567394427,0.0171241810961586,0.0601438414015491,0.0120847140514615,0.0542483277490503,0.0207340132618391,0.0186892959242614,0.0178698891461087,0.0261984659732577,0.0357482035703163,0.0388568326417018,0.0470450324626874,0.0182047446928776,0.0189929830856592,0.0318258266641613,0.0271553181073347,0.040917376001459,0.0144657851365636,0.0393769760227171
"SPEECH_118",NA,NA,NA,NA,NA,NA,NA,NA,NA,NA,NA,NA,NA,NA,NA,NA,NA,NA,NA,NA,NA,NA,NA,NA,NA,NA,NA,NA,NA,NA,NA,NA,NA,NA,NA,NA,NA,NA,NA,NA,NA,NA,NA,NA,NA,NA,NA,NA,NA,NA,NA,NA,NA,NA,NA,NA,NA,NA,NA,NA,0.0288555348265263,0.0492931020062972,0.0131780094877587,0.0287691863307087,0.0318764226604683,0.0254353393685798,0.0294223830567033,0.0149468321677853,0.0137089484122679,0.0173086059675777,0.0579603923481113,0.020450529530767,0.0117053706300063,0.0458595288953654,0.0163846015412726,0.0852426025474856,0.0746183172798131,0.0276409899609312,0.0760903225909834,0.01520892021884,0.0300085714658546,0.0423856080504315,0.0249014678053819,0.0178110361755459,0.0571515395031428,0.0312455908503285,0.0143896164981638,0.0315731238405449,0.024997109765394,0.0415803962169631,0.0486923102782695,0.0468406483021963,0.00807487480009684,0.0197911496034938,0.0677082777461678,0.0344006852667195,0.0577850784989197,0.0105562409847328,0.0162531158542775,0.0230227940306464,0.0268250270452482,0.0227377249355764,0.0632682216983956,0.0178823101315733,0.0199952335509424,0.0368715369691853,0.0398540944807123,0.0218840441567868,0.0375931626002432,0.0255291613261733,0.0192682127107275,0.0173611092006559,0.0237699012751166,0.00692990691777653,0.0472504086378439,0.0815121318166412,0.0144999955755027,0.0662701995487013,0.0619582984139989,0.0156141436426787
"SPEECH_804",NA,NA,NA,NA,NA,NA,NA,NA,NA,NA,NA,NA,NA,NA,NA,NA,NA,NA,NA,NA,NA,NA,NA,NA,NA,NA,NA,NA,NA,NA,NA,NA,NA,NA,NA,NA,NA,NA,NA,NA,NA,NA,NA,NA,NA,NA,NA,NA,NA,NA,NA,NA,NA,NA,NA,NA,NA,NA,NA,NA,0.0414336045446383,0.04330802699855,0.0149453829604412,0.0316117453797626,0.0301273972408114,0.0374396905018603,0.0487999046265519,0.0237046689207224,0.0202138987980518,0.0332066842239042,0.0230664002192263,0.0234314893101498,0.0137861735379437,0.0762365250610493,0.0108680097881376,0.0557282936371685,0.0155517511192593,0.0223749576780231,0.0293384909747334,0.0205905775595765,0.0397182406478547,0.0770722593222022,0.0821877361111057,0.0216697124732681,0.0320353594115286,0.0284982733701131,0.023678415008379,0.0213112239074645,0.0255192001775288,0.0325459064899939,0.0391492193591357,0.0464938671798071,0.0170647584434124,0.0298397229107326,0.0235351019153328,0.0416897461409378,0.0207763902022137,0.0272380998142157,0.011457379189962,0.0205494813206894,0.0220418892455888,0.0165678802809685,0.0235120416605671,0.0520266694123804,0.0211954021268339,0.0776354696301923,0.0167341041657743,0.0186225921933936,0.0170403732894874,0.0153630949782503,0.0170356626050899,0.0465760190732601,0.0405391962917693,0.0308581050254867,0.0189512873843685,0.0700889580702121,0.114006048433209,0.0188098281259547,0.0141285921519523,0.0704730193788217
"SPEECH_819",NA,NA,NA,NA,NA,NA,NA,NA,NA,NA,NA,NA,NA,NA,NA,NA,NA,NA,NA,NA,NA,NA,NA,NA,NA,NA,NA,NA,NA,NA,NA,NA,NA,NA,NA,NA,NA,NA,NA,NA,NA,NA,NA,NA,NA,NA,NA,NA,NA,NA,NA,NA,NA,NA,NA,NA,NA,NA,NA,NA,0.0574980939502348,0.0404280363477135,0.0153588289369485,0.0594041909223244,0.0601584348798793,0.0142377433473645,0.0131554564857643,0.00996653148206055,0.0707394124152079,0.0127934465999376,0.011012575107778,0.0149686065237757,0.00884195819608788,0.0176499304288867,0.0562893885422016,0.0580343074995264,0.0407087727198844,0.0185831945687054,0.0312521653884427,0.0186511753060061,0.0193001721322724,0.0411271773135208,0.0561458717254179,0.0507244285045207,0.0126024351306153,0.0563690023206393,0.0293995074193802,0.0275934505859608,0.0588799713720857,0.0181257338468565,0.0387159078991485,0.0300546720397759,0.0145656789141336,0.0970729442588661,0.0554932750389723,0.0448876523254356,0.0349999787366271,0.017638914861521,0.0258671740403712,0.0182446661633837,0.0215107440750322,0.0544550975790763,0.0172032606320994,0.0567112256020925,0.0366713695577151,0.0446459379557264,0.0180813104941844,0.0222547152859225,0.0339050615801543,0.0291168004214514,0.0206164476528174,0.0166398587937918,0.0259887616286271,0.0451623083706679,0.0202922456600145,0.0352095718089189,0.0592724862840939,0.0161973619735559,0.0243507688004967,0.0241738015653263
"SPEECH_41",NA,NA,NA,NA,NA,NA,NA,NA,NA,NA,NA,NA,NA,NA,NA,NA,NA,NA,NA,NA,NA,NA,NA,NA,NA,NA,NA,NA,NA,NA,NA,NA,NA,NA,NA,NA,NA,NA,NA,NA,NA,NA,NA,NA,NA,NA,NA,NA,NA,NA,NA,NA,NA,NA,NA,NA,NA,NA,NA,NA,0.0304896032487069,0.0537700265291302,0.0267747839876691,0.0127591777451721,0.022855438471685,0.0260833963214916,0.0341921953966772,0.0247773183347413,0.0656258799816223,0.0275951121189216,0.0265591421753887,0.0171109184414507,0.0229521438204912,0.0316011589821114,0.0320657892786744,0.031698975886651,0.0355538511700977,0.0236435314866687,0.0258677545092111,0.0116687415707024,0.0203066411749885,0.0156747884338921,0.0318168007943918,0.0226175655447364,0.033199576126747,0.0173699109273339,0.130186148533487,0.101675855527396,0.0262567990159027,0.0172509744638596,0.0331127142957116,0.0355080561281399,0.0162484494228316,0.0437282349012249,0.0546451743083648,0.0239727602716036,0.0227923690436717,0.00960432862684423,0.0717684207240353,0.0156353878993306,0.0159607459266795,0.0157555542275175,0.0193061625396608,0.0280310893595872,0.0178164852930467,0.042763782281261,0.0542966522943248,0.0128782303695949,0.0783067130520982,0.0238170441701939,0.0207236421630534,0.0411325988716381,0.0369727104268338,0.0424466961056384,0.0468568601202032,0.0621555828929987,0.032958318344327,0.0351478131479467,0.0244226185180574,0.0212348042735807
"SPEECH_870",NA,NA,NA,NA,NA,NA,NA,NA,NA,NA,NA,NA,NA,NA,NA,NA,NA,NA,NA,NA,NA,NA,NA,NA,NA,NA,NA,NA,NA,NA,NA,NA,NA,NA,NA,NA,NA,NA,NA,NA,NA,NA,NA,NA,NA,NA,NA,NA,NA,NA,NA,NA,NA,NA,NA,NA,NA,NA,NA,NA,0.0550988508930821,0.0560183522175165,0.00787613851987976,0.0331692283429016,0.0279937683264571,0.0278873314681397,0.0195973977058648,0.0154560601467471,0.0154676348102814,0.0152091561979591,0.0590965757758425,0.0752744125738781,0.0129194718494303,0.0349982311874178,0.0107003727571978,0.109569271690278,0.0250137459187701,0.0273842647702567,0.0505351182258289,0.0268391763996123,0.0218426055946682,0.0233834469042917,0.0296463850250824,0.0241253605109139,0.0214048311517585,0.0254656734466636,0.0551496055312522,0.0318693603427056,0.0282229215322343,0.0327852501830884,0.0298947040948186,0.0386885271528537,0.0158678220775593,0.0568677602112098,0.0212712107093137,0.0368650577700112,0.0341021586818889,0.0208941880386275,0.021075406123011,0.0363666905838149,0.032652521937415,0.0683797231116128,0.0135774598663637,0.08810757127248,0.0141798565562379,0.0494096278684302,0.0363878543358351,0.017985998270016,0.0187013814212515,0.0159096784181287,0.0480281793172386,0.0353322497209786,0.0230666360767481,0.0392552143050753,0.0420037027032587,0.0364986997365355,0.0468964478853848,0.0229658910871849,0.0268482678488529,0.0119195128178632
"SPEECH_826",NA,NA,NA,NA,NA,NA,NA,NA,NA,NA,NA,NA,NA,NA,NA,NA,NA,NA,NA,NA,NA,NA,NA,NA,NA,NA,NA,NA,NA,NA,NA,NA,NA,NA,NA,NA,NA,NA,NA,NA,NA,NA,NA,NA,NA,NA,NA,NA,NA,NA,NA,NA,NA,NA,NA,NA,NA,NA,NA,NA,0.046496586492425,0.0264829473529959,0.0116316340797869,0.0571554039796268,0.0494729509847736,0.0349081660918002,0.0567264686695552,0.0172396498037659,0.0192676359140696,0.0148223464518195,0.091997458423474,0.057413773163405,0.0145780633410906,0.0490926895263848,0.0113157790331834,0.0647112786424066,0.0215627985028633,0.0196329197413961,0.0155151693133749,0.0267489291240854,0.0270995048925738,0.0267883063217335,0.00901637711844728,0.049514005320007,0.0319927765340246,0.0257397680915028,0.0289922456395352,0.0307535274126365,0.0283712346927278,0.0349596053445289,0.0191895656070853,0.0345044662138724,0.0140574667284495,0.103227515449656,0.0351903888499008,0.0505910732099252,0.0226152175046255,0.0169704127835273,0.0391897225301843,0.0161001454328379,0.0218233054358153,0.0195102434968439,0.0170108039325383,0.0557173811546436,0.0147682310216145,0.0702977025534312,0.0207420715045729,0.0228365166854412,0.012504500656243,0.0232031406856949,0.075204349955169,0.0185032523236161,0.0155435076390527,0.0864244713488556,0.0368930274576146,0.0345531316552541,0.0313099010847435,0.0272791174082148,0.0137711853586639,0.0304681843319128
"SPEECH_849",NA,NA,NA,NA,NA,NA,NA,NA,NA,NA,NA,NA,NA,NA,NA,NA,NA,NA,NA,NA,NA,NA,NA,NA,NA,NA,NA,NA,NA,NA,NA,NA,NA,NA,NA,NA,NA,NA,NA,NA,NA,NA,NA,NA,NA,NA,NA,NA,NA,NA,NA,NA,NA,NA,NA,NA,NA,NA,NA,NA,0.046496586492425,0.0264829473529959,0.0116316340797869,0.0571554039796268,0.0494729509847736,0.0349081660918002,0.0567264686695552,0.0172396498037659,0.0192676359140696,0.0148223464518195,0.091997458423474,0.057413773163405,0.0145780633410906,0.0490926895263848,0.0113157790331834,0.0647112786424066,0.0215627985028633,0.0196329197413961,0.0155151693133749,0.0267489291240854,0.0270995048925738,0.0267883063217335,0.00901637711844728,0.049514005320007,0.0319927765340246,0.0257397680915028,0.0289922456395352,0.0307535274126365,0.0283712346927278,0.0349596053445289,0.0191895656070853,0.0345044662138724,0.0140574667284495,0.103227515449656,0.0351903888499008,0.0505910732099252,0.0226152175046255,0.0169704127835273,0.0391897225301843,0.0161001454328379,0.0218233054358153,0.0195102434968439,0.0170108039325383,0.0557173811546436,0.0147682310216145,0.0702977025534312,0.0207420715045729,0.0228365166854412,0.012504500656243,0.0232031406856949,0.075204349955169,0.0185032523236161,0.0155435076390527,0.0864244713488556,0.0368930274576146,0.0345531316552541,0.0313099010847435,0.0272791174082148,0.0137711853586639,0.0304681843319128
"SPEECH_78",NA,NA,NA,NA,NA,NA,NA,NA,NA,NA,NA,NA,NA,NA,NA,NA,NA,NA,NA,NA,NA,NA,NA,NA,NA,NA,NA,NA,NA,NA,NA,NA,NA,NA,NA,NA,NA,NA,NA,NA,NA,NA,NA,NA,NA,NA,NA,NA,NA,NA,NA,NA,NA,NA,NA,NA,NA,NA,NA,NA,0.0282359195034017,0.0410490947088614,0.0129128382817455,0.0352621684996717,0.0530264744532332,0.0496322994569442,0.0407588424600391,0.014470410832088,0.0285199019408396,0.0137342037426205,0.0820778971811314,0.0642542496903842,0.0139973917039096,0.0407362797619259,0.03271372271954,0.0414030346740696,0.0198238230425519,0.0246271507410001,0.0209999082199199,0.0139787677100365,0.0436553437788034,0.0207906707362808,0.0384779162517778,0.0262120594258274,0.0357193139258369,0.0297351067182075,0.0406135071417665,0.0211172857077849,0.0435017786954286,0.027962638294372,0.0383649677257812,0.0403519208522859,0.020085172146313,0.0533640660493336,0.0254538576208815,0.0588088483670834,0.0430628830405689,0.0209040982627428,0.0226122068285938,0.0251900705667958,0.0377152412098002,0.0481127175543316,0.0159566168768623,0.0305456474216256,0.0235622384051805,0.0301618349729168,0.0312315263978194,0.0154695477029031,0.00993928695096634,0.017808467497288,0.0782091357071805,0.0217792101710587,0.0300447112167526,0.0248930217612104,0.053068249223397,0.0483805854425564,0.0642816853846652,0.0243228090898011,0.0172782023672458,0.0290411731860586
"SPEECH_857",NA,NA,NA,NA,NA,NA,NA,NA,NA,NA,NA,NA,NA,NA,NA,NA,NA,NA,NA,NA,NA,NA,NA,NA,NA,NA,NA,NA,NA,NA,NA,NA,NA,NA,NA,NA,NA,NA,NA,NA,NA,NA,NA,NA,NA,NA,NA,NA,NA,NA,NA,NA,NA,NA,NA,NA,NA,NA,NA,NA,0.0282359195034017,0.0410490947088614,0.0129128382817455,0.0352621684996717,0.0530264744532332,0.0496322994569442,0.0407588424600391,0.014470410832088,0.0285199019408396,0.0137342037426205,0.0820778971811314,0.0642542496903842,0.0139973917039096,0.0407362797619259,0.03271372271954,0.0414030346740696,0.0198238230425519,0.0246271507410001,0.0209999082199199,0.0139787677100365,0.0436553437788034,0.0207906707362808,0.0384779162517778,0.0262120594258274,0.0357193139258369,0.0297351067182075,0.0406135071417665,0.0211172857077849,0.0435017786954286,0.027962638294372,0.0383649677257812,0.0403519208522859,0.020085172146313,0.0533640660493336,0.0254538576208815,0.0588088483670834,0.0430628830405689,0.0209040982627428,0.0226122068285938,0.0251900705667958,0.0377152412098002,0.0481127175543316,0.0159566168768623,0.0305456474216256,0.0235622384051805,0.0301618349729168,0.0312315263978194,0.0154695477029031,0.00993928695096634,0.017808467497288,0.0782091357071805,0.0217792101710587,0.0300447112167526,0.0248930217612104,0.053068249223397,0.0483805854425564,0.0642816853846652,0.0243228090898011,0.0172782023672458,0.0290411731860586
"SPEECH_117",NA,NA,NA,NA,NA,NA,NA,NA,NA,NA,NA,NA,NA,NA,NA,NA,NA,NA,NA,NA,NA,NA,NA,NA,NA,NA,NA,NA,NA,NA,NA,NA,NA,NA,NA,NA,NA,NA,NA,NA,NA,NA,NA,NA,NA,NA,NA,NA,NA,NA,NA,NA,NA,NA,NA,NA,NA,NA,NA,NA,0.0338162026043025,0.0685965333288503,0.0220925248381987,0.0370169058395181,0.0383644153840269,0.0488909405810192,0.024364026753254,0.014067357224758,0.043184526591113,0.0104147269521941,0.022940592031947,0.0180976816999292,0.0194158410610838,0.0108373381429788,0.021252611230935,0.0444075622955241,0.034103837373131,0.0158859743217449,0.0126073696691529,0.0279051386806385,0.127482037782296,0.0145284513988725,0.0104869128464413,0.0165275749578357,0.0365800004323116,0.0515487247171453,0.0136074251987801,0.0883924658402128,0.061149914749256,0.0114343854725489,0.0303030180035252,0.0291862034021822,0.0179317041072111,0.0229740068887719,0.0605257522230249,0.034811114611123,0.0225825505085736,0.0112601791218738,0.0119950132254413,0.0244159840458931,0.0333109204768289,0.031457325673105,0.0249184806697561,0.0291758996823098,0.0143671376978969,0.037363443566974,0.0578829681023267,0.0360981642066422,0.0202078649503659,0.0297021689763765,0.110606329417172,0.0404885810600468,0.0325297663588221,0.013869773773845,0.0590228020081131,0.0338572003451361,0.0250942646003974,0.0326619050479295,0.0358120616810415,0.0355874155672946
"SPEECH_67",NA,NA,NA,NA,NA,NA,NA,NA,NA,NA,NA,NA,NA,NA,NA,NA,NA,NA,NA,NA,NA,NA,NA,NA,NA,NA,NA,NA,NA,NA,NA,NA,NA,NA,NA,NA,NA,NA,NA,NA,NA,NA,NA,NA,NA,NA,NA,NA,NA,NA,NA,NA,NA,NA,NA,NA,NA,NA,NA,NA,0.0256193458598439,0.0442820865381356,0.0124720161511022,0.0315292419547059,0.0630516439661413,0.0302993624482078,0.0255154504049507,0.0126613078270453,0.0258693870078923,0.0202090064459027,0.0378463924005866,0.0424634857816897,0.00845448264472369,0.058579042840767,0.0205883835289056,0.0478930294979779,0.0493631612571299,0.0164512125745265,0.0234419622991928,0.0337258894741402,0.109508494070978,0.0276665149519229,0.0268441339907809,0.0188404780129791,0.0188692388394877,0.0422057616724329,0.0226177442828923,0.0410452438312577,0.0361936274421402,0.0258928720015603,0.031153389388542,0.0386885151864414,0.0118362340446113,0.0142974139323048,0.0388666441303568,0.0225858511082828,0.0302708420536371,0.0152608190146202,0.0658550013666501,0.0185511461847575,0.0399937085708836,0.0677888160398221,0.0160302438841091,0.0505739085585667,0.0168844659331895,0.0600986137314841,0.0214365092591492,0.0236506057245733,0.034860211177455,0.020975418776149,0.0713489257132468,0.0199524973346397,0.0184106535097765,0.0162734854591773,0.015031033643724,0.03945995261888,0.0222752137696412,0.0436715451793275,0.0647003097793625,0.0492180249266391
"SPEECH_1015",NA,NA,NA,NA,NA,NA,NA,NA,NA,NA,NA,NA,NA,NA,NA,NA,NA,NA,NA,NA,NA,NA,NA,NA,NA,NA,NA,NA,NA,NA,NA,NA,NA,NA,NA,NA,NA,NA,NA,NA,NA,NA,NA,NA,NA,NA,NA,NA,NA,NA,NA,NA,NA,NA,NA,NA,NA,NA,NA,NA,0.0367517569769558,0.0303042521556917,0.0122667135656979,0.0403923851007624,0.0687390909253706,0.0298196822073383,0.0806902313216455,0.0161764905204064,0.0210633814396352,0.0263148227988797,0.0262013109958301,0.0502487191435943,0.0203314006285261,0.0685064605932773,0.0284978018287039,0.0401937431896093,0.0357127070549286,0.0138650632087708,0.0358362010551473,0.0351452360687718,0.0394362092452798,0.0229808215090294,0.0330267690026648,0.0139425631881245,0.0251309372623842,0.0290576829379189,0.0125802104800295,0.0290663090738378,0.0412517829402136,0.0364692635809746,0.03535194751687,0.0515968683573315,0.0277602428084488,0.0191818403939966,0.0215744360193776,0.0287778892578837,0.0325216659184873,0.0216246492146693,0.0139789077718963,0.0220652840648523,0.0701059121228965,0.0866670822547452,0.015204605578249,0.102330822674063,0.00943153769503881,0.0696635178589213,0.0208000507380667,0.0134163620635947,0.0117621204854816,0.0329339461251878,0.0150034723273889,0.072916231937296,0.0111804037365138,0.00711184852290224,0.0328458758470339,0.0182461540416237,0.0376860183791788,0.0183707092508527,0.0144416053112929,0.0654479917258585
"SPEECH_1149",NA,NA,NA,NA,NA,NA,NA,NA,NA,NA,NA,NA,NA,NA,NA,NA,NA,NA,NA,NA,NA,NA,NA,NA,NA,NA,NA,NA,NA,NA,NA,NA,NA,NA,NA,NA,NA,NA,NA,NA,NA,NA,NA,NA,NA,NA,NA,NA,NA,NA,NA,NA,NA,NA,NA,NA,NA,NA,NA,NA,0.0570298603068796,0.0620951064603622,0.0100876499162696,0.0304141185109533,0.0189785027130584,0.033695177215206,0.059487248142211,0.0107137163765001,0.0218688112357764,0.0161455550163732,0.0402124751457612,0.0867111122846033,0.0131287953696936,0.0263547942563458,0.014525569969571,0.0686630012386786,0.0325661574248383,0.0129261875182175,0.0268979341798258,0.0253610570537969,0.0474212438928573,0.0437270588102162,0.0255311407543787,0.0356754776385391,0.0459995224033758,0.0497445951061663,0.0182552982955232,0.0226541704248544,0.0198809969135492,0.0232476654256178,0.061501815973371,0.0519760572326854,0.0133962040393302,0.0222675417650351,0.028912682039707,0.0280841092966316,0.0334448067503502,0.0097463313217018,0.021922767486363,0.0357911485263516,0.0664903363353202,0.0235359033739629,0.0176345763354855,0.0281906145545614,0.0156265876168976,0.110698929944762,0.0463216073823513,0.0177461678005884,0.0366973682504068,0.020767915866639,0.013116611454436,0.0713106357367835,0.0328195219568387,0.0144568383446773,0.0164278620326542,0.025323591204381,0.0169111920607922,0.0407773985990697,0.050663972536208,0.0274389041816577
"SPEECH_1019",NA,NA,NA,NA,NA,NA,NA,NA,NA,NA,NA,NA,NA,NA,NA,NA,NA,NA,NA,NA,NA,NA,NA,NA,NA,NA,NA,NA,NA,NA,NA,NA,NA,NA,NA,NA,NA,NA,NA,NA,NA,NA,NA,NA,NA,NA,NA,NA,NA,NA,NA,NA,NA,NA,NA,NA,NA,NA,NA,NA,0.0425651824561359,0.0239464516405552,0.0109320471237042,0.0449041714038407,0.0489772657880296,0.0380478047929319,0.0688777034309758,0.0119406961608646,0.0624639635542467,0.0207741358032849,0.0264268077503631,0.054339838455213,0.0136256980816949,0.0389169916842579,0.0678143618050306,0.036694602069208,0.0266915934122209,0.0175080589905928,0.0235415690190002,0.031043396254376,0.0218631015185758,0.0285464432512904,0.0240623458009607,0.0160011986552687,0.0294277046924108,0.0402501750270716,0.00898829072630138,0.0509570896506568,0.0470644838880086,0.0228068271129285,0.0288748963928004,0.0250303800564455,0.0161819575993756,0.0191270189832486,0.0665868801881375,0.0181330143971181,0.0179221559399775,0.0141847759929319,0.12994238510224,0.0310223064143236,0.0354246889525965,0.0166612065972422,0.0174521628191374,0.0204313739323198,0.0197627501454792,0.0532936520828463,0.0549719069746949,0.0137236016586267,0.0657639392747769,0.0234134996898192,0.0514192924085305,0.0224762542385803,0.0305156446548777,0.0205285441067733,0.0148271069669315,0.0553655640355535,0.0200589873808157,0.0365652586345276,0.0179559714926441,0.0423828228866279
"SPEECH_966",NA,NA,NA,NA,NA,NA,NA,NA,NA,NA,NA,NA,NA,NA,NA,NA,NA,NA,NA,NA,NA,NA,NA,NA,NA,NA,NA,NA,NA,NA,NA,NA,NA,NA,NA,NA,NA,NA,NA,NA,NA,NA,NA,NA,NA,NA,NA,NA,NA,NA,NA,NA,NA,NA,NA,NA,NA,NA,NA,NA,0.0297247066518494,0.042330170010845,0.0197258402824542,0.0362011925950229,0.0835465649255298,0.0270721499955839,0.0315658349317851,0.012188010076917,0.0190930820659875,0.0169750375203231,0.0406611343678325,0.0335374491074793,0.0268849835406666,0.020872755241848,0.0382505218010041,0.063716462101355,0.0799321220539383,0.0197821974675067,0.0316693485598443,0.0219332021681783,0.0591869329778792,0.0200996005393305,0.0250720826971631,0.0183010116970895,0.0442566828347515,0.0155244168712756,0.0555552991726243,0.0226774689551861,0.0190171011634113,0.0246466376253379,0.0281362805110632,0.0354740087445871,0.0182759825529064,0.0199166337921291,0.0412468293380219,0.0375136810931367,0.0209967146297983,0.0177201013139538,0.112467495347933,0.0204955076981659,0.0151577323256915,0.0612353990107872,0.0141086815714131,0.0266771691278204,0.0419777884280404,0.0361957035744105,0.0190373510335945,0.0190525234411831,0.0207456513993098,0.024078571984167,0.120193271814278,0.02207969901991,0.0210775197963771,0.0145192513101961,0.0235777333713464,0.0468743217132436,0.0325017122925391,0.0411618939825212,0.0269093724613012,0.0205954173201743
"SPEECH_1077",NA,NA,NA,NA,NA,NA,NA,NA,NA,NA,NA,NA,NA,NA,NA,NA,NA,NA,NA,NA,NA,NA,NA,NA,NA,NA,NA,NA,NA,NA,NA,NA,NA,NA,NA,NA,NA,NA,NA,NA,NA,NA,NA,NA,NA,NA,NA,NA,NA,NA,NA,NA,NA,NA,NA,NA,NA,NA,NA,NA,0.0756721543832701,0.0346079619773639,0.015628966496319,0.0192082734139491,0.0229792147553327,0.0294132234319126,0.0451894620134997,0.014877619055212,0.050879217238469,0.0390390238047424,0.0244609105412798,0.0483146226330574,0.00924797826004579,0.0301229181118586,0.04136905453872,0.0436184775027532,0.0206706903816645,0.0212516780834216,0.0211223769152547,0.0111126960246249,0.0460497626332521,0.0879005674661697,0.0389794094379109,0.0165905024894219,0.010643426630659,0.0687193350591143,0.0340109410406359,0.0309925370941213,0.0203905375630206,0.0269364610229432,0.0446692371719385,0.0513365988794208,0.0153648257848328,0.0145173563800732,0.0518342379276698,0.0361151742146832,0.0172752341075373,0.0148142663605127,0.0320786678272855,0.0229943723347656,0.0308168419265174,0.0445154809175086,0.0133664080570659,0.0751361313096578,0.0206136194666094,0.0763925697396912,0.0170184700871317,0.0142676917454139,0.0228994991886475,0.0206209067621886,0.0935856983012091,0.0432038600144815,0.0418699604943376,0.0293602906099077,0.0128803980109696,0.0560429483504394,0.0280997748118197,0.0212151646594824,0.0166675138228789,0.0204268007353227
"SPEECH_953",NA,NA,NA,NA,NA,NA,NA,NA,NA,NA,NA,NA,NA,NA,NA,NA,NA,NA,NA,NA,NA,NA,NA,NA,NA,NA,NA,NA,NA,NA,NA,NA,NA,NA,NA,NA,NA,NA,NA,NA,NA,NA,NA,NA,NA,NA,NA,NA,NA,NA,NA,NA,NA,NA,NA,NA,NA,NA,NA,NA,0.031060366853341,0.0388531527418397,0.0155370961708982,0.0281264659400446,0.0542706384942359,0.0271269860039892,0.0188689942064035,0.015685100647019,0.0238250043835802,0.0208642374828508,0.0407859131364587,0.0229266208003316,0.0310313694011005,0.0574592831871854,0.0375675848152587,0.0618334643313098,0.0244954702207207,0.0208282191797267,0.020648134333846,0.0180667832714091,0.093451338815414,0.0214782720532669,0.0363140403133275,0.0126068303306252,0.0602231743847076,0.0307235925997084,0.0409025465389669,0.0249060569887908,0.0320729672724629,0.0374602951011805,0.0221499572807391,0.0815424792770996,0.0226192445472257,0.0809426150459755,0.0605522689081099,0.0346989997256871,0.00923762130409718,0.0169106242317228,0.0508191786044938,0.00889282389445335,0.0317430269972909,0.0236095141638623,0.0139059569832482,0.039339042920842,0.0493867683569574,0.0213925083462295,0.017425368769528,0.0152686278708987,0.0107776288821693,0.0302806711250841,0.050578717177242,0.017369661443866,0.0305061521023425,0.0190959753254201,0.0585749985925082,0.0724799564834636,0.0696442667564625,0.0136080386498369,0.0145380942362157,0.0121092119969282
"SPEECH_1151",NA,NA,NA,NA,NA,NA,NA,NA,NA,NA,NA,NA,NA,NA,NA,NA,NA,NA,NA,NA,NA,NA,NA,NA,NA,NA,NA,NA,NA,NA,NA,NA,NA,NA,NA,NA,NA,NA,NA,NA,NA,NA,NA,NA,NA,NA,NA,NA,NA,NA,NA,NA,NA,NA,NA,NA,NA,NA,NA,NA,0.0218965647087693,0.0423061134762696,0.00707869097086617,0.0411573270962,0.0136158993128346,0.0450090289347446,0.0608417287783951,0.00798651035989469,0.0112583027776064,0.0218007157192211,0.020386157015835,0.0373146550556931,0.0123590080016513,0.0976513020070382,0.0489102090897388,0.116109718090969,0.0752605966704128,0.0181016325945184,0.0168333997276117,0.0108499798156813,0.0116004212446962,0.0152048492612035,0.0127824636792818,0.0291651030756857,0.0506119936167764,0.0144044439927132,0.0180760028350542,0.0631821423651539,0.0384305947935434,0.0198144449319407,0.0406724878796055,0.0562767684334049,0.00793429396199351,0.0367128564406679,0.0520557361076544,0.0234083716361274,0.0835834710656128,0.00803181399388929,0.0304108999390172,0.0106690575313147,0.0687160143527125,0.0327124202984549,0.0124151123866948,0.0458695292372764,0.0641569420905707,0.0611140513109753,0.0190392989759966,0.0181644671076164,0.0177768647314229,0.0425294580419688,0.0321844351248473,0.0151008354195374,0.0162273779410173,0.0112759529998466,0.0405638999134532,0.0155601182195287,0.0138603570322959,0.0193480277185868,0.038041213805282,0.0655878663026279
"SPEECH_937",NA,NA,NA,NA,NA,NA,NA,NA,NA,NA,NA,NA,NA,NA,NA,NA,NA,NA,NA,NA,NA,NA,NA,NA,NA,NA,NA,NA,NA,NA,NA,NA,NA,NA,NA,NA,NA,NA,NA,NA,NA,NA,NA,NA,NA,NA,NA,NA,NA,NA,NA,NA,NA,NA,NA,NA,NA,NA,NA,NA,0.0278482676957261,0.0315500550025855,0.0153839264579451,0.0795743725125694,0.0731632847604197,0.0242901152162423,0.0179940059901229,0.0141199396397771,0.0477616310364874,0.00964568772599382,0.0248281844048206,0.10933141273303,0.0140076388235933,0.0423304391135706,0.0282246798613943,0.0452641974139844,0.0113275321979241,0.0145048674117874,0.0337528555876367,0.0639508105053804,0.0107074065083875,0.0284466372738124,0.0129633652114944,0.0129956184925719,0.0350171020914353,0.0833467882236049,0.0316872327184929,0.0240019365755523,0.0203925735148475,0.0115874352988094,0.0616787499661514,0.0151590242003401,0.0208300646875868,0.0398031060817016,0.0404750584489126,0.0578275076032568,0.0333152541820865,0.0167910431470847,0.0190979884144241,0.0332535765427762,0.0421594006436071,0.0368694424151193,0.00724768694486848,0.0226681758262734,0.0252895443081779,0.0470578477705581,0.0292266975291073,0.0150709073032979,0.0129468666776793,0.0215533470300287,0.0148724077827787,0.102017428962993,0.0236379447848983,0.0202086019466874,0.0421150794911764,0.072118672635954,0.0174669218219281,0.039534225578462,0.0341165387631826,0.0355908885089008
"SPEECH_1140",NA,NA,NA,NA,NA,NA,NA,NA,NA,NA,NA,NA,NA,NA,NA,NA,NA,NA,NA,NA,NA,NA,NA,NA,NA,NA,NA,NA,NA,NA,NA,NA,NA,NA,NA,NA,NA,NA,NA,NA,NA,NA,NA,NA,NA,NA,NA,NA,NA,NA,NA,NA,NA,NA,NA,NA,NA,NA,NA,NA,0.0616787499661514,0.0151590242003401,0.0208300646875868,0.0398031060817016,0.0404750584489126,0.0578275076032568,0.0333152541820865,0.0167910431470847,0.0190979884144241,0.0332535765427762,0.0421594006436071,0.0368694424151193,0.00724768694486848,0.0226681758262734,0.0252895443081779,0.0470578477705581,0.0292266975291073,0.0150709073032979,0.0129468666776793,0.0215533470300287,0.0148724077827787,0.102017428962993,0.0236379447848983,0.0202086019466874,0.0421150794911764,0.072118672635954,0.0174669218219281,0.039534225578462,0.0341165387631826,0.0355908885089008,0.0152376261008575,0.0546730528456141,0.0231430913249799,0.0740569639853049,0.0682553395539955,0.0568717924673115,0.0380104909886906,0.0179669623425049,0.018417578718954,0.0150357734543363,0.0442113666813359,0.0186195734205144,0.0157979418628615,0.0317841395147162,0.0670406092259541,0.0187801833935501,0.0219218874956871,0.0151484224049278,0.0256294601621437,0.0318815602994489,0.0245708118966108,0.0190943297122481,0.0399202813510913,0.0155802709071629,0.0408785656692284,0.0582672867629724,0.0295740485515506,0.0161799530523788,0.0346854133128,0.0487652225402678
"SPEECH_942",NA,NA,NA,NA,NA,NA,NA,NA,NA,NA,NA,NA,NA,NA,NA,NA,NA,NA,NA,NA,NA,NA,NA,NA,NA,NA,NA,NA,NA,NA,NA,NA,NA,NA,NA,NA,NA,NA,NA,NA,NA,NA,NA,NA,NA,NA,NA,NA,NA,NA,NA,NA,NA,NA,NA,NA,NA,NA,NA,NA,0.0199183756870831,0.0413891982111091,0.0317545868503757,0.0324175814160016,0.0207841884179922,0.0302208300391182,0.0220375626259595,0.0198334389693102,0.0136708704203438,0.0273692813260395,0.034158038754402,0.056629375677263,0.0101208399747273,0.0805505943851706,0.0338511205695663,0.0567648969068586,0.0152164061581162,0.0268639916111212,0.0334428989910905,0.0135192221523674,0.049422485875358,0.03467014864455,0.0326135487274721,0.0554445318526269,0.0942015888467253,0.0185752563241188,0.0499465464481025,0.0218418253488825,0.0107011702735625,0.0120695985145856,0.0239099541438513,0.0571090831096779,0.0176725708301028,0.0401605585778659,0.0786950591665069,0.0130042412830576,0.0485773841039891,0.0106840780659346,0.0120770078005469,0.0159221274301285,0.0233159720537388,0.0839873444659426,0.0130619062519208,0.0145486550741647,0.0272515660709983,0.0217740139566401,0.0534844504564927,0.0128130001637439,0.0808376165202482,0.0152304771318663,0.0808134111716916,0.0505553942775644,0.0265907326236804,0.0356253462594845,0.0222035198820608,0.0546095330779364,0.02138275570992,0.0130334626485223,0.0157546278641135,0.0153141498276079
"SPEECH_1018",NA,NA,NA,NA,NA,NA,NA,NA,NA,NA,NA,NA,NA,NA,NA,NA,NA,NA,NA,NA,NA,NA,NA,NA,NA,NA,NA,NA,NA,NA,NA,NA,NA,NA,NA,NA,NA,NA,NA,NA,NA,NA,NA,NA,NA,NA,NA,NA,NA,NA,NA,NA,NA,NA,NA,NA,NA,NA,NA,NA,0.0259088130181055,0.0354472239789235,0.011349568005814,0.0218759700049273,0.0161629719033836,0.0621621472710878,0.0379017420961321,0.0125678283006246,0.0178538098435728,0.0160675692655009,0.03391806610962,0.0131138042788286,0.0107037056741174,0.0438776683086239,0.0478182694962467,0.0336592776603231,0.102695068341158,0.030635185069099,0.0311783053994961,0.0156111358291077,0.0266737501431641,0.0228711669210566,0.0140819919771093,0.0338578123619902,0.096240051354593,0.0379126546832451,0.0208648256799882,0.0387592079170024,0.0606528241565721,0.0275775849505866,0.0468690703155951,0.0465545678411537,0.0107414707626966,0.0305860451508811,0.0700202738678902,0.0438090181687625,0.0334126191817511,0.0126823756006531,0.0697584667002042,0.013629960320078,0.0506357487873849,0.0413812479619331,0.0266701392194535,0.0298537879143993,0.0342890582414355,0.0526334319191274,0.030415572809506,0.013574150011518,0.0154807136542229,0.0189589701055645,0.0517042061479128,0.0190211340118687,0.011304396860096,0.0136156767825998,0.0321684077833656,0.0457146917629064,0.0502314531032609,0.0350248722551426,0.0158840644349578,0.0333744083236788
"SPEECH_1118",NA,NA,NA,NA,NA,NA,NA,NA,NA,NA,NA,NA,NA,NA,NA,NA,NA,NA,NA,NA,NA,NA,NA,NA,NA,NA,NA,NA,NA,NA,NA,NA,NA,NA,NA,NA,NA,NA,NA,NA,NA,NA,NA,NA,NA,NA,NA,NA,NA,NA,NA,NA,NA,NA,NA,NA,NA,NA,NA,NA,0.0367396672473737,0.0824237052212712,0.0153540913400992,0.0148431199573859,0.0782960589613489,0.0457430291059927,0.0294296620040128,0.0120742695465099,0.0157803849525565,0.0179716874924376,0.0660745169715351,0.0364419210586303,0.0103044862454201,0.0238655329228399,0.0306947385916651,0.0515175480339289,0.0480470955800019,0.0110196949703779,0.0614903352337953,0.0241795457436262,0.0194940984254932,0.0171675801069427,0.0355583599461011,0.0182652482407091,0.0210687245716665,0.0756710716403946,0.0357665941830395,0.031255012845196,0.0113284020754771,0.0221338167841712,0.051751807854862,0.0419680417913001,0.0158240913555871,0.0375357155967018,0.0774137265084992,0.0294975234416454,0.0376142319692086,0.0216388857622159,0.0225826535588823,0.0169183110894331,0.0615420250779679,0.0210854272899291,0.016176874914106,0.0320333102274781,0.0239556936504859,0.0203237810619886,0.0162794483280424,0.0146130513422912,0.0155275863798771,0.019525292427125,0.0896887983746923,0.016410946258471,0.0298397972306382,0.0362310016642924,0.0267023941220627,0.0450287039574203,0.0125905597549842,0.0358180770289044,0.0160715851220586,0.0978106568588493
"SPEECH_939",NA,NA,NA,NA,NA,NA,NA,NA,NA,NA,NA,NA,NA,NA,NA,NA,NA,NA,NA,NA,NA,NA,NA,NA,NA,NA,NA,NA,NA,NA,NA,NA,NA,NA,NA,NA,NA,NA,NA,NA,NA,NA,NA,NA,NA,NA,NA,NA,NA,NA,NA,NA,NA,NA,NA,NA,NA,NA,NA,NA,0.0481474860599034,0.0400196672226777,0.0152747063618927,0.0160935830491302,0.0288772639216112,0.0283854493760739,0.0246647270558553,0.0122255071683361,0.0120398719663894,0.0103819104269367,0.101252742261612,0.0099764902146638,0.00897393973276181,0.0220998614479476,0.0290876485615906,0.112468004217752,0.105308671873449,0.0214565715424233,0.0710507345846723,0.0180232768985153,0.0166128786119286,0.015450299596195,0.0707295019644248,0.0109036734327887,0.0129341260588297,0.0118955945113449,0.00987509797288753,0.0420337131716089,0.0604181672030032,0.0133388335327944,0.0760367649152562,0.010143562475869,0.0105308055815588,0.0161649928159331,0.0225305651931248,0.0184102474493813,0.0778722816842935,0.0145486472022389,0.0168334481769451,0.0154956487730951,0.0164470937530815,0.196059244122046,0.0176717528519559,0.075979556022706,0.0267120353550215,0.0208055226835851,0.0266535489823464,0.0210220277934501,0.00919389485953477,0.0123689883960741,0.0133806971123876,0.0186240865137682,0.011480473197893,0.0102495933262365,0.0480008528383257,0.106949728861323,0.00863324771254224,0.0423343953451438,0.0225270104658207,0.016339285539062
"SPEECH_1070",NA,NA,NA,NA,NA,NA,NA,NA,NA,NA,NA,NA,NA,NA,NA,NA,NA,NA,NA,NA,NA,NA,NA,NA,NA,NA,NA,NA,NA,NA,NA,NA,NA,NA,NA,NA,NA,NA,NA,NA,NA,NA,NA,NA,NA,NA,NA,NA,NA,NA,NA,NA,NA,NA,NA,NA,NA,NA,NA,NA,0.0443979816419624,0.0311567535250537,0.0147838635007756,0.0328348032382948,0.0230802627736571,0.0245394635250276,0.05877140733192,0.0251365428014438,0.0234076685156505,0.0179015347655066,0.0379530386210363,0.0312007645854301,0.0154883324310151,0.046664035296529,0.0404853186245501,0.0706424583524218,0.0925371094393464,0.0198302655598714,0.0236003909625177,0.0230753376920125,0.0262647378056731,0.0203561895197559,0.019927690117298,0.0120449231457397,0.0448183850574482,0.0547337006067343,0.0712250188753195,0.01649368489339,0.0227277500382943,0.0139205867563246,0.0188787901308676,0.0444797279447432,0.0108514528894231,0.0351999434038189,0.0531534644636071,0.06902984757917,0.0391151575803316,0.0184963717219251,0.0242175244709304,0.0146824424492529,0.0176612369858318,0.021851148289445,0.0126419712352156,0.0404897698092712,0.0249262907541301,0.0389282255785321,0.0312822959879103,0.0323735091205836,0.0117734640071723,0.0139237132313698,0.0924008397406561,0.0157536325211721,0.0331158703932152,0.0226533693172966,0.0262016514824234,0.0437234035805694,0.0658395049632529,0.0400394276616168,0.0519520020118392,0.0343639506944265
"SPEECH_1137",NA,NA,NA,NA,NA,NA,NA,NA,NA,NA,NA,NA,NA,NA,NA,NA,NA,NA,NA,NA,NA,NA,NA,NA,NA,NA,NA,NA,NA,NA,NA,NA,NA,NA,NA,NA,NA,NA,NA,NA,NA,NA,NA,NA,NA,NA,NA,NA,NA,NA,NA,NA,NA,NA,NA,NA,NA,NA,NA,NA,0.0522939729262994,0.0582089242465925,0.0127492288660122,0.0244317383249161,0.0249560668729111,0.0295125696207744,0.0234060934247454,0.0119580163580024,0.0249822317652993,0.0173124131316089,0.0299363957727669,0.0601129275464251,0.0180763762244949,0.052066151349378,0.0392074497908544,0.0683913714757858,0.0344104272856022,0.027709358818626,0.0347776606373564,0.0170169624731908,0.0137828978602881,0.0883785556731754,0.0208934648721323,0.0148621039773758,0.028960978977773,0.0374172218304622,0.0190400104535939,0.0541497216299909,0.0258397958598992,0.0351589119536669,0.0390613723501694,0.0824324007863961,0.020123925372298,0.0484990293777753,0.0447236760433486,0.0213353641251541,0.0258429087978693,0.019888965083948,0.0236612933131873,0.0151286372607167,0.0202448210513491,0.0504957405996002,0.0199881350923673,0.0227650363656248,0.0504516971743785,0.0935626455904098,0.051355797836204,0.0232192682051174,0.0182509769318708,0.034116909449308,0.0278089244603298,0.0173106658980133,0.0240519161979531,0.024727187749217,0.017975861830321,0.020245856944635,0.0315161388226598,0.0271673256188414,0.0562980575966225,0.0277494640743142
"SPEECH_1021",NA,NA,NA,NA,NA,NA,NA,NA,NA,NA,NA,NA,NA,NA,NA,NA,NA,NA,NA,NA,NA,NA,NA,NA,NA,NA,NA,NA,NA,NA,NA,NA,NA,NA,NA,NA,NA,NA,NA,NA,NA,NA,NA,NA,NA,NA,NA,NA,NA,NA,NA,NA,NA,NA,NA,NA,NA,NA,NA,NA,0.0210675842077302,0.0495622752862526,0.0130857964913047,0.0504864886601037,0.0324271515902571,0.0350258994472257,0.0223553216338285,0.0190484072916554,0.0206784775562563,0.0134208290198311,0.0520291456138316,0.098118700171695,0.019593721707766,0.026633089314882,0.0364587608086458,0.0490519546872592,0.0158158935627641,0.0150277650956525,0.0193968047193357,0.0218343401457793,0.106900571139622,0.0156262726134559,0.0128712297613958,0.044836234144375,0.0501838665932192,0.0182303737602993,0.0125160336421713,0.0392796023371033,0.0533183329363365,0.0151190760599655,0.0334567458654443,0.0442631914664128,0.015866976507053,0.0344036202217762,0.042281100259054,0.0488951686530977,0.0493447653009631,0.0121351382983227,0.0226699398767262,0.0220020050130274,0.0477793276094908,0.0838375247004871,0.0141146170526963,0.0595284302957451,0.0345186647625333,0.0508430773910036,0.027867426017839,0.0188863551850424,0.0149819880112768,0.0285993618827727,0.0714589725608453,0.0263908604984675,0.0280468426253624,0.00996086046574889,0.0393165324744229,0.0147368211160187,0.0393485286241326,0.0176024943858874,0.0156082422546967,0.0312544206236532
"SPEECH_1007",NA,NA,NA,NA,NA,NA,NA,NA,NA,NA,NA,NA,NA,NA,NA,NA,NA,NA,NA,NA,NA,NA,NA,NA,NA,NA,NA,NA,NA,NA,NA,NA,NA,NA,NA,NA,NA,NA,NA,NA,NA,NA,NA,NA,NA,NA,NA,NA,NA,NA,NA,NA,NA,NA,NA,NA,NA,NA,NA,NA,0.0343575474182174,0.0769268097291084,0.0222662709995169,0.0110283497098324,0.0402973982636648,0.0267847170738763,0.0149705425191499,0.0162581492918703,0.0410277151925166,0.0152823461084656,0.0174176749029361,0.0352842369500546,0.0155958574739069,0.0527114612876882,0.0381012223686509,0.0560963202227446,0.0200701327057313,0.0232110647898024,0.0452944605084308,0.0226407536894923,0.0890839601064043,0.0166072307647971,0.0185686672671495,0.0189551326187046,0.0149839967629771,0.0681685757721491,0.0461031936979648,0.0351655370125707,0.0399314956017082,0.0268091791899178,0.0288696723404454,0.0610882896062052,0.0184127925587556,0.0660972820777595,0.0584241689923417,0.0340009393608005,0.0237850221287175,0.01076096780996,0.0532950726368865,0.0143449254602628,0.0180097018759463,0.0185272516703818,0.0209998838080178,0.0179183180753919,0.0180913417381908,0.0420053502581071,0.0384207776257167,0.0176286201662295,0.033248439283986,0.0430942994779835,0.0299222847201404,0.012609392956104,0.0306943957656571,0.0262210859898739,0.0387505536771469,0.0353466941216346,0.0521451729291421,0.036711308468809,0.058885649127926,0.0416903452914798
"SPEECH_943",NA,NA,NA,NA,NA,NA,NA,NA,NA,NA,NA,NA,NA,NA,NA,NA,NA,NA,NA,NA,NA,NA,NA,NA,NA,NA,NA,NA,NA,NA,NA,NA,NA,NA,NA,NA,NA,NA,NA,NA,NA,NA,NA,NA,NA,NA,NA,NA,NA,NA,NA,NA,NA,NA,NA,NA,NA,NA,NA,NA,0.0350235853475325,0.017254850069704,0.037489395951719,0.041793024881907,0.0219432001474597,0.0395960929024759,0.0143013437819012,0.0555417139708439,0.0265317296174809,0.0156147514763172,0.0140437878517036,0.0305693390859511,0.0172491496856052,0.0616333191969272,0.0291535740935835,0.0482618484549782,0.0352964487515529,0.0164742748094868,0.0530019366906967,0.0248017180147283,0.0197350712408774,0.0275421882107201,0.0214255451645924,0.0133812878796888,0.0288647518754313,0.0536726357488735,0.0958223383137695,0.0339870980862119,0.0363482321568267,0.0336457665404534,0.0237535655445841,0.0488957649712836,0.0162016438186585,0.0434342341678812,0.0702398334380142,0.0257736501017783,0.0284145750376829,0.0120758044064963,0.133754671260257,0.00818481251412455,0.0390728564643925,0.0223421413089867,0.0281672783026395,0.0401786959080987,0.0435392104629817,0.0562793009623305,0.00996826742435067,0.0149681540834227,0.0140663601923917,0.047966800467217,0.0146336598689021,0.0181097029398014,0.0129659624681443,0.042742315437594,0.0222581264871229,0.0529250064048648,0.0213114593762353,0.0224055056631659,0.0471155227149443,0.0182551178016524
"SPEECH_955",NA,NA,NA,NA,NA,NA,NA,NA,NA,NA,NA,NA,NA,NA,NA,NA,NA,NA,NA,NA,NA,NA,NA,NA,NA,NA,NA,NA,NA,NA,NA,NA,NA,NA,NA,NA,NA,NA,NA,NA,NA,NA,NA,NA,NA,NA,NA,NA,NA,NA,NA,NA,NA,NA,NA,NA,NA,NA,NA,NA,0.0154497303156792,0.0553946197323534,0.00949135494162153,0.0846671385420176,0.0733122494834719,0.0475504939128869,0.0224967591018301,0.0146527105165994,0.0602164900146622,0.0225058015395884,0.0122778327239416,0.0682211253969878,0.0428009053277202,0.022653809436484,0.0388680999996299,0.0226753178479228,0.0078143242821976,0.0180133627995983,0.029222004464547,0.0282181213725665,0.0614677768044703,0.0236229454923857,0.014794874330624,0.0184496499111058,0.0311080755266238,0.0221353261247912,0.0547561714167795,0.0255286293922869,0.0228542604126145,0.0287800388360121,0.0298345262053596,0.0699814495378982,0.0211623643077301,0.0249300275657867,0.0778591085282009,0.0329514743742661,0.0186210991836678,0.0140959733969295,0.0227550281771566,0.0285847341299407,0.0202310937244274,0.0229672696850178,0.0138781202153988,0.0261770924764304,0.0741873517657503,0.0353614425893726,0.0184933615219843,0.0200446911513727,0.0178369080365989,0.0315449252235809,0.0914505801919582,0.023612165451294,0.0246677523680398,0.0197719883048938,0.0263601848773103,0.0649297980792169,0.0386615180789865,0.0195673233131606,0.033044620229395,0.0364360273088748
"SPEECH_1146",NA,NA,NA,NA,NA,NA,NA,NA,NA,NA,NA,NA,NA,NA,NA,NA,NA,NA,NA,NA,NA,NA,NA,NA,NA,NA,NA,NA,NA,NA,NA,NA,NA,NA,NA,NA,NA,NA,NA,NA,NA,NA,NA,NA,NA,NA,NA,NA,NA,NA,NA,NA,NA,NA,NA,NA,NA,NA,NA,NA,0.0617675360665227,0.0386786291769426,0.00977537488911048,0.0107078064052382,0.0685700232682643,0.0252461849345661,0.0298763958662315,0.0166276935362402,0.0658198659122259,0.0352335133004761,0.0179681282580686,0.11626459094937,0.0111640238178017,0.0237487965525753,0.0305983695244971,0.0275324867013365,0.013246137538098,0.0249873919180924,0.0135403888632124,0.0245350679868819,0.0545050131380954,0.0261140043136415,0.0283042835155782,0.00921465408343419,0.0176771367689245,0.055538690410828,0.0179228661815666,0.0958297801249607,0.0187005341798028,0.0103046318174165,0.0287429539752407,0.0588054232285436,0.0162669024150099,0.00863761159430535,0.059566056620928,0.0442930639325611,0.0372659554992998,0.0128085129045813,0.0185740431121104,0.0164578749087603,0.0594811552643698,0.0452223279466584,0.0161337656727351,0.0238776040677617,0.0277368039452297,0.0560313984973347,0.0229544436382583,0.0137982520312701,0.028530475210168,0.0356972167151898,0.0724960455882355,0.0237234236279406,0.0506491334628108,0.0110676383324875,0.0232300486875192,0.0546096368800278,0.0140581768531934,0.0238840278734392,0.0243366686264471,0.0710633588875832
"SPEECH_1009",NA,NA,NA,NA,NA,NA,NA,NA,NA,NA,NA,NA,NA,NA,NA,NA,NA,NA,NA,NA,NA,NA,NA,NA,NA,NA,NA,NA,NA,NA,NA,NA,NA,NA,NA,NA,NA,NA,NA,NA,NA,NA,NA,NA,NA,NA,NA,NA,NA,NA,NA,NA,NA,NA,NA,NA,NA,NA,NA,NA,0.0157757278575491,0.0612468933819975,0.00729793457025005,0.0208530650726903,0.0116460412828146,0.0915567828537804,0.0360550349837625,0.0228250008661951,0.0144826408713159,0.131115295666282,0.0356553184292878,0.0959868235812304,0.0204334786387789,0.0368781624293058,0.0475477887686256,0.039698297208557,0.0181985739772705,0.0196917838753808,0.0105340194054587,0.0156371897650845,0.0419971689201478,0.0298134929245804,0.0214270415941704,0.01769024800536,0.0324367692157507,0.0254443003835881,0.0223742763105515,0.0160819646109381,0.0264878266745487,0.0131310578747467,0.0481448476166817,0.0314715546268944,0.0150860108424208,0.0310288673033137,0.0659438754329968,0.0299071425506508,0.055241500026323,0.00922168836894155,0.0393946789503424,0.0130265394267221,0.0360576229313489,0.0579669756715976,0.023745980581926,0.0302164620889147,0.0575764865705867,0.0437999503533321,0.0239641075365398,0.0163286851705139,0.0588209638814794,0.0171385128449269,0.0513962969302816,0.0179803437458366,0.0229605882448532,0.0148593751663275,0.0227613437442841,0.0468829150380803,0.0238533246839699,0.0413207376399188,0.0364595800073947,0.0174430420226
"SPEECH_27",NA,NA,NA,NA,NA,NA,NA,NA,NA,NA,NA,NA,NA,NA,NA,NA,NA,NA,NA,NA,NA,NA,NA,NA,NA,NA,NA,NA,NA,NA,NA,NA,NA,NA,NA,NA,NA,NA,NA,NA,NA,NA,NA,NA,NA,NA,NA,NA,NA,NA,NA,NA,NA,NA,NA,NA,NA,NA,NA,NA,0.0481448476166817,0.0314715546268944,0.0150860108424208,0.0310288673033137,0.0659438754329968,0.0299071425506508,0.055241500026323,0.00922168836894155,0.0393946789503424,0.0130265394267221,0.0360576229313489,0.0579669756715976,0.023745980581926,0.0302164620889147,0.0575764865705867,0.0437999503533321,0.0239641075365398,0.0163286851705139,0.0588209638814794,0.0171385128449269,0.0513962969302816,0.0179803437458366,0.0229605882448532,0.0148593751663275,0.0227613437442841,0.0468829150380803,0.0238533246839699,0.0413207376399188,0.0364595800073947,0.0174430420226,0.0185694932150725,0.0384482427432123,0.00888381419059773,0.0188720859109579,0.0784397681863383,0.0646448019313873,0.0232835780492031,0.0178734769302605,0.014909474143468,0.0176279238607745,0.00650830606051643,0.0894428532366795,0.0137936211011668,0.0645927291620889,0.0796718260533047,0.0474523694073999,0.0109323817250647,0.0159724132551876,0.0179636620966651,0.0146388380934875,0.0770010782358343,0.0274291602226053,0.0318163277900321,0.0311744719919263,0.0253562060536146,0.0594786873235806,0.0148414875358473,0.0247801316208328,0.0243067889066365,0.0212940009662571
"SPEECH_932",NA,NA,NA,NA,NA,NA,NA,NA,NA,NA,NA,NA,NA,NA,NA,NA,NA,NA,NA,NA,NA,NA,NA,NA,NA,NA,NA,NA,NA,NA,NA,NA,NA,NA,NA,NA,NA,NA,NA,NA,NA,NA,NA,NA,NA,NA,NA,NA,NA,NA,NA,NA,NA,NA,NA,NA,NA,NA,NA,NA,0.0274537952993166,0.0678861248036876,0.00798031783126103,0.0662403305107076,0.0190716857554342,0.0307236089390856,0.0346586136360672,0.012487978473212,0.0108370306449591,0.00751550864724577,0.114722984389834,0.0280363409155258,0.0133881274567759,0.0494457979789235,0.0185852258082746,0.16765490648635,0.0305626384753625,0.0187334703416918,0.0159898167610799,0.0231675445222431,0.0212256953473468,0.0312491453170652,0.0169890151176579,0.0302628842300427,0.0302168566527717,0.0127610447829338,0.0200784167022747,0.0178684495263434,0.0348266772975094,0.019379967349017,0.0446714461072908,0.0380512954205463,0.0128230548516888,0.019724494484919,0.0181677388051543,0.0343966606265487,0.044922349134281,0.0132267999179838,0.0816603945656428,0.0248149793796729,0.020554874228336,0.0844974056324416,0.00996762724576805,0.0437711428870603,0.00989284388231722,0.0402939948964069,0.0507782795214916,0.0211594853708371,0.0160607403800583,0.0173366872043195,0.074635018653073,0.0384214409969859,0.0202726333285728,0.0313326501631559,0.0159807522881049,0.0471688276549681,0.0162490528766434,0.0412300255985979,0.0370833129484168,0.0308539909487161
"SPEECH_1014",NA,NA,NA,NA,NA,NA,NA,NA,NA,NA,NA,NA,NA,NA,NA,NA,NA,NA,NA,NA,NA,NA,NA,NA,NA,NA,NA,NA,NA,NA,NA,NA,NA,NA,NA,NA,NA,NA,NA,NA,NA,NA,NA,NA,NA,NA,NA,NA,NA,NA,NA,NA,NA,NA,NA,NA,NA,NA,NA,NA,0.0346619289917771,0.0554065224210422,0.0138218010330405,0.026346000508779,0.0353531987722925,0.0527025137319819,0.020969731590074,0.0143606629835183,0.0209943665667374,0.0179224985072104,0.0767362261250641,0.0391022324186344,0.0131292519230657,0.0313974867670141,0.0127139661587648,0.0533471577952651,0.0131682362832774,0.0194320744582823,0.0606438108194502,0.0235691588054471,0.12712048705159,0.0264010916005449,0.0531923824625573,0.0302741008443598,0.0441289957037044,0.0124586926202827,0.0177219892744573,0.0142841617079094,0.0184966968245898,0.0201425752492856,0.0285910501504518,0.0502329895455139,0.0159022847611322,0.0262910953109393,0.0769642885351596,0.0426673943011578,0.0424041822010924,0.0101996094642083,0.0273424305487859,0.017455865667187,0.0549607937894872,0.069227635267535,0.0205791246018467,0.0431250870957837,0.0247794134619452,0.0259925372141313,0.053646810774774,0.0137971178435782,0.0745758344597934,0.0223966688759988,0.0360016779737214,0.0196175746826715,0.0541288074258678,0.0142692126421733,0.0261128522373952,0.0318476645463765,0.0180484800466885,0.0262939672312644,0.0173439799125165,0.0152035694308232
"SPEECH_1135",NA,NA,NA,NA,NA,NA,NA,NA,NA,NA,NA,NA,NA,NA,NA,NA,NA,NA,NA,NA,NA,NA,NA,NA,NA,NA,NA,NA,NA,NA,NA,NA,NA,NA,NA,NA,NA,NA,NA,NA,NA,NA,NA,NA,NA,NA,NA,NA,NA,NA,NA,NA,NA,NA,NA,NA,NA,NA,NA,NA,0.0508748538289816,0.0967683539520849,0.0155489699452087,0.0557490718405691,0.042972438674328,0.0223492280184295,0.0253758745913406,0.0198816330967402,0.0696541641632665,0.0184396633875468,0.0255813521223421,0.0592696380954866,0.0151763845658419,0.0194592183293936,0.0454210146788339,0.0254250238727026,0.0234365992537888,0.0109424342403683,0.0280791598232746,0.0520271028596623,0.0279457859924913,0.0292914347358448,0.0355036241263753,0.0141144496826584,0.00844196117789707,0.0173610431004493,0.0335471203936205,0.0249341090585413,0.0571210204709355,0.0293072719209957,0.0288447527183348,0.0452861818607626,0.0144405782120983,0.0271710261452684,0.079475420533309,0.021668619846011,0.0745983964227279,0.0155203410040118,0.0272097037524102,0.0187068478447026,0.0251707035692968,0.124623212436634,0.0200630157142893,0.0903028811095972,0.0173635592335014,0.0390708835641322,0.0123306420436695,0.0128572017338002,0.0197035054331923,0.0309729468377082,0.0101773679258625,0.0152152011324129,0.0161481542871219,0.0154189523884137,0.0310982870037967,0.0235577195236119,0.0421779947307247,0.0189093610913712,0.0157294903530915,0.0661870515481352
"SPEECH_1119",NA,NA,NA,NA,NA,NA,NA,NA,NA,NA,NA,NA,NA,NA,NA,NA,NA,NA,NA,NA,NA,NA,NA,NA,NA,NA,NA,NA,NA,NA,NA,NA,NA,NA,NA,NA,NA,NA,NA,NA,NA,NA,NA,NA,NA,NA,NA,NA,NA,NA,NA,NA,NA,NA,NA,NA,NA,NA,NA,NA,0.0288447527183348,0.0452861818607626,0.0144405782120983,0.0271710261452684,0.079475420533309,0.021668619846011,0.0745983964227279,0.0155203410040118,0.0272097037524102,0.0187068478447026,0.0251707035692968,0.124623212436634,0.0200630157142893,0.0903028811095972,0.0173635592335014,0.0390708835641322,0.0123306420436695,0.0128572017338002,0.0197035054331923,0.0309729468377082,0.0101773679258625,0.0152152011324129,0.0161481542871219,0.0154189523884137,0.0310982870037967,0.0235577195236119,0.0421779947307247,0.0189093610913712,0.0157294903530915,0.0661870515481352,0.0209200738959176,0.0589460333023936,0.0126988714357943,0.0383950561684319,0.0449183930938584,0.0392052656403291,0.0365455001103945,0.0164816171869623,0.0275987214572785,0.0139946562261404,0.0414189239709964,0.054596775354859,0.0178081709776198,0.0597655950857953,0.0128493767945986,0.0528351471859074,0.0273346184002531,0.0235121358650437,0.019883640585169,0.0355334614905095,0.0397217736366364,0.0191761962157165,0.0142225941595277,0.0177773338593176,0.0673942709220101,0.0356628716713159,0.0221470643200427,0.036331063013831,0.0359936694513219,0.0563311285220279
"SPEECH_972",NA,NA,NA,NA,NA,NA,NA,NA,NA,NA,NA,NA,NA,NA,NA,NA,NA,NA,NA,NA,NA,NA,NA,NA,NA,NA,NA,NA,NA,NA,NA,NA,NA,NA,NA,NA,NA,NA,NA,NA,NA,NA,NA,NA,NA,NA,NA,NA,NA,NA,NA,NA,NA,NA,NA,NA,NA,NA,NA,NA,0.026751256351195,0.0442607650518259,0.011305152886448,0.0239997810537498,0.023549676178463,0.0398762746844784,0.0297095507525052,0.0315104134783468,0.0153921363777743,0.011117626839417,0.0363687617107716,0.0287770217351862,0.0123085439409112,0.0975904420158736,0.0111258203907644,0.0826862571957376,0.0323416820640787,0.0218977336860041,0.0160329871284274,0.0190273443062853,0.114183423683014,0.0139430336429495,0.0255932379013045,0.0183119153798941,0.0410382895296151,0.0112562844436662,0.0494841849609177,0.0564545730900771,0.0265144682759978,0.0275913612643209,0.0252471365588051,0.0439299968270036,0.015784944566138,0.0559841386716854,0.0379907231491359,0.0296014562132046,0.0244906164674625,0.0188537562659606,0.0649906830117687,0.0210925174007602,0.0329374563022026,0.0602876803615999,0.0171266542562143,0.0624158040201504,0.0224672174018631,0.0366763117497842,0.0121747536322622,0.0196213827916041,0.0223916401763442,0.0397005450277821,0.0445326197210061,0.0275253565272449,0.0313001970338838,0.0254982518203698,0.0292298987725317,0.0407014834788752,0.0408179788014153,0.036961685168816,0.0220045522016866,0.037662561622439
"SPEECH_1139",NA,NA,NA,NA,NA,NA,NA,NA,NA,NA,NA,NA,NA,NA,NA,NA,NA,NA,NA,NA,NA,NA,NA,NA,NA,NA,NA,NA,NA,NA,NA,NA,NA,NA,NA,NA,NA,NA,NA,NA,NA,NA,NA,NA,NA,NA,NA,NA,NA,NA,NA,NA,NA,NA,NA,NA,NA,NA,NA,NA,0.0252471365588051,0.0439299968270036,0.015784944566138,0.0559841386716854,0.0379907231491359,0.0296014562132046,0.0244906164674625,0.0188537562659606,0.0649906830117687,0.0210925174007602,0.0329374563022026,0.0602876803615999,0.0171266542562143,0.0624158040201504,0.0224672174018631,0.0366763117497842,0.0121747536322622,0.0196213827916041,0.0223916401763442,0.0397005450277821,0.0445326197210061,0.0275253565272449,0.0313001970338838,0.0254982518203698,0.0292298987725317,0.0407014834788752,0.0408179788014153,0.036961685168816,0.0220045522016866,0.037662561622439,0.0382989010143217,0.055452388066874,0.0109455643412217,0.0215673055517142,0.0520512070816186,0.0148510531766033,0.0366401856805857,0.0118180652742112,0.0180673960944699,0.0423656918793491,0.0228628601252233,0.0159072163772227,0.0340942632921785,0.046399529744918,0.0323658390905367,0.0630757508133429,0.0119367543913685,0.0144406373964141,0.0138316016988154,0.0349448074296717,0.0625451112233848,0.0168755989409865,0.025163990591795,0.060814916069176,0.0246557809582369,0.0607877088253521,0.0512327818261335,0.0283340275990693,0.0220467453093278,0.0556263201358768
"SPEECH_950",NA,NA,NA,NA,NA,NA,NA,NA,NA,NA,NA,NA,NA,NA,NA,NA,NA,NA,NA,NA,NA,NA,NA,NA,NA,NA,NA,NA,NA,NA,NA,NA,NA,NA,NA,NA,NA,NA,NA,NA,NA,NA,NA,NA,NA,NA,NA,NA,NA,NA,NA,NA,NA,NA,NA,NA,NA,NA,NA,NA,0.0633882353546098,0.0311213649880393,0.0146919003651586,0.0305816731492652,0.0183725007505203,0.0652368297735175,0.0667199673937602,0.0243887953700388,0.0154605371178546,0.0152884679685782,0.0203594986433675,0.0533960104896781,0.0287205905122749,0.0491232039666232,0.0217250779713303,0.0431034530419243,0.00908239332966369,0.0160153006174631,0.0154058801641585,0.0153639260716085,0.102409847415795,0.0688102215543046,0.0389560446563089,0.0242839282627871,0.0391203464569192,0.0263220440257018,0.0224271204210358,0.0312037136852677,0.0101958123681936,0.0187253141142514,0.0279419445697046,0.0629538271508687,0.0215696419206048,0.0660494817587562,0.0748640650163783,0.03790364852078,0.0172112281234273,0.0127103529862,0.0156124126639736,0.0126546925988476,0.0371601995522238,0.0666539189442753,0.0175834424224029,0.0448939725326672,0.023887084720976,0.0617780649711615,0.0139742039598205,0.0194564844534179,0.0116155241062844,0.0516890996920922,0.012087831015141,0.0146755587731262,0.0151720566604548,0.0140748768497997,0.0420298090338423,0.0162687293536152,0.0558256904242804,0.0353608764124069,0.0241082511607529,0.0722330296517178
"SPEECH_1073",NA,NA,NA,NA,NA,NA,NA,NA,NA,NA,NA,NA,NA,NA,NA,NA,NA,NA,NA,NA,NA,NA,NA,NA,NA,NA,NA,NA,NA,NA,NA,NA,NA,NA,NA,NA,NA,NA,NA,NA,NA,NA,NA,NA,NA,NA,NA,NA,NA,NA,NA,NA,NA,NA,NA,NA,NA,NA,NA,NA,0.0354148328377758,0.0630937345688519,0.0229069693756854,0.090662545001792,0.051518573518167,0.0421692013383008,0.0222975907242695,0.0125632303354578,0.0278174558929219,0.010509621422904,0.0178796739978791,0.0364462179435661,0.0161770390645109,0.0583014285463974,0.0180518078542235,0.0360005125064595,0.0198601616292665,0.0138166540068115,0.00730972236656946,0.0341202690961644,0.0854085109832447,0.027404705547222,0.0512470195776189,0.0189372716227593,0.0483201548941126,0.0144672977082188,0.00960963687887822,0.0459036371722118,0.028506886267449,0.0332776373203102,0.0522886333377065,0.0454705957017876,0.0124446551150718,0.0277236325773493,0.053541777897676,0.0316308037479519,0.0310780075638294,0.0103880361503455,0.0555261817706756,0.015562463404363,0.0524664524967987,0.0510876505034857,0.0112694056772516,0.0232348813876347,0.0259474723934396,0.0741563298222628,0.0420447320912359,0.0174545246134122,0.0731676556996133,0.0172662566088176,0.0262873999681209,0.0219685348314719,0.0322754839679166,0.0248094879230384,0.0554614732338667,0.0147336172317339,0.0206895822160908,0.0208732047799608,0.041245627666302,0.0179054396207894
"SPEECH_970",NA,NA,NA,NA,NA,NA,NA,NA,NA,NA,NA,NA,NA,NA,NA,NA,NA,NA,NA,NA,NA,NA,NA,NA,NA,NA,NA,NA,NA,NA,NA,NA,NA,NA,NA,NA,NA,NA,NA,NA,NA,NA,NA,NA,NA,NA,NA,NA,NA,NA,NA,NA,NA,NA,NA,NA,NA,NA,NA,NA,0.0342180350849868,0.0383433416324014,0.0179374420396997,0.0593858241384002,0.063265988065546,0.020652179664115,0.0264379204281512,0.0267168713718802,0.0166501008152861,0.0134117123600865,0.0244414619360874,0.107731316980183,0.0410774579959888,0.0274054231987911,0.0144593761994781,0.0264879618409763,0.0230642558089145,0.0119986940647029,0.0249610106350521,0.0362513846846193,0.0183400838056814,0.0286423182946604,0.0590079825599838,0.0205495610708952,0.0196728273592387,0.0808950971153019,0.0418190483123941,0.0206558187071931,0.0406405686788267,0.0148789351504782,0.019165120049146,0.0963887724255153,0.0146638156080433,0.0306289740550153,0.0569358051161627,0.029137552277818,0.0184325706443654,0.0166124219993777,0.0667712124453336,0.00887899102178734,0.0365401412752155,0.0327198131073818,0.0192695601278431,0.0618552026511258,0.0201213714171084,0.0338563601591168,0.018093644882784,0.0162939541945435,0.011403321272437,0.0306650723066495,0.037661400220731,0.024978756917142,0.0552668512218345,0.0255118997323627,0.0425299519058638,0.0560727453336225,0.0447047694931694,0.0229698850431707,0.0313516071092138,0.0205184559861195
"SPEECH_1013",NA,NA,NA,NA,NA,NA,NA,NA,NA,NA,NA,NA,NA,NA,NA,NA,NA,NA,NA,NA,NA,NA,NA,NA,NA,NA,NA,NA,NA,NA,NA,NA,NA,NA,NA,NA,NA,NA,NA,NA,NA,NA,NA,NA,NA,NA,NA,NA,NA,NA,NA,NA,NA,NA,NA,NA,NA,NA,NA,NA,0.0196745878661359,0.060950510544709,0.0278981538227257,0.0247477217317911,0.0432292456236636,0.0554022907118596,0.0264222796072975,0.0258895479520702,0.0210364717061581,0.0276624669923705,0.0115016053240731,0.03819704382986,0.0111847815283877,0.0754479229775194,0.0248584712397674,0.0419309079277726,0.0155556796894518,0.021618619508098,0.0380324984403576,0.0255892622241351,0.0610014033735019,0.0130718210073053,0.0556072888726728,0.0273402827604021,0.0356371096199568,0.0497418624091916,0.0720465473332695,0.0136842386024223,0.0137813714283584,0.0212580053447153,0.0197250288748522,0.0602177042856192,0.0209714688596486,0.0191411139663653,0.0586114150838143,0.0309853799820305,0.025159350972947,0.0140636961498836,0.0171627693458129,0.018381793118779,0.0545820944902999,0.111299079690354,0.0326210474316018,0.081494702587709,0.0153832931642776,0.0336332058333366,0.0130017909491588,0.0145657933738838,0.0114095403610674,0.0337301942001093,0.0239157237894876,0.0189134093512706,0.0246038557898683,0.0233135885872446,0.0393143838878895,0.0496791142123755,0.0188468616327055,0.0191745956171209,0.0478184224610316,0.0482795819494553
"SPEECH_973",NA,NA,NA,NA,NA,NA,NA,NA,NA,NA,NA,NA,NA,NA,NA,NA,NA,NA,NA,NA,NA,NA,NA,NA,NA,NA,NA,NA,NA,NA,NA,NA,NA,NA,NA,NA,NA,NA,NA,NA,NA,NA,NA,NA,NA,NA,NA,NA,NA,NA,NA,NA,NA,NA,NA,NA,NA,NA,NA,NA,0.0314319738431192,0.0392817665174654,0.0135332068494793,0.0300089927347331,0.0505809796703353,0.0304055852228317,0.0594768440407115,0.0146237055531568,0.0181256829980035,0.0255457966032239,0.0441546096304859,0.0651848429430151,0.011925567782722,0.0309436572709034,0.0154890797875552,0.0350047820806262,0.0541162061636788,0.025563127483979,0.0222425219230948,0.0373700946743138,0.0719397635446346,0.0248002196665723,0.0259474230652412,0.0317727229626744,0.0331617734666408,0.0434535275383683,0.0286016841637168,0.0247265570059228,0.0158812436945121,0.044706061118283,0.0451828832621094,0.0678590681494432,0.0150806773458855,0.0327815989425627,0.0590579301742826,0.0205544868952062,0.0241745902134414,0.0187435387595631,0.0139416243269368,0.0129605040150761,0.0306470037000393,0.0521053364712609,0.0126036175240757,0.0594042299484217,0.0367428075133698,0.0606921508085363,0.0146517753457115,0.0193838763182227,0.015328670156865,0.0320335633715271,0.105072598514987,0.0146796317417112,0.0198796740312175,0.0351174618112065,0.0241027739922281,0.0262245855075579,0.0582461937654217,0.00970235341156313,0.0231181407726387,0.0399266532089316
"SPEECH_834",NA,NA,NA,NA,NA,NA,NA,NA,NA,NA,NA,NA,NA,NA,NA,NA,NA,NA,NA,NA,NA,NA,NA,NA,NA,NA,NA,NA,NA,NA,NA,NA,NA,NA,NA,NA,NA,NA,NA,NA,NA,NA,NA,NA,NA,NA,NA,NA,NA,NA,NA,NA,NA,NA,NA,NA,NA,NA,NA,NA,0.0239164846976795,0.0640325463752246,0.0160069736493672,0.0161922813487976,0.0799738709258772,0.0350636039397807,0.0281409851079018,0.0219306699585227,0.0428231265659627,0.0178421485199263,0.0647509343559839,0.103798358457388,0.0123934910636107,0.0237568386493988,0.0316784802036642,0.02482084817243,0.0278981918107463,0.0170392105561376,0.0236197078828953,0.0297750213030622,0.0647999020813718,0.0249991449793757,0.0238924138082512,0.0193966910649081,0.0143625985118209,0.0133639722922244,0.0300099156125326,0.0398576006712452,0.0307367011310331,0.0331272863028793,0.0691024197522113,0.0317743969123858,0.0110920506175711,0.0296578860447145,0.0422254171525384,0.0251559023368051,0.0245741821486676,0.0190595775697484,0.0201140532498773,0.0315904859874075,0.0428619657571042,0.0380142950952431,0.0173899232491039,0.0374427788911634,0.02676875492491,0.0415710267376199,0.02866999942903,0.019290746657069,0.0125336113662466,0.0185365102476008,0.0915220937075097,0.0657762868333284,0.0298665344840385,0.0193692723339312,0.0392941090987501,0.0515502786616909,0.042500075455293,0.0249131169681115,0.025703426098478,0.0220788222318507
"SPEECH_1106",NA,NA,NA,NA,NA,NA,NA,NA,NA,NA,NA,NA,NA,NA,NA,NA,NA,NA,NA,NA,NA,NA,NA,NA,NA,NA,NA,NA,NA,NA,NA,NA,NA,NA,NA,NA,NA,NA,NA,NA,NA,NA,NA,NA,NA,NA,NA,NA,NA,NA,NA,NA,NA,NA,NA,NA,NA,NA,NA,NA,0.0239164846976795,0.0640325463752246,0.0160069736493672,0.0161922813487976,0.0799738709258772,0.0350636039397807,0.0281409851079018,0.0219306699585227,0.0428231265659627,0.0178421485199263,0.0647509343559839,0.103798358457388,0.0123934910636107,0.0237568386493988,0.0316784802036642,0.02482084817243,0.0278981918107463,0.0170392105561376,0.0236197078828953,0.0297750213030622,0.0647999020813718,0.0249991449793757,0.0238924138082512,0.0193966910649081,0.0143625985118209,0.0133639722922244,0.0300099156125326,0.0398576006712452,0.0307367011310331,0.0331272863028793,0.0691024197522113,0.0317743969123858,0.0110920506175711,0.0296578860447145,0.0422254171525384,0.0251559023368051,0.0245741821486676,0.0190595775697484,0.0201140532498773,0.0315904859874075,0.0428619657571042,0.0380142950952431,0.0173899232491039,0.0374427788911634,0.02676875492491,0.0415710267376199,0.02866999942903,0.019290746657069,0.0125336113662466,0.0185365102476008,0.0915220937075097,0.0657762868333284,0.0298665344840385,0.0193692723339312,0.0392941090987501,0.0515502786616909,0.042500075455293,0.0249131169681115,0.025703426098478,0.0220788222318507
"SPEECH_1076",NA,NA,NA,NA,NA,NA,NA,NA,NA,NA,NA,NA,NA,NA,NA,NA,NA,NA,NA,NA,NA,NA,NA,NA,NA,NA,NA,NA,NA,NA,NA,NA,NA,NA,NA,NA,NA,NA,NA,NA,NA,NA,NA,NA,NA,NA,NA,NA,NA,NA,NA,NA,NA,NA,NA,NA,NA,NA,NA,NA,0.0499207436292988,0.0686468514859627,0.0076856064638371,0.0230338462855748,0.024005677715672,0.0525644358173519,0.024245468989978,0.0228096834835718,0.00838754362280912,0.0124789134232124,0.0374060755776285,0.0554210930421666,0.0129256391334011,0.0573629120352972,0.0154495901889194,0.0907970135195399,0.0180716575595567,0.0146515981523562,0.0319558996119976,0.0210088127841742,0.0941853353729197,0.0388294189179065,0.0399957611395921,0.0107512942031332,0.0520582346768302,0.0263125788834028,0.0264748661606582,0.0287256932218806,0.0104408647070545,0.0233968901943163,0.0189471402411392,0.0886246747386228,0.0121090516535858,0.0172781347946136,0.0472422369421925,0.0460612398850261,0.037676864160211,0.0214460698861567,0.0235980381456651,0.0193300040393022,0.0295094965623021,0.0777942691313121,0.010747342255082,0.0780463518483867,0.015089328201863,0.0350671154206274,0.0396137958912567,0.0276637217843661,0.049522589921291,0.0214401268963173,0.0346689054117032,0.0183979555480813,0.019201825781804,0.00950280010583962,0.0763795820730199,0.0410820161838678,0.0231456251283202,0.0116344445682373,0.0191200698296933,0.0300591829701141
"SPEECH_956",NA,NA,NA,NA,NA,NA,NA,NA,NA,NA,NA,NA,NA,NA,NA,NA,NA,NA,NA,NA,NA,NA,NA,NA,NA,NA,NA,NA,NA,NA,NA,NA,NA,NA,NA,NA,NA,NA,NA,NA,NA,NA,NA,NA,NA,NA,NA,NA,NA,NA,NA,NA,NA,NA,NA,NA,NA,NA,NA,NA,0.0189471402411392,0.0886246747386228,0.0121090516535858,0.0172781347946136,0.0472422369421925,0.0460612398850261,0.037676864160211,0.0214460698861567,0.0235980381456651,0.0193300040393022,0.0295094965623021,0.0777942691313121,0.010747342255082,0.0780463518483867,0.015089328201863,0.0350671154206274,0.0396137958912567,0.0276637217843661,0.049522589921291,0.0214401268963173,0.0346689054117032,0.0183979555480813,0.019201825781804,0.00950280010583962,0.0763795820730199,0.0410820161838678,0.0231456251283202,0.0116344445682373,0.0191200698296933,0.0300591829701141,0.0407524712048941,0.0386779778734701,0.0138378256074364,0.0490658974715987,0.0469758748643706,0.0498187541464135,0.0591342893078649,0.015444132901265,0.0212183404078403,0.0152404792904212,0.0883347213733424,0.0470963269485575,0.0270170295020731,0.0283364653756834,0.0149546900634932,0.047736122811588,0.0473490733748719,0.0106314673438872,0.0214574677544766,0.0276258033572851,0.0417329074501492,0.0364997345736771,0.0181846031496091,0.0340707742339749,0.0306321604555883,0.0310346436730589,0.0230737686321076,0.028345891867018,0.0233933437015207,0.0223269612824631
"SPEECH_1075",NA,NA,NA,NA,NA,NA,NA,NA,NA,NA,NA,NA,NA,NA,NA,NA,NA,NA,NA,NA,NA,NA,NA,NA,NA,NA,NA,NA,NA,NA,NA,NA,NA,NA,NA,NA,NA,NA,NA,NA,NA,NA,NA,NA,NA,NA,NA,NA,NA,NA,NA,NA,NA,NA,NA,NA,NA,NA,NA,NA,0.0615287080848674,0.0406920879708895,0.0142883419338794,0.037717270760295,0.0294370204239279,0.06677626253089,0.0190090965379885,0.0293994452176633,0.0150747321522334,0.0287001863756798,0.0119995674110127,0.0408195528876314,0.0167775582638715,0.0311374090444224,0.0133783838185102,0.0539874954411632,0.00883439307339492,0.0159972687096589,0.0223146618290645,0.00998100915209296,0.188185447089937,0.0255024590548562,0.0430479396770417,0.0456485186020397,0.0233368445898075,0.0137159539009947,0.0292957111492914,0.011127625230791,0.0165526608999424,0.0357363881861616,0.0257862067557714,0.0542335750485427,0.0149330381774169,0.0590319620683734,0.0512707555134195,0.0434459411807273,0.0261570878535832,0.0160110070159895,0.0149631121707106,0.016638362092549,0.0219133714952637,0.0294493404001065,0.0335115785140763,0.0433766194530701,0.0350508614551111,0.0426610673483456,0.0164384301681097,0.0250895479621493,0.0156302094568237,0.0281366816075156,0.0712666779900292,0.0144002746512566,0.0277720118410937,0.0408290660741614,0.053684595776381,0.0367772457477418,0.0476744057724802,0.0233139171860565,0.0339426279937746,0.0366104212293699
"SPEECH_968",NA,NA,NA,NA,NA,NA,NA,NA,NA,NA,NA,NA,NA,NA,NA,NA,NA,NA,NA,NA,NA,NA,NA,NA,NA,NA,NA,NA,NA,NA,NA,NA,NA,NA,NA,NA,NA,NA,NA,NA,NA,NA,NA,NA,NA,NA,NA,NA,NA,NA,NA,NA,NA,NA,NA,NA,NA,NA,NA,NA,0.0490352766775531,0.0604312880735645,0.0119982396405161,0.0406619878164594,0.0353809093646492,0.0248187524610289,0.0339564079401478,0.0327403701387441,0.0160632802909226,0.0187038195168277,0.051884279526556,0.0189122831399254,0.0244018252148333,0.0233942510365275,0.0296829036666435,0.0616473258749681,0.0105737382160146,0.0231857874134297,0.0268339008176407,0.0231857874134297,0.0119982396405161,0.0317327959604382,0.0579644685335742,0.0119982396405161,0.0502513144789568,0.0463599935144651,0.0308989414680472,0.0689088087462071,0.0254093993931392,0.0469853843837584,0.0470502920861729,0.0577702354424837,0.0150058363734656,0.0463290979231878,0.040003877790905,0.059152675049433,0.0216603622183877,0.0121574526746372,0.0370390036809339,0.0427925536838295,0.0342773581120353,0.0114205255230753,0.015107553559736,0.0260432343296841,0.0307473861169446,0.0682492906202708,0.0658562781665083,0.0152933118031694,0.0327067959515477,0.0215016849887028,0.0244819349138656,0.0801202475762858,0.0358732962464558,0.0132790949286695,0.0256241422180573,0.0250322669991914,0.0135352731881388,0.02829666081973,0.0303356110790758,0.0232566659354195
"SPEECH_1131",NA,NA,NA,NA,NA,NA,NA,NA,NA,NA,NA,NA,NA,NA,NA,NA,NA,NA,NA,NA,NA,NA,NA,NA,NA,NA,NA,NA,NA,NA,NA,NA,NA,NA,NA,NA,NA,NA,NA,NA,NA,NA,NA,NA,NA,NA,NA,NA,NA,NA,NA,NA,NA,NA,NA,NA,NA,NA,NA,NA,0.0470502920861729,0.0577702354424837,0.0150058363734656,0.0463290979231878,0.040003877790905,0.059152675049433,0.0216603622183877,0.0121574526746372,0.0370390036809339,0.0427925536838295,0.0342773581120353,0.0114205255230753,0.015107553559736,0.0260432343296841,0.0307473861169446,0.0682492906202708,0.0658562781665083,0.0152933118031694,0.0327067959515477,0.0215016849887028,0.0244819349138656,0.0801202475762858,0.0358732962464558,0.0132790949286695,0.0256241422180573,0.0250322669991914,0.0135352731881388,0.02829666081973,0.0303356110790758,0.0232566659354195,0.040426935713713,0.0307261137874291,0.0122171934600178,0.0628947239606401,0.0135290197729908,0.0634838146768849,0.0207557326544374,0.0125872374806836,0.0882990122367525,0.0191807126287934,0.0204163185004489,0.039548985285242,0.0183705534583116,0.0211518959677304,0.00845196038980741,0.0297176358335765,0.0276789427087641,0.0120682879462401,0.0155224426885374,0.0118565961680812,0.178260562110529,0.0451082398994487,0.0666656188860723,0.00990138945921148,0.0249688645354127,0.020813628799515,0.0189492308747471,0.0460318080954493,0.0125279221223065,0.00788861989822579
"SPEECH_1150",NA,NA,NA,NA,NA,NA,NA,NA,NA,NA,NA,NA,NA,NA,NA,NA,NA,NA,NA,NA,NA,NA,NA,NA,NA,NA,NA,NA,NA,NA,NA,NA,NA,NA,NA,NA,NA,NA,NA,NA,NA,NA,NA,NA,NA,NA,NA,NA,NA,NA,NA,NA,NA,NA,NA,NA,NA,NA,NA,NA,0.0676694066119987,0.0501111564203891,0.0169347609117559,0.0430945109068407,0.0342764782024165,0.0317860327370673,0.0473821372691202,0.0143238193746253,0.0624598815870148,0.016295226223162,0.0317847337822244,0.0773958649803817,0.0110764430773576,0.0251290773301821,0.0488900336225542,0.0310573160788298,0.0444928230482471,0.0189981897772303,0.0273946538726869,0.0139643992540188,0.047021418814877,0.0174048276801058,0.0149796096400948,0.0201376238570778,0.0404596342311038,0.00998722457188645,0.0169401489743109,0.0475816395799889,0.02362105832251,0.0473498692599412,0.058503190862136,0.0471077701980422,0.0152777192288295,0.0284538102330688,0.0455049899496108,0.0468437660988423,0.0223285617913451,0.00840182822912024,0.0668834373347,0.0200988965131316,0.0196171858476892,0.0215167492486979,0.0210162042914745,0.0189897608118915,0.0516534820405268,0.050537664838293,0.0414432529972326,0.0129884923387813,0.0174712633811076,0.0172971251864397,0.112913159109847,0.0476763728592858,0.018425504915737,0.0182517469520504,0.0164395774058775,0.0369815026847736,0.0157772928582152,0.0466919674912533,0.0311321163764774,0.0237756079255226
"SPEECH_1016",NA,NA,NA,NA,NA,NA,NA,NA,NA,NA,NA,NA,NA,NA,NA,NA,NA,NA,NA,NA,NA,NA,NA,NA,NA,NA,NA,NA,NA,NA,NA,NA,NA,NA,NA,NA,NA,NA,NA,NA,NA,NA,NA,NA,NA,NA,NA,NA,NA,NA,NA,NA,NA,NA,NA,NA,NA,NA,NA,NA,0.040426935713713,0.0307261137874291,0.0122171934600178,0.0628947239606401,0.0135290197729908,0.0634838146768849,0.0207557326544374,0.0125872374806836,0.0882990122367525,0.0191807126287934,0.0204163185004489,0.039548985285242,0.0183705534583116,0.0211518959677304,0.00845196038980741,0.0297176358335765,0.0276789427087641,0.0120682879462401,0.0155224426885374,0.0118565961680812,0.178260562110529,0.0451082398994487,0.0666656188860723,0.00990138945921148,0.0249688645354127,0.020813628799515,0.0189492308747471,0.0460318080954493,0.0125279221223065,0.00788861989822579,0.0658747015449319,0.0507915660719051,0.0141433974035399,0.0266591718315235,0.0312872713615156,0.0614256285911784,0.0247402100216404,0.0168991594586331,0.0151725933290822,0.0136905607007519,0.0490635310083442,0.0354756027385244,0.0106691558575824,0.0337448491940883,0.00911890527919931,0.08491973059839,0.0367478372035178,0.0176885883086584,0.0386769697516771,0.0217469789485546,0.066634810795933,0.0599668268875866,0.0544978426481017,0.0158466863838409,0.0217204153939646,0.0271643082058761,0.0193044707481892,0.0217815062506963,0.0207384341920204,0.0338082892905527
"SPEECH_1129",NA,NA,NA,NA,NA,NA,NA,NA,NA,NA,NA,NA,NA,NA,NA,NA,NA,NA,NA,NA,NA,NA,NA,NA,NA,NA,NA,NA,NA,NA,NA,NA,NA,NA,NA,NA,NA,NA,NA,NA,NA,NA,NA,NA,NA,NA,NA,NA,NA,NA,NA,NA,NA,NA,NA,NA,NA,NA,NA,NA,0.0287582734517402,0.0392608881834732,0.0185150281609676,0.044629516902499,0.043558727214985,0.0325628105763661,0.0219342865612722,0.0164267268583514,0.0317460690165432,0.0134140526969656,0.0605570238875897,0.0217389562262131,0.0125962251827247,0.0546846294983443,0.0218465285472074,0.0445835079313368,0.0218555459482951,0.0139010733253083,0.0183660146807877,0.0326380156091106,0.106100001809367,0.0244326360116831,0.0309450575174716,0.0178641720034692,0.037778377475543,0.0409368464692249,0.0457387646234669,0.031790123464059,0.0300366119212795,0.0408035082443541,0.039400652941523,0.0688758960977063,0.0197743555249566,0.0287991203945139,0.039351504297644,0.0393129310232871,0.0256611943029542,0.013839372907681,0.0430328649362882,0.0158479135297335,0.0322535401791804,0.0670171495896544,0.0108203543152645,0.0514158917152921,0.0178848734925614,0.0421381105819812,0.0230664777100524,0.0156707265007423,0.0110029872608335,0.0163318049347384,0.0926694240415975,0.027525972735859,0.0335573733707783,0.0186760107900047,0.0208366496380378,0.0642815797624368,0.0248819258536148,0.0376750915426965,0.0181068841677469,0.0402913658606396
"SPEECH_1128",NA,NA,NA,NA,NA,NA,NA,NA,NA,NA,NA,NA,NA,NA,NA,NA,NA,NA,NA,NA,NA,NA,NA,NA,NA,NA,NA,NA,NA,NA,NA,NA,NA,NA,NA,NA,NA,NA,NA,NA,NA,NA,NA,NA,NA,NA,NA,NA,NA,NA,NA,NA,NA,NA,NA,NA,NA,NA,NA,NA,0.0480756199108778,0.0319911332259908,0.0117456881881563,0.0213103455369813,0.0400338646235436,0.0508639883683124,0.045531886209141,0.0159265724072718,0.0234345186610842,0.0348522408577395,0.0336661812759974,0.0390297621105475,0.0117026318737845,0.0261038678262942,0.0194214808811736,0.0468070683262841,0.033426160914519,0.0147018638590145,0.0184311384789295,0.0211658793829479,0.118711105023487,0.0424505788809547,0.036530230405692,0.0173666569232646,0.0229843453116818,0.0405399984566318,0.0341187388142422,0.0393841361557673,0.0348534192478451,0.0248388978618425,0.0371780779525394,0.0541281629804483,0.0103582359921179,0.0332530740670383,0.0319533488365169,0.033885471873283,0.0393842788805327,0.014967142203431,0.0353712417961527,0.0286651672748106,0.0259917107022033,0.0530908271918191,0.0240978874019436,0.0539492213706573,0.0148906962194438,0.066844154722021,0.0200156758755304,0.0191162041151799,0.0149025211491646,0.0213066964645931,0.130540024295555,0.0406983418712908,0.0413745753532669,0.0186919924734149,0.0280698942548499,0.0168941697158939,0.0144433006749128,0.0399546515380678,0.0167127016039277,0.0192705511493939
"SPEECH_1283",NA,NA,NA,NA,NA,NA,NA,NA,NA,NA,NA,NA,NA,NA,NA,NA,NA,NA,NA,NA,NA,NA,NA,NA,NA,NA,NA,NA,NA,NA,NA,NA,NA,NA,NA,NA,NA,NA,NA,NA,NA,NA,NA,NA,NA,NA,NA,NA,NA,NA,NA,NA,NA,NA,NA,NA,NA,NA,NA,NA,0.0480756199108778,0.0319911332259908,0.0117456881881563,0.0213103455369813,0.0400338646235436,0.0508639883683124,0.045531886209141,0.0159265724072718,0.0234345186610842,0.0348522408577395,0.0336661812759974,0.0390297621105475,0.0117026318737845,0.0261038678262942,0.0194214808811736,0.0468070683262841,0.033426160914519,0.0147018638590145,0.0184311384789295,0.0211658793829479,0.118711105023487,0.0424505788809547,0.036530230405692,0.0173666569232646,0.0229843453116818,0.0405399984566318,0.0341187388142422,0.0393841361557673,0.0348534192478451,0.0248388978618425,0.0371780779525394,0.0541281629804483,0.0103582359921179,0.0332530740670383,0.0319533488365169,0.033885471873283,0.0393842788805327,0.014967142203431,0.0353712417961527,0.0286651672748106,0.0259917107022033,0.0530908271918191,0.0240978874019436,0.0539492213706573,0.0148906962194438,0.066844154722021,0.0200156758755304,0.0191162041151799,0.0149025211491646,0.0213066964645931,0.130540024295555,0.0406983418712908,0.0413745753532669,0.0186919924734149,0.0280698942548499,0.0168941697158939,0.0144433006749128,0.0399546515380678,0.0167127016039277,0.0192705511493939
"SPEECH_876",NA,NA,NA,NA,NA,NA,NA,NA,NA,NA,NA,NA,NA,NA,NA,NA,NA,NA,NA,NA,NA,NA,NA,NA,NA,NA,NA,NA,NA,NA,NA,NA,NA,NA,NA,NA,NA,NA,NA,NA,NA,NA,NA,NA,NA,NA,NA,NA,NA,NA,NA,NA,NA,NA,NA,NA,NA,NA,NA,NA,0.0235729229584446,0.0527396397984636,0.0106388176294974,0.0205848553830819,0.0303315156487035,0.0365566110802591,0.0173486856775792,0.0170685623669789,0.0126635663275127,0.0276832157225743,0.020741882863408,0.0231844651711975,0.0113257391812087,0.0742224266422878,0.00918064820909356,0.0246012360236895,0.017369032368483,0.0205312343251436,0.0104251544109565,0.020919869280234,0.19909949559747,0.01303998030286,0.0197003705421231,0.0132299415232588,0.0536459387447713,0.0630550013671194,0.0402772172674508,0.0160537292381079,0.0187740219272849,0.0814342224207561,0.0302318022319388,0.0617677293788336,0.0164073483722693,0.0296970340675573,0.0493847162747943,0.0407662447363684,0.0191184754996687,0.0114646909012448,0.0526934297198016,0.0200043313389174,0.0400293508342105,0.0201930825180581,0.0146597757512241,0.0404255804889484,0.0165048516726246,0.0487766717198073,0.0241011860704002,0.0198003620815049,0.0340144246786735,0.0275629530651651,0.139075848391886,0.0278524749332189,0.0587696266543299,0.0193637394763468,0.0341651347826759,0.020581413091565,0.0196584536468773,0.0232607568808,0.0173348239680354,0.0223336867722535
"SPEECH_1145",NA,NA,NA,NA,NA,NA,NA,NA,NA,NA,NA,NA,NA,NA,NA,NA,NA,NA,NA,NA,NA,NA,NA,NA,NA,NA,NA,NA,NA,NA,NA,NA,NA,NA,NA,NA,NA,NA,NA,NA,NA,NA,NA,NA,NA,NA,NA,NA,NA,NA,NA,NA,NA,NA,NA,NA,NA,NA,NA,NA,0.0371780779525394,0.0541281629804483,0.0103582359921179,0.0332530740670383,0.0319533488365169,0.033885471873283,0.0393842788805327,0.014967142203431,0.0353712417961527,0.0286651672748106,0.0259917107022033,0.0530908271918191,0.0240978874019436,0.0539492213706573,0.0148906962194438,0.066844154722021,0.0200156758755304,0.0191162041151799,0.0149025211491646,0.0213066964645931,0.130540024295555,0.0406983418712908,0.0413745753532669,0.0186919924734149,0.0280698942548499,0.0168941697158939,0.0144433006749128,0.0399546515380678,0.0167127016039277,0.0192705511493939,0.0813289056385543,0.0409109675868986,0.0092760729777713,0.0583004933641476,0.0490096762269165,0.0291835474152927,0.0311748126237521,0.0158193824396163,0.0329150830422392,0.018316043267364,0.0475223732118278,0.0208845151353041,0.0100942426394706,0.036346670839598,0.0157825463484054,0.0585508795708972,0.0446364087538647,0.0202945599662929,0.0247212557177863,0.0165503940246993,0.0858471423819799,0.0201183789314864,0.0349184097849541,0.0264688747272628,0.0370372058440968,0.0455211279541145,0.017911432244742,0.0285664836512131,0.0133044709356941,0.0286876427537575
"SPEECH_1134",NA,NA,NA,NA,NA,NA,NA,NA,NA,NA,NA,NA,NA,NA,NA,NA,NA,NA,NA,NA,NA,NA,NA,NA,NA,NA,NA,NA,NA,NA,NA,NA,NA,NA,NA,NA,NA,NA,NA,NA,NA,NA,NA,NA,NA,NA,NA,NA,NA,NA,NA,NA,NA,NA,NA,NA,NA,NA,NA,NA,0.0263690860192732,0.0279088214791352,0.0149482171238924,0.03753960150866,0.0231355481621399,0.0476320540829018,0.0181568072732426,0.0164307567603625,0.0242926172658978,0.0895019157057521,0.035985348572833,0.0357202682408813,0.0137104258580582,0.0496467000102728,0.00814727897979077,0.0766307739765022,0.0220251264434861,0.020948689321304,0.022002237580917,0.0195830587211092,0.114764748633964,0.0150453253867243,0.018438319318222,0.0184775817425337,0.0611620520052813,0.016687292304427,0.0236126385009917,0.0373755935723573,0.0484662529868255,0.0156548624622611,0.0660231606873666,0.0421386730462811,0.0172494088283849,0.0133905766186631,0.0381897070781512,0.0438534128654749,0.0509780632979742,0.0132685420263586,0.0147116790692458,0.025178887772327,0.0318498441608467,0.0513138844103758,0.0150161709367569,0.0424596369728342,0.00681366533739634,0.0441737975184027,0.0342233042403651,0.0140455850915689,0.0394178500902706,0.0214445916945175,0.119299789661316,0.0298433454074618,0.0793111919499316,0.00886072246994493,0.013884070754892,0.0436200858576805,0.0193808623631867,0.0189316054495989,0.0147132362036771,0.026414648138748
"SPEECH_1008",NA,NA,NA,NA,NA,NA,NA,NA,NA,NA,NA,NA,NA,NA,NA,NA,NA,NA,NA,NA,NA,NA,NA,NA,NA,NA,NA,NA,NA,NA,NA,NA,NA,NA,NA,NA,NA,NA,NA,NA,NA,NA,NA,NA,NA,NA,NA,NA,NA,NA,NA,NA,NA,NA,NA,NA,NA,NA,NA,NA,0.0271799546780697,0.0280291120153345,0.015787212754606,0.026021823794566,0.0631080443356517,0.0556735734428491,0.0659413986163207,0.0182276929971305,0.030996051402639,0.0099997360298734,0.0483368073205725,0.0154993543565157,0.042806059578982,0.101519603398745,0.00764531277538817,0.0403006261576324,0.0733838067769899,0.017525158302709,0.0152443946373459,0.0197339602381187,0.038060585771111,0.0197289035392859,0.0217763212073657,0.0266631289784503,0.013272102207103,0.0112921859459604,0.0106346322469804,0.062018295187037,0.059180795001347,0.0144133663053198,0.025870143619515,0.0722778437215808,0.013777682775135,0.0388906936566898,0.050924480325287,0.0296161660969542,0.041237457824144,0.0102669449813743,0.0130584297661504,0.0106474464567805,0.0292299620350039,0.0229492690372313,0.0121419236257928,0.0721224467928797,0.0229776339673571,0.0875285578427561,0.0443408335745521,0.0173326063557904,0.0315669208984267,0.0340898113586302,0.0226058856039587,0.0204920594188479,0.0108350076477736,0.037426570011005,0.0360552949348303,0.0183322156010066,0.0155686344147167,0.0218586157678715,0.0418320400045514,0.0941464218834069
"SPEECH_1069",NA,NA,NA,NA,NA,NA,NA,NA,NA,NA,NA,NA,NA,NA,NA,NA,NA,NA,NA,NA,NA,NA,NA,NA,NA,NA,NA,NA,NA,NA,NA,NA,NA,NA,NA,NA,NA,NA,NA,NA,NA,NA,NA,NA,NA,NA,NA,NA,NA,NA,NA,NA,NA,NA,NA,NA,NA,NA,NA,NA,0.0271799546780697,0.0280291120153345,0.015787212754606,0.026021823794566,0.0631080443356517,0.0556735734428491,0.0659413986163207,0.0182276929971305,0.030996051402639,0.0099997360298734,0.0483368073205725,0.0154993543565157,0.042806059578982,0.101519603398745,0.00764531277538817,0.0403006261576324,0.0733838067769899,0.017525158302709,0.0152443946373459,0.0197339602381187,0.038060585771111,0.0197289035392859,0.0217763212073657,0.0266631289784503,0.013272102207103,0.0112921859459604,0.0106346322469804,0.062018295187037,0.059180795001347,0.0144133663053198,0.025870143619515,0.0722778437215808,0.013777682775135,0.0388906936566898,0.050924480325287,0.0296161660969542,0.041237457824144,0.0102669449813743,0.0130584297661504,0.0106474464567805,0.0292299620350039,0.0229492690372313,0.0121419236257928,0.0721224467928797,0.0229776339673571,0.0875285578427561,0.0443408335745521,0.0173326063557904,0.0315669208984267,0.0340898113586302,0.0226058856039587,0.0204920594188479,0.0108350076477736,0.037426570011005,0.0360552949348303,0.0183322156010066,0.0155686344147167,0.0218586157678715,0.0418320400045514,0.0941464218834069
"SPEECH_1071",NA,NA,NA,NA,NA,NA,NA,NA,NA,NA,NA,NA,NA,NA,NA,NA,NA,NA,NA,NA,NA,NA,NA,NA,NA,NA,NA,NA,NA,NA,NA,NA,NA,NA,NA,NA,NA,NA,NA,NA,NA,NA,NA,NA,NA,NA,NA,NA,NA,NA,NA,NA,NA,NA,NA,NA,NA,NA,NA,NA,0.0321668328348472,0.0573834834724274,0.00980361048016559,0.0238920042152003,0.0667336623708477,0.031666010493195,0.0291306286558618,0.0152363716621196,0.0667871211735598,0.0299344156720141,0.0152527964951273,0.00755228881707922,0.0222742245686158,0.0189279275885775,0.0119990231391413,0.0625076732392208,0.045996325450213,0.00756352491261364,0.0198154094311818,0.0190735466277134,0.0711384951353871,0.0148402393883355,0.0339264818143704,0.0282152185564338,0.0191880431117875,0.0580408426826383,0.0104909327940463,0.0346830348574534,0.0580728601622445,0.077706970197581,0.043840189998855,0.0468449393741412,0.0163478618470594,0.0431944577516619,0.0323833937867406,0.035483582355875,0.0506547100251798,0.0174994945675682,0.0167107312433517,0.021993568299566,0.0745445090173486,0.0308858711913183,0.0136073652627342,0.0458086747773755,0.0143723119120603,0.0868775637683977,0.0466632368122162,0.0184264768420676,0.0179648968233138,0.0296364852343781,0.0270241939309858,0.0567361542607764,0.0151592078455265,0.026944223462615,0.0247756883137401,0.0232065116636309,0.0172983439545492,0.0425298024528644,0.02879992269253,0.0337856305315728
"SPEECH_1011",NA,NA,NA,NA,NA,NA,NA,NA,NA,NA,NA,NA,NA,NA,NA,NA,NA,NA,NA,NA,NA,NA,NA,NA,NA,NA,NA,NA,NA,NA,NA,NA,NA,NA,NA,NA,NA,NA,NA,NA,NA,NA,NA,NA,NA,NA,NA,NA,NA,NA,NA,NA,NA,NA,NA,NA,NA,NA,NA,NA,0.0234862106192347,0.0366173886994426,0.01229488395254,0.0202500127492137,0.0421737878464839,0.0604186542449907,0.0393371220382732,0.0121417164498309,0.0364217937051053,0.0316286566053951,0.0183048105675962,0.0461280102028808,0.027729531742345,0.0300872179073629,0.0177946063845331,0.0246244470107941,0.021247213928394,0.0179367415260686,0.0409908635628156,0.0454377676555533,0.111231623201598,0.0442013129284317,0.0305940019565665,0.0172722210753569,0.0216198932578766,0.0188522860742231,0.0280624324915301,0.0578213443364741,0.0329621482008933,0.0323312990781961,0.0205137701922623,0.0460243336182112,0.0101680147864018,0.0193037434139504,0.0466967041203706,0.050863692430429,0.0303269024456766,0.0123115844125715,0.0395877666952869,0.0435901446094669,0.0205671137392113,0.0265311417386732,0.0208817892447226,0.0377531587209386,0.0187232183085799,0.0247437411013392,0.0250206244095906,0.0240152662399151,0.00889809124131017,0.0233635487934463,0.147617496403425,0.0227949970819438,0.0704005327530097,0.0189594355040422,0.030405369549216,0.0477587467612185,0.0290926131558781,0.026690114082608,0.0184243250169641,0.037972019429341
"SPEECH_954",NA,NA,NA,NA,NA,NA,NA,NA,NA,NA,NA,NA,NA,NA,NA,NA,NA,NA,NA,NA,NA,NA,NA,NA,NA,NA,NA,NA,NA,NA,NA,NA,NA,NA,NA,NA,NA,NA,NA,NA,NA,NA,NA,NA,NA,NA,NA,NA,NA,NA,NA,NA,NA,NA,NA,NA,NA,NA,NA,NA,0.0397729685121624,0.0412991483043498,0.0184397764516591,0.023002533419035,0.043574330154926,0.0402676560740061,0.0408898828960862,0.0137856232972445,0.0407285922249979,0.0186710356897365,0.0269369391749148,0.0451511544811946,0.0173647456599198,0.0312634884269302,0.0161797747222814,0.0593226446793142,0.0910437654980226,0.0222001915588772,0.0386693381788367,0.0154571069209177,0.0640188978059574,0.0273673186631758,0.0182020056243754,0.0140836129276032,0.0310309319010632,0.0162552249246998,0.0198877666196156,0.0452601157052035,0.0324044447167495,0.0474689847861437,0.0339404336130342,0.0565770185304765,0.0195706217441758,0.022690697478396,0.0965353360984678,0.0331762145642132,0.0159386937322671,0.0169604402769944,0.05381048010888,0.0200410631672418,0.0227810463345905,0.0274062148525955,0.0279926906325404,0.014926379374057,0.0256090119034002,0.0132609973212732,0.0186648696157658,0.023812537640049,0.0187933882000968,0.0464423268777995,0.110257434849498,0.0351287694823506,0.0303499888060667,0.0339282605693396,0.0221639816903587,0.0176046860707215,0.0184699183416028,0.0288918718007626,0.0167055292339848,0.0775690970890003
"SPEECH_941",NA,NA,NA,NA,NA,NA,NA,NA,NA,NA,NA,NA,NA,NA,NA,NA,NA,NA,NA,NA,NA,NA,NA,NA,NA,NA,NA,NA,NA,NA,NA,NA,NA,NA,NA,NA,NA,NA,NA,NA,NA,NA,NA,NA,NA,NA,NA,NA,NA,NA,NA,NA,NA,NA,NA,NA,NA,NA,NA,NA,0.0308156350181316,0.0543839259021979,0.0127424387813483,0.0138967293738374,0.0976794591839921,0.0148244261725442,0.017601634184979,0.0157772957174901,0.0160103595660832,0.0121258435319299,0.0204585713560413,0.0470239821029417,0.0152301121829404,0.0752954216871989,0.0266788960074778,0.0367070797855611,0.0127611039593942,0.0148036396914232,0.0109782441843635,0.0420460329115408,0.111614087110255,0.0158071213559891,0.0240441351732984,0.0260801165898981,0.0103185408468286,0.067318444888633,0.0510488885244281,0.0125033142942461,0.0695494462949691,0.0238750736200385,0.0639203544268291,0.032561800958011,0.00854134100170438,0.0504618934195081,0.0557967306162683,0.0563345754715616,0.0211157412383278,0.0172289054553146,0.0670714360143075,0.0298287273931704,0.0269038135778676,0.0662232236580085,0.0241641386831775,0.0334778098334687,0.0242636184918426,0.0225654802156483,0.0247115129910127,0.0140408358525954,0.0624276622596266,0.0121003936123521,0.105149408769932,0.0180372561265938,0.0191553231692245,0.0201450665562395,0.0189892329755445,0.0210320878011018,0.0131673360078081,0.018785833724102,0.0133810247181879,0.0384174349806628
"SPEECH_1066",NA,NA,NA,NA,NA,NA,NA,NA,NA,NA,NA,NA,NA,NA,NA,NA,NA,NA,NA,NA,NA,NA,NA,NA,NA,NA,NA,NA,NA,NA,NA,NA,NA,NA,NA,NA,NA,NA,NA,NA,NA,NA,NA,NA,NA,NA,NA,NA,NA,NA,NA,NA,NA,NA,NA,NA,NA,NA,NA,NA,0.0310319424492148,0.0597877736315259,0.0161670810789074,0.0208237593879729,0.0551052890684238,0.0336937839507428,0.0287527963561588,0.0144974458294739,0.0178417858974028,0.0246812434013728,0.0273911829341149,0.0611808640918616,0.0236440944874286,0.0776591791091704,0.0198113147264659,0.0469732556560889,0.0202980067011254,0.0204706738789599,0.012846980135846,0.0208653192050272,0.121875828931868,0.0314146783289447,0.0438553988591228,0.0160377081285405,0.0263913810814626,0.0529773665866527,0.0194855658544687,0.0191706525247805,0.0134373289565302,0.0218303187703444,0.0336791323846145,0.0265440556755876,0.0147244537208766,0.00935203372399231,0.0944622379785364,0.0365251990577752,0.03228479106497,0.0219021443280692,0.0370297864868868,0.0113147252124819,0.0445440565487019,0.0249622164156352,0.0183867018358934,0.0201480605592905,0.0381304551764005,0.0280131333944077,0.0149107351188939,0.0220115648191975,0.0189726811650341,0.0519440828893676,0.108940601847242,0.0287462073437944,0.0292812118361734,0.0123380107379763,0.0111703749585871,0.0441790851547287,0.0282666721195833,0.0173993751493629,0.0904493335525191,0.0293868797434195
"SPEECH_835",NA,NA,NA,NA,NA,NA,NA,NA,NA,NA,NA,NA,NA,NA,NA,NA,NA,NA,NA,NA,NA,NA,NA,NA,NA,NA,NA,NA,NA,NA,NA,NA,NA,NA,NA,NA,NA,NA,NA,NA,NA,NA,NA,NA,NA,NA,NA,NA,NA,NA,NA,NA,NA,NA,NA,NA,NA,NA,NA,NA,0.0382629859807492,0.0646101660858327,0.0182739655695651,0.0140548941878879,0.0318607964754042,0.0225180397218372,0.0147832278579916,0.0170094745799129,0.061315210619482,0.0266812473326692,0.0367903433899472,0.0677262541023641,0.014220592960174,0.0229700854197088,0.0240239635890971,0.092941574346142,0.0203282790046025,0.0229547190647234,0.0480967414523206,0.0234211984834968,0.0783995398017026,0.0604791956889022,0.0225146355679983,0.0129098576928603,0.0303870029131559,0.0296783528162708,0.0163306412966718,0.0196810395132539,0.0169243292306821,0.0298516452545936,0.0464345099848867,0.0651595361648091,0.0170087364551967,0.0165035309164914,0.0274583041541336,0.0391894767536769,0.0270877861645196,0.0197648805720987,0.0239963179204113,0.013600411279003,0.0241940702999912,0.0302268548714234,0.0197481942522641,0.0667977414546279,0.0161794943242389,0.10320746644391,0.0395084299596015,0.0179396279184633,0.0460903555221416,0.0157185260152181,0.0436814838350897,0.0280362818561058,0.0516797627158703,0.00984546907967872,0.0667435658108728,0.020300931497778,0.014777318971565,0.041664941573024,0.0249789880739305,0.0224770051589779
"SPEECH_961",NA,NA,NA,NA,NA,NA,NA,NA,NA,NA,NA,NA,NA,NA,NA,NA,NA,NA,NA,NA,NA,NA,NA,NA,NA,NA,NA,NA,NA,NA,NA,NA,NA,NA,NA,NA,NA,NA,NA,NA,NA,NA,NA,NA,NA,NA,NA,NA,NA,NA,NA,NA,NA,NA,NA,NA,NA,NA,NA,NA,0.0654174674161689,0.0915138699526094,0.0157943110047824,0.0175194286607056,0.0383095420493349,0.022071898379912,0.0576934011047632,0.00731354854955697,0.011952390391334,0.012146683815887,0.0635545907002049,0.0202187718040631,0.00864885935532674,0.0111163139037642,0.0291034284587627,0.0710807987817809,0.0726661841962847,0.0100447978470893,0.0691643750708772,0.00967999527326116,0.0271231926341075,0.0510820370739295,0.0500014458605097,0.0208018682110266,0.0317445179247024,0.0465346836426866,0.017370585584714,0.0197270596863747,0.0196498024196964,0.0109541502457834,0.112200181051097,0.045341823940728,0.0336042833226609,0.0298691106356256,0.035401225948699,0.030785905421672,0.0493080587283115,0.0153658643373398,0.0116582700300475,0.0122013073753145,0.0432011453833903,0.0282878259700992,0.0218633057593705,0.0164656039908096,0.0095349004257616,0.0212200172769301,0.0316751218279756,0.0247809823910251,0.0133281285007841,0.0488674257871046,0.0550172388338481,0.0281370558790425,0.0114248062087408,0.0143761483399913,0.0138848308089868,0.0307868578281797,0.0887410422717209,0.0297717995359323,0.0195784411385724,0.0733212910502388
"SPEECH_1004",NA,NA,NA,NA,NA,NA,NA,NA,NA,NA,NA,NA,NA,NA,NA,NA,NA,NA,NA,NA,NA,NA,NA,NA,NA,NA,NA,NA,NA,NA,NA,NA,NA,NA,NA,NA,NA,NA,NA,NA,NA,NA,NA,NA,NA,NA,NA,NA,NA,NA,NA,NA,NA,NA,NA,NA,NA,NA,NA,NA,0.0385460368642497,0.0332687997372347,0.0088255589560832,0.0191499554377268,0.0485533563569235,0.0426585499776662,0.0408121767955102,0.0196249073439048,0.0260203427755956,0.0124325108965978,0.0691523292560133,0.0555531930322014,0.0168021907952024,0.0401210869459798,0.020428890042478,0.0817179791679279,0.0393220457803187,0.0147732538561652,0.0452547090079043,0.0212318844344688,0.0824402242059135,0.0193931918063247,0.0207311518451552,0.00866855939613376,0.0114705403314927,0.0114060274427701,0.0125122719440205,0.0730149325782897,0.0397844885488964,0.0263288544408512,0.0332048854357425,0.0385571101986498,0.0153991381611092,0.0148985782939647,0.0677934468252145,0.0221812930566156,0.0667756302816642,0.0211914743017856,0.0326229263602458,0.0105932975774069,0.0476665481786515,0.0772596539204119,0.0157413306063029,0.0298785412922943,0.0353411310570882,0.026484962782023,0.0240056438099207,0.0148229432831479,0.0369735154040651,0.0289181831759926,0.0792947749909466,0.0399465249124459,0.00912228494229555,0.011626058507866,0.0227233538955848,0.096150776653855,0.0300936473064216,0.0166533325753878,0.00837204484946714,0.025706967363433
"SPEECH_952",NA,NA,NA,NA,NA,NA,NA,NA,NA,NA,NA,NA,NA,NA,NA,NA,NA,NA,NA,NA,NA,NA,NA,NA,NA,NA,NA,NA,NA,NA,NA,NA,NA,NA,NA,NA,NA,NA,NA,NA,NA,NA,NA,NA,NA,NA,NA,NA,NA,NA,NA,NA,NA,NA,NA,NA,NA,NA,NA,NA,0.0704457012700183,0.0528075021861423,0.00990749811962892,0.0358533025674537,0.0275862601272091,0.0207815941776172,0.0358177660280158,0.0111084070159622,0.0266274258523868,0.034850985650987,0.0722026404600933,0.0416287400314704,0.00864969377645889,0.0374262334701199,0.0178564500561869,0.0712436338989649,0.0221948418797319,0.0218222540489419,0.0315468128754987,0.0310505624135069,0.0118641825924667,0.07594372811188,0.0393716713617845,0.0382530457098808,0.0289480247683181,0.0272599625391414,0.0142925444993346,0.021661360513485,0.0367927734948483,0.0242044005024657,0.0179863203722973,0.0375737598760693,0.0216699352294028,0.0659995369593333,0.0470271240405649,0.0382388171890172,0.0432091421103091,0.0240214881677275,0.0285765249446913,0.00785130466617741,0.103642170107791,0.0421086586361123,0.0195216467494343,0.0735398404644027,0.0246482461986327,0.0339864141264238,0.02944693854551,0.0194560264080668,0.0221052362985758,0.0332947740743241,0.0173854289000108,0.0139053074292016,0.0203366821787216,0.0388713033836296,0.0258873633269842,0.0173134305861284,0.0215757433572767,0.0489882057683293,0.0336171895004739,0.0282154404043806
"SPEECH_1102",NA,NA,NA,NA,NA,NA,NA,NA,NA,NA,NA,NA,NA,NA,NA,NA,NA,NA,NA,NA,NA,NA,NA,NA,NA,NA,NA,NA,NA,NA,NA,NA,NA,NA,NA,NA,NA,NA,NA,NA,NA,NA,NA,NA,NA,NA,NA,NA,NA,NA,NA,NA,NA,NA,NA,NA,NA,NA,NA,NA,0.0137480341124016,0.0431605779129503,0.0116829772794023,0.063535959055844,0.0246722748184591,0.0291121279546286,0.0443760818252124,0.0211151642736152,0.0188755734273722,0.129802273254721,0.0615033888452507,0.0304032797171309,0.0125568050571694,0.0465375465143548,0.0154696568924093,0.049629690196016,0.0431281553314867,0.0109943842534886,0.0202607945042098,0.0210318061882293,0.0710098912800919,0.0247990964641453,0.0525745252271369,0.0150028371643523,0.0376061902986407,0.0154575381157704,0.013545041329291,0.0215805899810864,0.0137507439672314,0.0230769947579019,0.0369126366492918,0.0389264449535411,0.012028312436878,0.0704194102835992,0.0434036680761623,0.0356223164858685,0.0253435584669762,0.0125362071266334,0.0430602515247527,0.0118097166417686,0.0315548224323757,0.0544744595946467,0.0255385601572253,0.0292001931675174,0.0669409124656843,0.0373280207705754,0.0449440585050145,0.0156459074622785,0.0271486126995508,0.0221137126922445,0.0369469705019199,0.0269111106003087,0.0425223656962226,0.0286165436881484,0.0301481570441806,0.0170790303528605,0.0204108409034736,0.0431785302124599,0.054794799179956,0.0144398692278855
"SPEECH_1148",NA,NA,NA,NA,NA,NA,NA,NA,NA,NA,NA,NA,NA,NA,NA,NA,NA,NA,NA,NA,NA,NA,NA,NA,NA,NA,NA,NA,NA,NA,NA,NA,NA,NA,NA,NA,NA,NA,NA,NA,NA,NA,NA,NA,NA,NA,NA,NA,NA,NA,NA,NA,NA,NA,NA,NA,NA,NA,NA,NA,0.0179863203722973,0.0375737598760693,0.0216699352294028,0.0659995369593333,0.0470271240405649,0.0382388171890172,0.0432091421103091,0.0240214881677275,0.0285765249446913,0.00785130466617741,0.103642170107791,0.0421086586361123,0.0195216467494343,0.0735398404644027,0.0246482461986327,0.0339864141264238,0.02944693854551,0.0194560264080668,0.0221052362985758,0.0332947740743241,0.0173854289000108,0.0139053074292016,0.0203366821787216,0.0388713033836296,0.0258873633269842,0.0173134305861284,0.0215757433572767,0.0489882057683293,0.0336171895004739,0.0282154404043806,0.048451660497403,0.0379393177769237,0.0181967561000261,0.0222605513018508,0.0495499094580914,0.0336324635738895,0.0691381683519384,0.0204687435806161,0.0235852809825759,0.0156992432429945,0.057933918110842,0.034946157480872,0.018749685889322,0.0474088190855516,0.0283976167882641,0.0216428916797509,0.018228986916579,0.0281972557074685,0.020997199219523,0.0189426784081773,0.0452903324292019,0.019587594524583,0.0364636446041648,0.0138627481650094,0.0552106718533603,0.0480758648014729,0.05527161408791,0.0181173139584791,0.0313419570710919,0.0424109543520668
"SPEECH_1072",NA,NA,NA,NA,NA,NA,NA,NA,NA,NA,NA,NA,NA,NA,NA,NA,NA,NA,NA,NA,NA,NA,NA,NA,NA,NA,NA,NA,NA,NA,NA,NA,NA,NA,NA,NA,NA,NA,NA,NA,NA,NA,NA,NA,NA,NA,NA,NA,NA,NA,NA,NA,NA,NA,NA,NA,NA,NA,NA,NA,0.0369126366492918,0.0389264449535411,0.012028312436878,0.0704194102835992,0.0434036680761623,0.0356223164858685,0.0253435584669762,0.0125362071266334,0.0430602515247527,0.0118097166417686,0.0315548224323757,0.0544744595946467,0.0255385601572253,0.0292001931675174,0.0669409124656843,0.0373280207705754,0.0449440585050145,0.0156459074622785,0.0271486126995508,0.0221137126922445,0.0369469705019199,0.0269111106003087,0.0425223656962226,0.0286165436881484,0.0301481570441806,0.0170790303528605,0.0204108409034736,0.0431785302124599,0.054794799179956,0.0144398692278855,0.0273336786959692,0.0542831014518269,0.0124708424289528,0.0639571899196174,0.0499408604768823,0.0333614594827233,0.0190385866469688,0.0174725647798887,0.0351801503736306,0.019489300967923,0.0218243301873687,0.0450850078227061,0.0174746582695789,0.0277959508548777,0.018472023741449,0.0370824145398407,0.0648206980297854,0.0198181507448397,0.0183799801313089,0.0345401453512713,0.0747189992535898,0.015944971248136,0.01861174245111,0.0222673420403751,0.0434897211565366,0.0601705804208348,0.0217112002181856,0.0348686717802583,0.043164994165357,0.0272306823682074
"SPEECH_962",NA,NA,NA,NA,NA,NA,NA,NA,NA,NA,NA,NA,NA,NA,NA,NA,NA,NA,NA,NA,NA,NA,NA,NA,NA,NA,NA,NA,NA,NA,NA,NA,NA,NA,NA,NA,NA,NA,NA,NA,NA,NA,NA,NA,NA,NA,NA,NA,NA,NA,NA,NA,NA,NA,NA,NA,NA,NA,NA,NA,0.048451660497403,0.0379393177769237,0.0181967561000261,0.0222605513018508,0.0495499094580914,0.0336324635738895,0.0691381683519384,0.0204687435806161,0.0235852809825759,0.0156992432429945,0.057933918110842,0.034946157480872,0.018749685889322,0.0474088190855516,0.0283976167882641,0.0216428916797509,0.018228986916579,0.0281972557074685,0.020997199219523,0.0189426784081773,0.0452903324292019,0.019587594524583,0.0364636446041648,0.0138627481650094,0.0552106718533603,0.0480758648014729,0.05527161408791,0.0181173139584791,0.0313419570710919,0.0424109543520668,0.0172083170030089,0.0457491377132202,0.0147171317432293,0.0212456415115141,0.0322062153571016,0.0345769008810505,0.0256797959188958,0.0166012521337531,0.0366534320339567,0.0163605202546786,0.0413344271635976,0.032615937500813,0.00945135489109741,0.0227131483618046,0.0612884626390478,0.048104511938665,0.0514633424726199,0.0158990846486982,0.0157749404009608,0.0235713191468586,0.0961358821873018,0.0227857438396207,0.0336246876980653,0.0255984425111915,0.0822057733545286,0.0671820240777209,0.0202549881612228,0.0236581932613237,0.0268346923476565,0.0185046988467966
"SPEECH_1121",NA,NA,NA,NA,NA,NA,NA,NA,NA,NA,NA,NA,NA,NA,NA,NA,NA,NA,NA,NA,NA,NA,NA,NA,NA,NA,NA,NA,NA,NA,NA,NA,NA,NA,NA,NA,NA,NA,NA,NA,NA,NA,NA,NA,NA,NA,NA,NA,NA,NA,NA,NA,NA,NA,NA,NA,NA,NA,NA,NA,0.0290128802159259,0.0516108854498949,0.0168855462140591,0.020561105756746,0.0983226803578441,0.0250807389544086,0.035608714712798,0.0111350578801252,0.121608069469318,0.0121096170154109,0.0170281921154451,0.0287615802207254,0.0187325808856071,0.0115872473005633,0.0197195765508444,0.0323805286815759,0.024604533914666,0.0160054234730549,0.013136447898677,0.0594561311048293,0.0454407936889789,0.024925688332212,0.01408057501513,0.0202042800013783,0.0129692908622914,0.0934402329711317,0.0226267331280214,0.0335361132166532,0.0182583020685902,0.0511704525430939,0.0365154275970487,0.0243008861999646,0.0147639748931213,0.0510252209983748,0.0727221815581037,0.0240110223335959,0.0271572689979983,0.0157124785900115,0.0261392966814402,0.0190476957902015,0.0323352018612413,0.0467225384642298,0.0300904301720657,0.0582771745930088,0.0243079419091028,0.0688775843368852,0.0443459809130129,0.0190544856357075,0.0129169294017408,0.0199744755411861,0.0656666970632969,0.0247168717495213,0.0183111527040327,0.0234101486199092,0.0186830516650646,0.0428214358629734,0.0204339951487678,0.0436096894960188,0.0321398812137108,0.0419088800086629
"SPEECH_935",NA,NA,NA,NA,NA,NA,NA,NA,NA,NA,NA,NA,NA,NA,NA,NA,NA,NA,NA,NA,NA,NA,NA,NA,NA,NA,NA,NA,NA,NA,NA,NA,NA,NA,NA,NA,NA,NA,NA,NA,NA,NA,NA,NA,NA,NA,NA,NA,NA,NA,NA,NA,NA,NA,NA,NA,NA,NA,NA,NA,0.0288577761342616,0.0412907082029012,0.0112385865995564,0.0187660190191981,0.0187762413386387,0.0520867644799078,0.0325478723517834,0.00957631478264177,0.0434422277151784,0.0153226802895252,0.0649457419821944,0.049952968541908,0.0184202336971365,0.0526002394391295,0.00797867949395619,0.0368481639709442,0.0729873903548148,0.0161961367019815,0.0174683449487303,0.0127270501617986,0.135441134114222,0.0180436795735158,0.0279940692532089,0.0118740395123362,0.027661549943142,0.0672420682314709,0.0198317452489112,0.0254022430244668,0.0219598608471737,0.0225194700453655,0.0338169608685569,0.0561522875188823,0.0193630509190386,0.0565620466255341,0.0538300765792177,0.0201748155583454,0.0231367246313324,0.0127398962912666,0.0171508489616995,0.011239692573423,0.0175817932045973,0.0235902942616998,0.0236278351573826,0.0249887287788715,0.0242717953406697,0.0385557138643433,0.0215890029938658,0.0249957912247275,0.0208869757005268,0.034573638185198,0.100934426157642,0.0205438149994672,0.0545490072542436,0.0263148750828305,0.0399375833340109,0.0534634333846475,0.032187541907498,0.0350675871514178,0.0528989712785638,0.0252747902104999
"SPEECH_1012",NA,NA,NA,NA,NA,NA,NA,NA,NA,NA,NA,NA,NA,NA,NA,NA,NA,NA,NA,NA,NA,NA,NA,NA,NA,NA,NA,NA,NA,NA,NA,NA,NA,NA,NA,NA,NA,NA,NA,NA,NA,NA,NA,NA,NA,NA,NA,NA,NA,NA,NA,NA,NA,NA,NA,NA,NA,NA,NA,NA,0.0243169556099703,0.0279244608794868,0.0170073690252782,0.0381875989209834,0.0497895515011633,0.0418711873524832,0.0163484633873134,0.0199424357366009,0.0179809685404543,0.107774303603142,0.0308651272169103,0.0520925807391276,0.016590946960511,0.0478893658932905,0.0143637638620989,0.0456595402195611,0.0121152751148771,0.0191649470960884,0.0232510217753116,0.0181405410240271,0.141039456520432,0.0163579887726264,0.0321460914123102,0.0125727920414939,0.0426662637477852,0.0118058435425854,0.038800347662102,0.0227149680761696,0.0237829416440624,0.0168369021217534,0.0330038238000168,0.0522312391288957,0.00646069766483769,0.0133335769421132,0.0511124971488514,0.0496866544085706,0.0328325281487432,0.012722837327575,0.0211883170751803,0.0101782948957174,0.0226846556605653,0.06386334523627,0.0204545016253478,0.066386382039423,0.0305338055766203,0.0375922194348987,0.034099725879099,0.0150221896441681,0.0362915674645974,0.0343208813041029,0.10542083367966,0.0376705912477959,0.022716850344217,0.0184177252485246,0.046151004502073,0.0155873707205974,0.0116764682185804,0.0521314230068499,0.0230713763578126,0.0231566162682953
"SPEECH_1144",NA,NA,NA,NA,NA,NA,NA,NA,NA,NA,NA,NA,NA,NA,NA,NA,NA,NA,NA,NA,NA,NA,NA,NA,NA,NA,NA,NA,NA,NA,NA,NA,NA,NA,NA,NA,NA,NA,NA,NA,NA,NA,NA,NA,NA,NA,NA,NA,NA,NA,NA,NA,NA,NA,NA,NA,NA,NA,NA,NA,0.0328222246929299,0.0645432436238228,0.00844328629798649,0.0258515407580734,0.0614307357019322,0.0272788717565101,0.0188839155041771,0.0101253045779007,0.0186647537395223,0.0149991862424097,0.0299374600049776,0.0190144743704896,0.0342277801965329,0.0673434149016555,0.0173761607489944,0.039209903992871,0.0240952270356917,0.0211536388430419,0.0384187197325399,0.0244202520943349,0.136701795719794,0.0409373949720663,0.0153942930346671,0.016574802197765,0.0251364652060941,0.0503770047088896,0.0263959885928369,0.0234698642447001,0.0282874798752761,0.0384848166315161,0.0533926384469024,0.0486796281429031,0.0111359880431516,0.0293094626452496,0.0399332065014227,0.0470840747213381,0.0345270429082796,0.0160329912442755,0.0149713622254464,0.0136962805517806,0.0150550834233756,0.0735262837963887,0.0131093545054859,0.0849512988872051,0.0125198644375341,0.0359399237072114,0.0272381631511002,0.0136862598905323,0.00894602483000209,0.0267556043571919,0.103886429593299,0.0241939240171032,0.0201773357487037,0.0114416007856643,0.0330589588492539,0.0367778717952837,0.0520498832222681,0.0343847871957528,0.0220447131100623,0.0414939592658317
"SPEECH_1123",NA,NA,NA,NA,NA,NA,NA,NA,NA,NA,NA,NA,NA,NA,NA,NA,NA,NA,NA,NA,NA,NA,NA,NA,NA,NA,NA,NA,NA,NA,NA,NA,NA,NA,NA,NA,NA,NA,NA,NA,NA,NA,NA,NA,NA,NA,NA,NA,NA,NA,NA,NA,NA,NA,NA,NA,NA,NA,NA,NA,0.0194287018788115,0.0377733756410677,0.0136192034809842,0.0742190727379327,0.0356631871012881,0.0467172508473664,0.0230702405645197,0.0241976991333833,0.0182301279105541,0.00813583908715605,0.0166450956523732,0.023700447071638,0.0184845898993319,0.0278102645412543,0.0310234699533708,0.06058951403714,0.0236426984559023,0.0107816317237147,0.0137953250507956,0.0163747631231626,0.119993698533692,0.0331979216821027,0.0369230821182648,0.0305770634495878,0.0830167759812472,0.0129451877885317,0.0362342034766509,0.0417094959222883,0.0349385544193796,0.0265615187365078,0.036885253438439,0.0502216671765569,0.0187671146217332,0.0437101771894495,0.0444426900151029,0.0242681627385407,0.0249689338064119,0.0183700902790616,0.0220040476240614,0.0263889241520279,0.0450792610621948,0.0341600618196805,0.00860590785636644,0.0317770737246638,0.0360971669309143,0.0424339984744865,0.0153458304783967,0.0226412627815274,0.0171563463769888,0.0250281614858041,0.135561099138934,0.0338516654360249,0.0341356078311635,0.0187452518248385,0.0379047370719246,0.0531243935355343,0.0235878261287709,0.0447874629233455,0.0134387163932665,0.0165111076837894
"SPEECH_1005",NA,NA,NA,NA,NA,NA,NA,NA,NA,NA,NA,NA,NA,NA,NA,NA,NA,NA,NA,NA,NA,NA,NA,NA,NA,NA,NA,NA,NA,NA,NA,NA,NA,NA,NA,NA,NA,NA,NA,NA,NA,NA,NA,NA,NA,NA,NA,NA,NA,NA,NA,NA,NA,NA,NA,NA,NA,NA,NA,NA,0.0231031919881093,0.0347564482273813,0.0134521240947062,0.0176949033791046,0.0359074497851191,0.0867164937506173,0.027427931608866,0.0236741359443204,0.0539705778268744,0.0258791074138907,0.0328998774067599,0.0286005635868691,0.0120628628285585,0.0315387729885558,0.0139446172997396,0.0445569290466282,0.0267786073419077,0.0188866102991119,0.0455576153219974,0.0182394169591358,0.0754536030769894,0.0496740566204898,0.0533835261164008,0.0161285564534618,0.0359247151757607,0.0368612778006059,0.0347189678880173,0.0339570256971672,0.0297367076149499,0.0185133264579039,0.0743384044788512,0.023020237460923,0.0147612371694222,0.0405355577631629,0.0227183442061357,0.099203973390242,0.0365970271817039,0.0146785642385745,0.0511371470219299,0.0385708218412346,0.0147494179557267,0.0236176799959896,0.0142813062824563,0.031681003544627,0.0151793268853622,0.0259991282156601,0.0249696970754217,0.0220202369915101,0.0115130528996637,0.0174502917115635,0.0792265745608273,0.0459362245534184,0.0436763768221875,0.0355666688779761,0.0604175331451911,0.0205584472784671,0.0182413012214164,0.0466623477036688,0.0195299036533072,0.0131621658733792
"SPEECH_1068",NA,NA,NA,NA,NA,NA,NA,NA,NA,NA,NA,NA,NA,NA,NA,NA,NA,NA,NA,NA,NA,NA,NA,NA,NA,NA,NA,NA,NA,NA,NA,NA,NA,NA,NA,NA,NA,NA,NA,NA,NA,NA,NA,NA,NA,NA,NA,NA,NA,NA,NA,NA,NA,NA,NA,NA,NA,NA,NA,NA,0.0654051883382051,0.0391789882687177,0.0156780558183814,0.0148209899157518,0.0340843168217357,0.0640820045696905,0.0412845619202262,0.0138579392712344,0.0176091212963533,0.0164187861010777,0.0728222950217111,0.0219599740972722,0.00888157944693563,0.0206673179129484,0.00814353384286411,0.0915043846287218,0.0512135792252871,0.023641411087326,0.0798847408066697,0.0101844322706791,0.011809989478996,0.0474176811709048,0.0754384964792292,0.00862642201930917,0.0170871630823495,0.0283801130767762,0.0116997436877736,0.0281075934432735,0.0235235270741592,0.03658606982544,0.0227116196560275,0.0332777306543962,0.0155245834977174,0.0289967457210166,0.0345863963941585,0.0237045962738158,0.02434601763637,0.0322556284074569,0.113384158867955,0.0322858471260546,0.0386166077511294,0.0165508048799796,0.0221299437188578,0.0426372257138385,0.0222249453757474,0.0294216358132658,0.0190851257765106,0.019441068593203,0.0135009653780542,0.0321926651901667,0.066610822654051,0.0347699627837463,0.0377731012993845,0.0245348049345825,0.0420567806037113,0.0629266089300698,0.0307849320910737,0.041261111505012,0.0305644939574681,0.0118430688151795
"SPEECH_945",NA,NA,NA,NA,NA,NA,NA,NA,NA,NA,NA,NA,NA,NA,NA,NA,NA,NA,NA,NA,NA,NA,NA,NA,NA,NA,NA,NA,NA,NA,NA,NA,NA,NA,NA,NA,NA,NA,NA,NA,NA,NA,NA,NA,NA,NA,NA,NA,NA,NA,NA,NA,NA,NA,NA,NA,NA,NA,NA,NA,0.0401809548624722,0.0466879962813125,0.0127436763076118,0.0199547515712944,0.0183069243577026,0.0874567790761425,0.0513622020778916,0.0239610052438263,0.0173449163800923,0.0169800329160249,0.0555507369532697,0.0173614798649326,0.0150342188054138,0.0435920613937087,0.0101239075811655,0.0734716364157014,0.0571660041746357,0.0119206672818421,0.0183091595562664,0.00721356571952006,0.0693499721599655,0.0221590509534255,0.0590835774355792,0.0157582075021936,0.0360414453807458,0.0159800429877619,0.0209712968006731,0.039990025505778,0.0275613595117884,0.0483823449412619,0.0300735831490302,0.0214230713822912,0.011138784010436,0.0221045142959273,0.0241706912624139,0.0437277431658582,0.0407617473919533,0.0184184703567153,0.0480602423671341,0.0399435690501918,0.0427099160976928,0.0216127102201785,0.0185864140384829,0.0611962994427669,0.00993960362465602,0.0316321406361331,0.0388801803717082,0.0245998740411753,0.0118154074420847,0.0182875981074437,0.108371430546375,0.0232288805234059,0.038195498585767,0.0179308691726353,0.0385308445998057,0.0496670577320944,0.0627366465725786,0.0404218766947856,0.0175823884132128,0.024251946705066
"SPEECH_946",NA,NA,NA,NA,NA,NA,NA,NA,NA,NA,NA,NA,NA,NA,NA,NA,NA,NA,NA,NA,NA,NA,NA,NA,NA,NA,NA,NA,NA,NA,NA,NA,NA,NA,NA,NA,NA,NA,NA,NA,NA,NA,NA,NA,NA,NA,NA,NA,NA,NA,NA,NA,NA,NA,NA,NA,NA,NA,NA,NA,0.0464948289277786,0.110384899332372,0.0087178807469032,0.0339663450737074,0.0171922632777433,0.0257698164251992,0.10872327323584,0.00942408519917286,0.0321069943828204,0.0153216891420421,0.00914734384489835,0.0334495594303454,0.0149739205063,0.00747230196885145,0.0104814285927702,0.0684648966657945,0.0191717070095699,0.0146013763070055,0.0148567124033132,0.0306202587876237,0.0818694309222295,0.0163902559804537,0.0139165771127027,0.00777044858109281,0.0209819919409849,0.0197256750857518,0.0729481775014375,0.0193030234953237,0.0835499699957364,0.0322028681242362,0.0320514753418392,0.0307968947224583,0.0118621972245543,0.0578694188475087,0.0318331330468302,0.0413312499529265,0.0249243867254795,0.0249949914555403,0.0281368660881655,0.0197354728028754,0.0200705947116198,0.0524844636312467,0.0125439087859705,0.0481486516007695,0.01131370313328,0.0602629787337402,0.0504821713384612,0.0141942228504901,0.0180088911984835,0.0277873789945195,0.0529784637339858,0.0401667361369756,0.0566824491868721,0.0291902701240901,0.0358754397953338,0.0443295958528658,0.0560520514883003,0.0254988907104653,0.0214440143943964,0.0189490373899558
"SPEECH_949",NA,NA,NA,NA,NA,NA,NA,NA,NA,NA,NA,NA,NA,NA,NA,NA,NA,NA,NA,NA,NA,NA,NA,NA,NA,NA,NA,NA,NA,NA,NA,NA,NA,NA,NA,NA,NA,NA,NA,NA,NA,NA,NA,NA,NA,NA,NA,NA,NA,NA,NA,NA,NA,NA,NA,NA,NA,NA,NA,NA,0.0166567121946734,0.0372415979019865,0.0109870739339226,0.0181247742511763,0.0289850018245152,0.0982633418438976,0.0260151879873237,0.0159323027458545,0.0269599310621391,0.143242601426833,0.015273926415746,0.0563328093238762,0.0268273507326993,0.0233478642875039,0.0168223531618457,0.0256920780100565,0.0229361861497952,0.024803308811018,0.0105703210935282,0.0154935888244179,0.0845033831443401,0.0200817385965402,0.0486730882884684,0.0250258429527836,0.0247801857354056,0.0183623885215023,0.0266977558220818,0.0506039064760966,0.0224055328217379,0.0183578656582347,0.0226683125492433,0.0237260140155081,0.0113334072068288,0.067799057281875,0.0517378690081116,0.0325747776065066,0.0249161029963624,0.0114278391640481,0.0671767483344033,0.0203786844589839,0.0373073479140618,0.017399289342164,0.0309793189158808,0.0276826740732297,0.0161880773851666,0.0224502842616334,0.0303194883028572,0.0102447119513293,0.0132459088426905,0.0345725674563926,0.0616962933186459,0.0379626719273898,0.0729616921471149,0.0370464880327357,0.0483402469241732,0.0572118568767685,0.0214301105183208,0.0369056861719108,0.027283032646031,0.0250334403696322
"SPEECH_959",NA,NA,NA,NA,NA,NA,NA,NA,NA,NA,NA,NA,NA,NA,NA,NA,NA,NA,NA,NA,NA,NA,NA,NA,NA,NA,NA,NA,NA,NA,NA,NA,NA,NA,NA,NA,NA,NA,NA,NA,NA,NA,NA,NA,NA,NA,NA,NA,NA,NA,NA,NA,NA,NA,NA,NA,NA,NA,NA,NA,0.030092210656526,0.0253769709053192,0.0174066489408584,0.0514134222844108,0.0597475571355815,0.0657672133225508,0.0466077689807809,0.0138549397685314,0.0290883961890478,0.0200808894251084,0.0233631698181932,0.057850971643549,0.0234805605485337,0.0649620633171375,0.0114933725839905,0.037143969938745,0.0290287855200043,0.0254418200173952,0.0221663012121808,0.0317893787911655,0.0527562236397083,0.024751205120263,0.0323527519066514,0.0134492820558733,0.0310838029750238,0.0445826523354594,0.0645416234815062,0.0215262689223589,0.0153972034601063,0.0134025751034395,0.0648387465016102,0.0315913426544961,0.0162664629518333,0.0174955714016101,0.0497238315929718,0.0256271000788499,0.055712989008267,0.0255527980897219,0.0139579117675608,0.0191414535237782,0.0581712512165722,0.0330459139993068,0.0225317084304229,0.0586205478662407,0.0257769926334199,0.0561106569463481,0.0241403800424317,0.0201598806620654,0.0261868961730307,0.0276578112131079,0.053807112228342,0.0387433609721697,0.0270017920892833,0.0100925212428809,0.0146086992843598,0.0603966443358034,0.058892710853513,0.0213961985993527,0.0239567001278862,0.0187940135127637
"SPEECH_951",NA,NA,NA,NA,NA,NA,NA,NA,NA,NA,NA,NA,NA,NA,NA,NA,NA,NA,NA,NA,NA,NA,NA,NA,NA,NA,NA,NA,NA,NA,NA,NA,NA,NA,NA,NA,NA,NA,NA,NA,NA,NA,NA,NA,NA,NA,NA,NA,NA,NA,NA,NA,NA,NA,NA,NA,NA,NA,NA,NA,0.050513364663232,0.128021944599849,0.0123022113732032,0.022181526100541,0.0197060968773073,0.0180318242854442,0.0116251905291557,0.0154516112875859,0.020137215146387,0.0141360027039408,0.0511819068365628,0.0444307242680305,0.00878056662301383,0.0764888683290266,0.0186079697717307,0.11346713183157,0.0227690458771315,0.0181605303260158,0.0232653927940638,0.0207406004383315,0.0403313670124086,0.0362732707218978,0.022265984496442,0.0101949434003105,0.0143090022171042,0.0272830843797798,0.0555267765624431,0.0277012512553462,0.0355767020405967,0.0205378932515475,0.0334243733534315,0.0535176051341632,0.0117364383078549,0.0279266935088684,0.0661852165184863,0.0252909695206975,0.019203418039469,0.0142687962987633,0.0437420353900307,0.0155445122887803,0.0192346747198288,0.0553219844991674,0.0248039704068106,0.0370228499104626,0.0147340112415478,0.0280590462684993,0.0160889843738297,0.0162914449914267,0.0322132265123619,0.0247063117403097,0.135631256532214,0.0214278208543155,0.0366014541926328,0.0280810536916996,0.0622998041002058,0.0448000919477509,0.0274489263980249,0.0182142292133798,0.0202858362543729,0.0258929637906146
"SPEECH_1003",NA,NA,NA,NA,NA,NA,NA,NA,NA,NA,NA,NA,NA,NA,NA,NA,NA,NA,NA,NA,NA,NA,NA,NA,NA,NA,NA,NA,NA,NA,NA,NA,NA,NA,NA,NA,NA,NA,NA,NA,NA,NA,NA,NA,NA,NA,NA,NA,NA,NA,NA,NA,NA,NA,NA,NA,NA,NA,NA,NA,0.0244573190298524,0.0387805044546028,0.0199373285608618,0.028382743190345,0.0444570423679535,0.0203102989914384,0.0312174925699583,0.0125951429933297,0.0182870934616579,0.012381968124867,0.0792963221909637,0.0481023935658843,0.0216362541993348,0.0719340064793963,0.0206018874858903,0.0688862217067465,0.0245594391777934,0.0209071871902514,0.044651722270387,0.0275093889316993,0.0735042228689082,0.0193319465066746,0.0141401706655089,0.0201887091498502,0.02840875633919,0.0491321954492233,0.015261738099543,0.0284012681466454,0.0393834580747678,0.0333557777564749,0.0188999236387616,0.0344036819348814,0.0140583991105039,0.0391431715176501,0.101578498713054,0.0239054275819877,0.015528657548871,0.011765177262233,0.0480229826498545,0.051415433410607,0.0384577817117629,0.0105547010067235,0.0220840980407835,0.0420861306763961,0.013589117942574,0.0528092889050613,0.0182312017214618,0.0213175424712888,0.0195272310419337,0.027592418703628,0.0204809987663668,0.0342466756852846,0.0666403862307905,0.0145992999898024,0.0519065277978228,0.0693688999583888,0.027001422300808,0.0190479206935885,0.0238964298893981,0.0478405730977317
"SPEECH_1105",NA,NA,NA,NA,NA,NA,NA,NA,NA,NA,NA,NA,NA,NA,NA,NA,NA,NA,NA,NA,NA,NA,NA,NA,NA,NA,NA,NA,NA,NA,NA,NA,NA,NA,NA,NA,NA,NA,NA,NA,NA,NA,NA,NA,NA,NA,NA,NA,NA,NA,NA,NA,NA,NA,NA,NA,NA,NA,NA,NA,0.0248244436281115,0.0469989628833891,0.0181466940123653,0.0580796781901218,0.0429641329337501,0.0526489620225286,0.0228609253682737,0.0142060685151443,0.0191793097757946,0.0103975576480109,0.0234482778635381,0.0310551143449737,0.0141318071498367,0.0647069383592249,0.0127720275991285,0.0419426759763111,0.0724126470422231,0.0189570725965147,0.0346180312899614,0.0400229118485959,0.113715064392355,0.0272877100259343,0.0208819161953398,0.0287868774028486,0.0376348412177043,0.0111265813164306,0.0325964299326816,0.0176800382247293,0.0226601527354174,0.0232561495087613,0.0228616116854103,0.0321563494924667,0.0159366734060134,0.0469267379038599,0.0399342663251846,0.0437468655998962,0.0279066515090062,0.0152640529968137,0.0163685709198156,0.0163742138520685,0.03455397419733,0.0286230262434845,0.01952660875937,0.0477509385928043,0.0173622241778571,0.0441336492997454,0.0273038423972229,0.0191209398796141,0.0186678907518698,0.0233194260349326,0.134346061083739,0.0168747861287928,0.0259721448826333,0.0234992318218245,0.0782790686434459,0.0368472970185948,0.0260622177817091,0.0262260280498058,0.0311685445128607,0.0428861060518281
"SPEECH_1087",NA,NA,NA,NA,NA,NA,NA,NA,NA,NA,NA,NA,NA,NA,NA,NA,NA,NA,NA,NA,NA,NA,NA,NA,NA,NA,NA,NA,NA,NA,NA,NA,NA,NA,NA,NA,NA,NA,NA,NA,NA,NA,NA,NA,NA,NA,NA,NA,NA,NA,NA,NA,NA,NA,NA,NA,NA,NA,NA,NA,0.0179201813316759,0.0493334509742386,0.0141847340411717,0.0226149093634893,0.0443013848769853,0.0314336344668095,0.0225331780897096,0.0140711159091475,0.0505166601559632,0.0129087169656524,0.0294248897676366,0.061491687912673,0.0180984250119332,0.0666371143025841,0.0165254960579872,0.063144569163278,0.0754664818742361,0.028720540546959,0.0152429747330751,0.0206847101924997,0.0897128659094294,0.0284207444789824,0.00809795280702585,0.0275930702410421,0.0324082157497045,0.0319868932437095,0.0124390110175885,0.0349459192202752,0.038407738938157,0.0207327326563806,0.0371729790698951,0.0674958667077788,0.0158226183720004,0.0568385979361339,0.0479370865371735,0.0421715903451105,0.0330871016314213,0.0141168742049543,0.040293723252525,0.0145575670106493,0.0397067033061246,0.041634487425313,0.0127998751712575,0.0564899339904995,0.0107211112221872,0.032565114811108,0.0256395152398415,0.0204231693387594,0.0132645895292335,0.0268322878012976,0.0555695889481249,0.0244094117163559,0.0427024848272058,0.045880074829769,0.0426684858566452,0.0350858778893014,0.0125816877609372,0.0192902576206234,0.0402325575877523,0.0320087800600211
"SPEECH_1142",NA,NA,NA,NA,NA,NA,NA,NA,NA,NA,NA,NA,NA,NA,NA,NA,NA,NA,NA,NA,NA,NA,NA,NA,NA,NA,NA,NA,NA,NA,NA,NA,NA,NA,NA,NA,NA,NA,NA,NA,NA,NA,NA,NA,NA,NA,NA,NA,NA,NA,NA,NA,NA,NA,NA,NA,NA,NA,NA,NA,0.0179201813316759,0.0493334509742386,0.0141847340411717,0.0226149093634893,0.0443013848769853,0.0314336344668095,0.0225331780897096,0.0140711159091475,0.0505166601559632,0.0129087169656524,0.0294248897676366,0.061491687912673,0.0180984250119332,0.0666371143025841,0.0165254960579872,0.063144569163278,0.0754664818742361,0.028720540546959,0.0152429747330751,0.0206847101924997,0.0897128659094294,0.0284207444789824,0.00809795280702585,0.0275930702410421,0.0324082157497045,0.0319868932437095,0.0124390110175885,0.0349459192202752,0.038407738938157,0.0207327326563806,0.0371729790698951,0.0674958667077788,0.0158226183720004,0.0568385979361339,0.0479370865371735,0.0421715903451105,0.0330871016314213,0.0141168742049543,0.040293723252525,0.0145575670106493,0.0397067033061246,0.041634487425313,0.0127998751712575,0.0564899339904995,0.0107211112221872,0.032565114811108,0.0256395152398415,0.0204231693387594,0.0132645895292335,0.0268322878012976,0.0555695889481249,0.0244094117163559,0.0427024848272058,0.045880074829769,0.0426684858566452,0.0350858778893014,0.0125816877609372,0.0192902576206234,0.0402325575877523,0.0320087800600211
"SPEECH_974",NA,NA,NA,NA,NA,NA,NA,NA,NA,NA,NA,NA,NA,NA,NA,NA,NA,NA,NA,NA,NA,NA,NA,NA,NA,NA,NA,NA,NA,NA,NA,NA,NA,NA,NA,NA,NA,NA,NA,NA,NA,NA,NA,NA,NA,NA,NA,NA,NA,NA,NA,NA,NA,NA,NA,NA,NA,NA,NA,NA,0.0364486963698249,0.033856127410718,0.0117545917600063,0.0321241341060735,0.078124134520778,0.0330134888205086,0.02980468771553,0.0201775151623291,0.0694635870766306,0.0244382010093767,0.0271046311261656,0.0549516701557472,0.0125423360383416,0.0273360711658006,0.0299969059448126,0.0285214073369001,0.0295178734661557,0.019270044714257,0.0159095068443224,0.0369176996668802,0.0761975300689181,0.0175866256443764,0.0617579396462611,0.0236788631694724,0.0330543592838677,0.0524061046975799,0.02483641802238,0.0202483902548987,0.0158238423845723,0.0231366164165148,0.0225923314660814,0.0298895138202621,0.00940815064779885,0.0507535776161775,0.0330715698940644,0.0321739711525417,0.0313804432655572,0.0187395785936771,0.0181231548435952,0.133775660251871,0.0244135996507422,0.073168410842922,0.0194685339681625,0.0382541995340624,0.0103742288693336,0.0347566074191322,0.0171975716294443,0.0189838348485437,0.0117183364891752,0.0230205319551135,0.083912089342148,0.0278983070184369,0.0298275219182795,0.0476460538259181,0.0271845701390787,0.0206850592643146,0.0604553799977747,0.0205144424709745,0.0188738462663658,0.0117389229984507
"SPEECH_1006",NA,NA,NA,NA,NA,NA,NA,NA,NA,NA,NA,NA,NA,NA,NA,NA,NA,NA,NA,NA,NA,NA,NA,NA,NA,NA,NA,NA,NA,NA,NA,NA,NA,NA,NA,NA,NA,NA,NA,NA,NA,NA,NA,NA,NA,NA,NA,NA,NA,NA,NA,NA,NA,NA,NA,NA,NA,NA,NA,NA,0.0133782281602389,0.0489977899787474,0.0174190212610489,0.0539679925667107,0.0346016260110936,0.0302193720617692,0.0184954104453638,0.0165986868412224,0.0261747428768898,0.0136415216369987,0.0648811767039388,0.0407756141642951,0.0106199848527174,0.123755304684969,0.00985331872952172,0.0511985373754589,0.0165126291570379,0.024030390615313,0.0103333615504571,0.0374017917265768,0.10815196877082,0.019422591748651,0.00895409052715277,0.014752418499395,0.0750580972297653,0.0498058949108654,0.0205461325621565,0.0149338172621138,0.0103656471519162,0.0151528399367946,0.0377557828871508,0.0376808861511782,0.0162672696592394,0.0383060568648088,0.0531487761218302,0.036130185762332,0.0392917329156612,0.0130604994089242,0.042382061212847,0.0105399089472693,0.0579296749246233,0.026510165520211,0.0213849366276437,0.0488172196908869,0.02391198873469,0.057341609698808,0.0620038101240695,0.0193033491621767,0.025067795313565,0.0329759660640301,0.0362777174926274,0.0153890056368704,0.0366300722203402,0.014372896403257,0.0536829454080535,0.0386363309990085,0.0124507796040093,0.0368464458342953,0.0347170141681296,0.0211871164414637
"SPEECH_1147",NA,NA,NA,NA,NA,NA,NA,NA,NA,NA,NA,NA,NA,NA,NA,NA,NA,NA,NA,NA,NA,NA,NA,NA,NA,NA,NA,NA,NA,NA,NA,NA,NA,NA,NA,NA,NA,NA,NA,NA,NA,NA,NA,NA,NA,NA,NA,NA,NA,NA,NA,NA,NA,NA,NA,NA,NA,NA,NA,NA,0.0305413638117376,0.049945843457988,0.00805490084234775,0.0481374013963294,0.0217971246295127,0.0381752114820133,0.0241580963490455,0.0196465701275944,0.019556995083719,0.07860012090212,0.0638868392877101,0.0940915543476243,0.0150075237194454,0.0907019090666668,0.00985796477534381,0.0711852030530385,0.0135204591386602,0.0147620817878364,0.0190034365731365,0.0238035085002508,0.0498054720161728,0.0191201423421886,0.0520313970212303,0.0215636307909203,0.0183307049119333,0.0128773442534523,0.0222439314432906,0.0222243262400818,0.0125192861125789,0.0148496565360305,0.0179577073491642,0.0406939788922801,0.0118310577075424,0.0540431603038617,0.02872131286683,0.0285326106114781,0.0286343370788495,0.0223187687408118,0.0403660083050571,0.0234166892559985,0.0131136492849547,0.0545888453343935,0.0147861497125944,0.0486959368857112,0.0297494232198692,0.0558308781624872,0.0427786747461344,0.0159039635676601,0.0251853948973566,0.0159932085198426,0.0952881034196497,0.0240468735170085,0.00985807531044108,0.0236028259693388,0.0720928619776085,0.039408238593289,0.0269866233012088,0.0381944090718357,0.0425828361225453,0.0147973972741975
"SPEECH_938",NA,NA,NA,NA,NA,NA,NA,NA,NA,NA,NA,NA,NA,NA,NA,NA,NA,NA,NA,NA,NA,NA,NA,NA,NA,NA,NA,NA,NA,NA,NA,NA,NA,NA,NA,NA,NA,NA,NA,NA,NA,NA,NA,NA,NA,NA,NA,NA,NA,NA,NA,NA,NA,NA,NA,NA,NA,NA,NA,NA,0.0179577073491642,0.0406939788922801,0.0118310577075424,0.0540431603038617,0.02872131286683,0.0285326106114781,0.0286343370788495,0.0223187687408118,0.0403660083050571,0.0234166892559985,0.0131136492849547,0.0545888453343935,0.0147861497125944,0.0486959368857112,0.0297494232198692,0.0558308781624872,0.0427786747461344,0.0159039635676601,0.0251853948973566,0.0159932085198426,0.0952881034196497,0.0240468735170085,0.00985807531044108,0.0236028259693388,0.0720928619776085,0.039408238593289,0.0269866233012088,0.0381944090718357,0.0425828361225453,0.0147973972741975,0.0372000357652851,0.0549315635298807,0.012361268558131,0.0239827571189711,0.0623799485361677,0.0324419618358779,0.0299975112573979,0.0149054968682662,0.0369187401735177,0.0241595975958008,0.0587699310395448,0.0992846556155478,0.0249268755119123,0.0229042050638352,0.0161673588809303,0.0315335830168742,0.0224820336244171,0.0209060662811561,0.0211551486665526,0.0347725167531457,0.069609374016736,0.0443317685423213,0.0380743759658015,0.00994404264205726,0.0275625781008051,0.039767558606911,0.0277835524560459,0.0155521750556473,0.0211177126173622,0.0240756063031002
"SPEECH_967",NA,NA,NA,NA,NA,NA,NA,NA,NA,NA,NA,NA,NA,NA,NA,NA,NA,NA,NA,NA,NA,NA,NA,NA,NA,NA,NA,NA,NA,NA,NA,NA,NA,NA,NA,NA,NA,NA,NA,NA,NA,NA,NA,NA,NA,NA,NA,NA,NA,NA,NA,NA,NA,NA,NA,NA,NA,NA,NA,NA,0.0422799928227347,0.0519147061123903,0.00966081110759159,0.0430308947906266,0.0262774234423867,0.0331549821248301,0.0177532810109326,0.0296511194089449,0.0223655464711011,0.00883734578350364,0.0802975882780271,0.0212476685718975,0.0113326369436887,0.0995778691184928,0.00888014856708234,0.0531633919621762,0.0299429473193146,0.017359847055334,0.0181411828528695,0.0145753167873655,0.0894601191748217,0.0205816247028821,0.037093411437131,0.0403937545539667,0.0774089827490542,0.0108446422943692,0.0186890362363014,0.0291625357850655,0.0184415711916876,0.0184796213434299,0.0277098056268113,0.0517279753317075,0.0121069360803717,0.0300930028315736,0.0381042231690994,0.0462227248163038,0.0205579272360689,0.0216579097804808,0.0251291885486575,0.0181586119114832,0.0424339447520773,0.0794659672425247,0.0133439174036284,0.0482811208118584,0.0117477943980615,0.0205732763880719,0.0616447903351108,0.0186916124542039,0.0488874357073825,0.0263910744217992,0.0681334103418419,0.0293205111683736,0.0238621141122901,0.0198317071194901,0.0318367030704777,0.0254615641364569,0.0557262146657476,0.0368923416901118,0.0205735509261726,0.0254326435217613
"SPEECH_1120",NA,NA,NA,NA,NA,NA,NA,NA,NA,NA,NA,NA,NA,NA,NA,NA,NA,NA,NA,NA,NA,NA,NA,NA,NA,NA,NA,NA,NA,NA,NA,NA,NA,NA,NA,NA,NA,NA,NA,NA,NA,NA,NA,NA,NA,NA,NA,NA,NA,NA,NA,NA,NA,NA,NA,NA,NA,NA,NA,NA,0.0595246480468986,0.0335879071498699,0.008139701931904,0.0312844692221051,0.0312813612274237,0.0350075598634,0.0393126353203607,0.0173396112764371,0.0269521675760539,0.0307945531359709,0.0649176740328614,0.0651070660001594,0.0162884141211423,0.0421928681028606,0.0118206813391766,0.051193681899663,0.0141448492504507,0.023360247068218,0.0152265669549822,0.0133340431591078,0.1155527437445,0.026450474919347,0.0308139999369372,0.0190679866281775,0.036379320451524,0.0353415697911427,0.020767083878649,0.0171280827350575,0.0291000371485552,0.038587994087064,0.0296836344713371,0.0540546650075317,0.0122218338344681,0.0173307125615933,0.033299401981279,0.0414857479520464,0.0763237580819154,0.0147186255402696,0.0258138218391247,0.0149108593475848,0.0204055767079388,0.0844990858951367,0.0145467367555537,0.0491826038262374,0.0192638909571586,0.0313305447112221,0.028385213426205,0.0276339747734948,0.0128036108522558,0.017893996556111,0.114546146020387,0.0289788815336391,0.0257273278260223,0.0161120684144176,0.0529104809195128,0.0366711196912319,0.0230187410556889,0.0356326372831551,0.0137391743333407,0.02687512784414
"SPEECH_1089",NA,NA,NA,NA,NA,NA,NA,NA,NA,NA,NA,NA,NA,NA,NA,NA,NA,NA,NA,NA,NA,NA,NA,NA,NA,NA,NA,NA,NA,NA,NA,NA,NA,NA,NA,NA,NA,NA,NA,NA,NA,NA,NA,NA,NA,NA,NA,NA,NA,NA,NA,NA,NA,NA,NA,NA,NA,NA,NA,NA,0.0296836344713371,0.0540546650075317,0.0122218338344681,0.0173307125615933,0.033299401981279,0.0414857479520464,0.0763237580819154,0.0147186255402696,0.0258138218391247,0.0149108593475848,0.0204055767079388,0.0844990858951367,0.0145467367555537,0.0491826038262374,0.0192638909571586,0.0313305447112221,0.028385213426205,0.0276339747734948,0.0128036108522558,0.017893996556111,0.114546146020387,0.0289788815336391,0.0257273278260223,0.0161120684144176,0.0529104809195128,0.0366711196912319,0.0230187410556889,0.0356326372831551,0.0137391743333407,0.02687512784414,0.0485208623402175,0.0470363003287695,0.0147659293570325,0.0521085774201071,0.0542111393627349,0.0316564960347176,0.0356080819592264,0.0164175459168219,0.0230814115819965,0.0148861858186686,0.0507758454421822,0.0450729737476052,0.0246415479184927,0.032924089424646,0.0164452422637175,0.0249256754564563,0.0372300721521771,0.0235647518928259,0.0150916239758895,0.0402802635834413,0.0965739806064312,0.012561704162579,0.0206997767536325,0.023769215332005,0.0398417316532271,0.0407876054088004,0.0230087521832131,0.0276843915913838,0.0251692723182537,0.040658954012748
"SPEECH_1107",NA,NA,NA,NA,NA,NA,NA,NA,NA,NA,NA,NA,NA,NA,NA,NA,NA,NA,NA,NA,NA,NA,NA,NA,NA,NA,NA,NA,NA,NA,NA,NA,NA,NA,NA,NA,NA,NA,NA,NA,NA,NA,NA,NA,NA,NA,NA,NA,NA,NA,NA,NA,NA,NA,NA,NA,NA,NA,NA,NA,0.0261049378889259,0.0311236216080924,0.00803171540700547,0.0201369577369984,0.0272141219102365,0.0917389074315107,0.0452354722305016,0.0124468640486112,0.0221421859514324,0.0757928272268513,0.0465843942528147,0.0772310527960068,0.0119237252832995,0.0582195421626288,0.0128499445988322,0.0518190976694671,0.02676045106113,0.0176256851929211,0.014455459809643,0.0114304584896507,0.0750200088293251,0.0305908240319238,0.0323746511814343,0.0143212144299788,0.0197546277757028,0.0139882965064153,0.0121655658618309,0.0600904061872524,0.0183696850682098,0.0344572973713668,0.0329716373966184,0.0388471680401362,0.0127670461934934,0.0480908800623894,0.0265254149630244,0.045178401887053,0.0306911109995093,0.0143808814082272,0.0269142600965699,0.0147387853141188,0.0503496304365462,0.0565248520699498,0.0169100395232849,0.0205317378107248,0.0136763345394302,0.0375619488604541,0.0699838618882672,0.0198482689048044,0.0448839366775919,0.0343608700328965,0.0735181126524501,0.037161133390588,0.0350577274556907,0.0119516244862086,0.0124696659944828,0.0390246879616829,0.0249417400582499,0.0326307131722827,0.0363983758411685,0.0411091518821058
"SPEECH_1086",NA,NA,NA,NA,NA,NA,NA,NA,NA,NA,NA,NA,NA,NA,NA,NA,NA,NA,NA,NA,NA,NA,NA,NA,NA,NA,NA,NA,NA,NA,NA,NA,NA,NA,NA,NA,NA,NA,NA,NA,NA,NA,NA,NA,NA,NA,NA,NA,NA,NA,NA,NA,NA,NA,NA,NA,NA,NA,NA,NA,0.0532068703880919,0.0593976326298272,0.0199961317156556,0.0169173871971493,0.0214357877734803,0.0310737885295416,0.0585283545531541,0.0204514123170895,0.0207585469122438,0.0167802599735993,0.0614581786734821,0.113020370321357,0.0101856632762412,0.0479943024610271,0.00940740328871156,0.0693397080945174,0.0598664006807634,0.0125324495405275,0.0578791450826864,0.0409315044112225,0.0129171430778348,0.0421704619775036,0.0184356682213978,0.0128679810114098,0.014956400519434,0.0301330943429804,0.0188174798877742,0.0144875795908049,0.0162595243718197,0.0177933691786724,0.0412490041296759,0.0821506787732962,0.0112550086523527,0.0401247766655352,0.037238302048649,0.0260447314210832,0.0117317567406265,0.0121424791159146,0.0167149307905738,0.0144409967178672,0.0308115742911855,0.143926296165398,0.0109434713242158,0.0471942969754836,0.0301172272663153,0.0337389584708389,0.0176858728466528,0.0143240088039191,0.0164429953431001,0.0248662456806368,0.0470146939353863,0.0304603900649775,0.0279381291560324,0.0291921341758835,0.0335785274219274,0.0461050586036989,0.0376806671017001,0.0298853938797265,0.0330556711202598,0.0219457223170873
"SPEECH_1141",NA,NA,NA,NA,NA,NA,NA,NA,NA,NA,NA,NA,NA,NA,NA,NA,NA,NA,NA,NA,NA,NA,NA,NA,NA,NA,NA,NA,NA,NA,NA,NA,NA,NA,NA,NA,NA,NA,NA,NA,NA,NA,NA,NA,NA,NA,NA,NA,NA,NA,NA,NA,NA,NA,NA,NA,NA,NA,NA,NA,0.033282825716411,0.0389785822909923,0.0158523909432659,0.043644009538866,0.0788239739525906,0.0396498463261739,0.0464860108939025,0.0132444449799178,0.0336786371259303,0.0313451872326999,0.0274899289601039,0.0892384142470467,0.0456313912782996,0.0260817730708143,0.0164512203848756,0.0462590825000767,0.0167622432136447,0.0172503745261344,0.0435501401219005,0.0299276494883571,0.0468011524667003,0.0222632241974132,0.0230198123991363,0.0199294601189241,0.0225299646360572,0.038385023231358,0.018617518132677,0.0146541970073009,0.0210824194398081,0.0390891015786212,0.0541151947649366,0.0367183088145504,0.0128775471850102,0.0227695849344204,0.0535338848758973,0.0346379483981263,0.0416065371156127,0.0108436561894181,0.0286912053852261,0.0151664497860371,0.016915254589293,0.0928434435802564,0.0377321527227763,0.0170452149718518,0.0136021318046362,0.0273574321990514,0.0144521449638688,0.0182957551596589,0.0346942024582125,0.0225998150064104,0.0474869588710784,0.0443021088923051,0.0242721684920008,0.0158358216304818,0.0145828666902563,0.0535032611448862,0.0231094135239818,0.0530167110940827,0.0190031058411882,0.0983897189144878
"SPEECH_1017",NA,NA,NA,NA,NA,NA,NA,NA,NA,NA,NA,NA,NA,NA,NA,NA,NA,NA,NA,NA,NA,NA,NA,NA,NA,NA,NA,NA,NA,NA,NA,NA,NA,NA,NA,NA,NA,NA,NA,NA,NA,NA,NA,NA,NA,NA,NA,NA,NA,NA,NA,NA,NA,NA,NA,NA,NA,NA,NA,NA,0.0336278619078187,0.0326791233631096,0.0159709287409748,0.0335026239472403,0.0231155285813902,0.0699855207769914,0.0274661369454072,0.0174832798852426,0.00769571342561031,0.0834846199974778,0.0802034623585336,0.0210681416526915,0.0188526802574917,0.0583702378679755,0.0123991296134561,0.0435021492409875,0.0261552920025313,0.0215317623713364,0.0189054894878894,0.00782113367704984,0.0637303910778981,0.0256623568948067,0.0331102155676883,0.00839259559206182,0.0988959477504588,0.010915177692495,0.0136364601133441,0.0567139667123831,0.0157672528645045,0.0193548196331537,0.0311562044978161,0.0272892802752166,0.0127264978533675,0.0464130959682115,0.0410575632529034,0.042548481366287,0.034033680750639,0.0185529736528754,0.0459654953108065,0.0174254702121778,0.0404091198784851,0.0262861492476025,0.0284137941951371,0.0286070538421382,0.0310986959169914,0.0360172791311926,0.0615834206941196,0.013870877393853,0.0315080156058803,0.0244341832656028,0.0477491740562814,0.0362082376849896,0.03038013025057,0.0286394946179639,0.0429916935772277,0.0440186619348203,0.0226534786617743,0.0605592665769769,0.0279461935400639,0.0194563367880288
"SPEECH_1022",NA,NA,NA,NA,NA,NA,NA,NA,NA,NA,NA,NA,NA,NA,NA,NA,NA,NA,NA,NA,NA,NA,NA,NA,NA,NA,NA,NA,NA,NA,NA,NA,NA,NA,NA,NA,NA,NA,NA,NA,NA,NA,NA,NA,NA,NA,NA,NA,NA,NA,NA,NA,NA,NA,NA,NA,NA,NA,NA,NA,0.0311562044978161,0.0272892802752166,0.0127264978533675,0.0464130959682115,0.0410575632529034,0.042548481366287,0.034033680750639,0.0185529736528754,0.0459654953108065,0.0174254702121778,0.0404091198784851,0.0262861492476025,0.0284137941951371,0.0286070538421382,0.0310986959169914,0.0360172791311926,0.0615834206941196,0.013870877393853,0.0315080156058803,0.0244341832656028,0.0477491740562814,0.0362082376849896,0.03038013025057,0.0286394946179639,0.0429916935772277,0.0440186619348203,0.0226534786617743,0.0605592665769769,0.0279461935400639,0.0194563367880288,0.0284808253282211,0.0262379250917376,0.0110327187626877,0.0184311456375884,0.061663499674202,0.0405485309288333,0.0170239461917159,0.0125624109189917,0.0333209255350636,0.0210424924749316,0.0313093629224205,0.0439519984185677,0.0204829846550707,0.061242559754221,0.0216838893900709,0.0297302709940955,0.0223168708467842,0.0235835187982705,0.0162270104515789,0.0298685221413786,0.115243067533375,0.0263538744301281,0.035555211069485,0.0147601422945815,0.0217627835649775,0.0438472194516149,0.0651717540072175,0.0196121901942802,0.0361073630734749,0.0508449854644342
"SPEECH_1132",NA,NA,NA,NA,NA,NA,NA,NA,NA,NA,NA,NA,NA,NA,NA,NA,NA,NA,NA,NA,NA,NA,NA,NA,NA,NA,NA,NA,NA,NA,NA,NA,NA,NA,NA,NA,NA,NA,NA,NA,NA,NA,NA,NA,NA,NA,NA,NA,NA,NA,NA,NA,NA,NA,NA,NA,NA,NA,NA,NA,0.0344346181136648,0.0375727875367935,0.0156011578016526,0.0693744510508704,0.0230125644381542,0.0140126797157261,0.0177991909545568,0.0108248041426969,0.0213031131173647,0.0167981620731242,0.0577114864345572,0.0169657582261861,0.0162579539345668,0.0380246595530634,0.0145971520918896,0.187450114894305,0.0631872315920714,0.0110310849204568,0.0332703775943638,0.0255617938490919,0.0280288822509964,0.0156325362428565,0.0110670289874322,0.0147393479759773,0.0611644321348244,0.0134399148655046,0.0145197541926425,0.0509902382111698,0.0351051230915529,0.0305216000118874,0.0412730365946607,0.0473364469409142,0.0184107628783702,0.0282723541142851,0.0326002423877049,0.0650465615141419,0.0406939521731265,0.0189831095170001,0.0146967421574192,0.0217070971600869,0.02796473990431,0.0622310659096265,0.014204333045862,0.046641111869033,0.00922554212287798,0.0480066919722229,0.00978044520351471,0.0176102390166819,0.0189603599629277,0.042287051462623,0.0999354098815426,0.046300663033616,0.0499207838380186,0.0309272592541867,0.0280596109746858,0.0202662666472093,0.042167901899267,0.0259348833786338,0.0129936752526947,0.0175616599327561
"SPEECH_1028",NA,NA,NA,NA,NA,NA,NA,NA,NA,NA,NA,NA,NA,NA,NA,NA,NA,NA,NA,NA,NA,NA,NA,NA,NA,NA,NA,NA,NA,NA,NA,NA,NA,NA,NA,NA,NA,NA,NA,NA,NA,NA,NA,NA,NA,NA,NA,NA,NA,NA,NA,NA,NA,NA,NA,NA,NA,NA,NA,NA,0.024079558669194,0.0355248104428912,0.0133226305786466,0.0156606280182302,0.0474893026936092,0.0648122751133911,0.0430122612013907,0.0317248060936768,0.029839793807895,0.0197610495540098,0.0528495714864895,0.0735482871070872,0.01350528493515,0.0354054137235969,0.00920619148789264,0.0691052922830977,0.0532416612088214,0.0163027717366992,0.0198492020779292,0.0203293468560391,0.0400411131405773,0.031904573552766,0.0139655608856514,0.0172564903790717,0.0523947007688115,0.0126257800130963,0.0484590737321301,0.0386781106830937,0.021098764618936,0.0350056931501287,0.0260312473665373,0.054971730496839,0.0143800527584133,0.0459959232868066,0.0504282141863366,0.0332432092227005,0.0431026893677823,0.0129656298030662,0.0769418887633866,0.0243956860997578,0.0105799590528949,0.047317420748768,0.0182587202153957,0.0264014234819055,0.0197795953275186,0.0276239163995845,0.0199763041105715,0.0167756298009488,0.0304892556219895,0.0285892856037897,0.0669560148442192,0.0467047653200793,0.027101431216542,0.0283033103675106,0.0385737696088665,0.059476790228445,0.0480131018357457,0.0201007879700469,0.012005295231133,0.0245169516624188
"SPEECH_1109",NA,NA,NA,NA,NA,NA,NA,NA,NA,NA,NA,NA,NA,NA,NA,NA,NA,NA,NA,NA,NA,NA,NA,NA,NA,NA,NA,NA,NA,NA,NA,NA,NA,NA,NA,NA,NA,NA,NA,NA,NA,NA,NA,NA,NA,NA,NA,NA,NA,NA,NA,NA,NA,NA,NA,NA,NA,NA,NA,NA,0.024079558669194,0.0355248104428912,0.0133226305786466,0.0156606280182302,0.0474893026936092,0.0648122751133911,0.0430122612013907,0.0317248060936768,0.029839793807895,0.0197610495540098,0.0528495714864895,0.0735482871070872,0.01350528493515,0.0354054137235969,0.00920619148789264,0.0691052922830977,0.0532416612088214,0.0163027717366992,0.0198492020779292,0.0203293468560391,0.0400411131405773,0.031904573552766,0.0139655608856514,0.0172564903790717,0.0523947007688115,0.0126257800130963,0.0484590737321301,0.0386781106830937,0.021098764618936,0.0350056931501287,0.0260312473665373,0.054971730496839,0.0143800527584133,0.0459959232868066,0.0504282141863366,0.0332432092227005,0.0431026893677823,0.0129656298030662,0.0769418887633866,0.0243956860997578,0.0105799590528949,0.047317420748768,0.0182587202153957,0.0264014234819055,0.0197795953275186,0.0276239163995845,0.0199763041105715,0.0167756298009488,0.0304892556219895,0.0285892856037897,0.0669560148442192,0.0467047653200793,0.027101431216542,0.0283033103675106,0.0385737696088665,0.059476790228445,0.0480131018357457,0.0201007879700469,0.012005295231133,0.0245169516624188
"SPEECH_1079",NA,NA,NA,NA,NA,NA,NA,NA,NA,NA,NA,NA,NA,NA,NA,NA,NA,NA,NA,NA,NA,NA,NA,NA,NA,NA,NA,NA,NA,NA,NA,NA,NA,NA,NA,NA,NA,NA,NA,NA,NA,NA,NA,NA,NA,NA,NA,NA,NA,NA,NA,NA,NA,NA,NA,NA,NA,NA,NA,NA,0.0429226097124783,0.0503700879359747,0.0139627671001087,0.0192835393345848,0.0412357083110378,0.0382408802931648,0.0352244322575729,0.015727178702458,0.0203625935657106,0.0167825414434095,0.0448701069628748,0.0564558701881714,0.00731236773328904,0.0439707102044827,0.0120296748659124,0.0391641158464563,0.0486134761761182,0.0175732053964999,0.0346365553987042,0.037695321129555,0.0874617090009224,0.0233604501365813,0.0347175984064133,0.0214170674770408,0.0490320595375223,0.0481194511541255,0.0499187060205436,0.0189199024020499,0.0134931262590961,0.0171261870471404,0.0288225022605345,0.0513402157320374,0.013442430343591,0.0115909463454293,0.050035908565189,0.045432273774748,0.0215167868405149,0.0118313861466326,0.0494439276307517,0.0112154054251096,0.018441907914401,0.0420574320785838,0.0256832666626699,0.0479518978482027,0.0104957209773658,0.0724668354329808,0.0156477682155664,0.0207877058995409,0.0144091746684075,0.0267367019378738,0.0975113590131093,0.0371626559905408,0.0360416110039424,0.0201719657062545,0.0431678984958472,0.0550429907475599,0.0566028473145946,0.0251994920707686,0.0131579017962667,0.0265910831609854
"SPEECH_957",NA,NA,NA,NA,NA,NA,NA,NA,NA,NA,NA,NA,NA,NA,NA,NA,NA,NA,NA,NA,NA,NA,NA,NA,NA,NA,NA,NA,NA,NA,NA,NA,NA,NA,NA,NA,NA,NA,NA,NA,NA,NA,NA,NA,NA,NA,NA,NA,NA,NA,NA,NA,NA,NA,NA,NA,NA,NA,NA,NA,0.0412041966269465,0.0727554706377103,0.00786259838882974,0.0612915615322161,0.0325005226336848,0.0115526352891987,0.0186008974714253,0.00410692842106287,0.0214340582140999,0.00516070378095085,0.0305935173976246,0.102855524602677,0.00687445609633962,0.0456089047056478,0.0154395713917613,0.0421923389194366,0.0265096820928684,0.00786259838882974,0.0114870022218009,0.0384293763886255,0.0699988818069999,0.0228816319783751,0.0060832130060431,0.00911327295091133,0.0695248652091264,0.0184696313366296,0.0106301260641065,0.045685476617612,0.0929267000179883,0.0503636558104711,0.0395898886693906,0.0355120226876232,0.0126248016697504,0.0278496662346613,0.0560318190124123,0.0264855910970595,0.0206563244139699,0.0151719459976122,0.0193675243452383,0.0177844561418834,0.0286234820185376,0.0580160377562509,0.0198124382678032,0.0418676552415037,0.0131859863388156,0.0718520086426004,0.0288564601069881,0.0176874613450169,0.02310016133154,0.0270078772459541,0.0796580960529333,0.0528172986876632,0.0372731349797412,0.0318036094333937,0.0526784815785801,0.047153554332476,0.020769113069959,0.0336839042788859,0.0211080498378618,0.0219711491838944
"SPEECH_1041",NA,NA,NA,NA,NA,NA,NA,NA,NA,NA,NA,NA,NA,NA,NA,NA,NA,NA,NA,NA,NA,NA,NA,NA,NA,NA,NA,NA,NA,NA,NA,NA,NA,NA,NA,NA,NA,NA,NA,NA,NA,NA,NA,NA,NA,NA,NA,NA,NA,NA,NA,NA,NA,NA,NA,NA,NA,NA,NA,NA,0.0545388633513914,0.0407433719570582,0.00912055376452383,0.0469051579079581,0.0213658534725488,0.0296998526184627,0.0228626489552605,0.0167623884170849,0.0138450462308931,0.012355152115247,0.0367417016433774,0.0456555052142329,0.0143709095260239,0.0450803452727959,0.0118859223977852,0.105549787318242,0.0381330290836444,0.0139903624384459,0.096071867649754,0.0119617547862476,0.0181945654099789,0.0237518933980929,0.0133468385515617,0.0264991807852439,0.0745960258997946,0.0189351837890731,0.0142031237930897,0.041971008651656,0.0216053921258271,0.0592567134747045,0.038471968845227,0.0483703377416505,0.0127432917040257,0.0475946331757645,0.0180409767361525,0.0428825756269227,0.0389854223816093,0.0152307862142881,0.0163612188659978,0.0267585029342184,0.0212848052840476,0.050636498700843,0.013285079475662,0.0648142294443797,0.0147416491430353,0.0316107335784665,0.0321088308712109,0.0161137628526815,0.0321618566761975,0.0222653452123747,0.111810945573698,0.0254229362974305,0.028371370237222,0.024038336022835,0.0525824333007195,0.0568396364285635,0.0376837379367493,0.0218715184722361,0.0133231132639606,0.0235934670018305
"SPEECH_1136",NA,NA,NA,NA,NA,NA,NA,NA,NA,NA,NA,NA,NA,NA,NA,NA,NA,NA,NA,NA,NA,NA,NA,NA,NA,NA,NA,NA,NA,NA,NA,NA,NA,NA,NA,NA,NA,NA,NA,NA,NA,NA,NA,NA,NA,NA,NA,NA,NA,NA,NA,NA,NA,NA,NA,NA,NA,NA,NA,NA,0.0545388633513914,0.0407433719570582,0.00912055376452383,0.0469051579079581,0.0213658534725488,0.0296998526184627,0.0228626489552605,0.0167623884170849,0.0138450462308931,0.012355152115247,0.0367417016433774,0.0456555052142329,0.0143709095260239,0.0450803452727959,0.0118859223977852,0.105549787318242,0.0381330290836444,0.0139903624384459,0.096071867649754,0.0119617547862476,0.0181945654099789,0.0237518933980929,0.0133468385515617,0.0264991807852439,0.0745960258997946,0.0189351837890731,0.0142031237930897,0.041971008651656,0.0216053921258271,0.0592567134747045,0.038471968845227,0.0483703377416505,0.0127432917040257,0.0475946331757645,0.0180409767361525,0.0428825756269227,0.0389854223816093,0.0152307862142881,0.0163612188659978,0.0267585029342184,0.0212848052840476,0.050636498700843,0.013285079475662,0.0648142294443797,0.0147416491430353,0.0316107335784665,0.0321088308712109,0.0161137628526815,0.0321618566761975,0.0222653452123747,0.111810945573698,0.0254229362974305,0.028371370237222,0.024038336022835,0.0525824333007195,0.0568396364285635,0.0376837379367493,0.0218715184722361,0.0133231132639606,0.0235934670018305
"SPEECH_1010",NA,NA,NA,NA,NA,NA,NA,NA,NA,NA,NA,NA,NA,NA,NA,NA,NA,NA,NA,NA,NA,NA,NA,NA,NA,NA,NA,NA,NA,NA,NA,NA,NA,NA,NA,NA,NA,NA,NA,NA,NA,NA,NA,NA,NA,NA,NA,NA,NA,NA,NA,NA,NA,NA,NA,NA,NA,NA,NA,NA,0.012931794791813,0.0361849067373174,0.0166285088454631,0.0555931508224302,0.0753455863678922,0.0170584954911086,0.00940036661017082,0.0210726146434725,0.0218205908871726,0.0156617281560871,0.0139511454011626,0.0176866271552255,0.0359521319099657,0.0213177358160567,0.0183221273768637,0.0370016849068202,0.0191790340305876,0.0136341426968028,0.0125019009829571,0.0270315322060643,0.0800360902025352,0.0191083610501308,0.0322894466110583,0.061232136240332,0.0438975442314965,0.115715139409465,0.0522276010080969,0.0268218859379153,0.0302547418884422,0.0401412475850937,0.0486096137867662,0.0671016241480552,0.0225285744850775,0.00880395702814298,0.0669916970014994,0.0249447724299683,0.0227018687763119,0.0112170475333927,0.018329606327481,0.0235353938892049,0.0511972921308444,0.0252986917587184,0.0311747778029299,0.0225919218046205,0.0120357660118534,0.0582346312118372,0.0337116584426714,0.0136450818051135,0.0190304152692959,0.0334783842977797,0.0473255922752246,0.0194159611457432,0.0463934580784221,0.012094437948167,0.0501342783702133,0.0609867359437544,0.0215544791362548,0.0333858792135507,0.0361913557835306,0.0573550461635751
"SPEECH_1074",NA,NA,NA,NA,NA,NA,NA,NA,NA,NA,NA,NA,NA,NA,NA,NA,NA,NA,NA,NA,NA,NA,NA,NA,NA,NA,NA,NA,NA,NA,NA,NA,NA,NA,NA,NA,NA,NA,NA,NA,NA,NA,NA,NA,NA,NA,NA,NA,NA,NA,NA,NA,NA,NA,NA,NA,NA,NA,NA,NA,0.0639226987096909,0.0347096885433809,0.0221027981091735,0.033249562660701,0.0328712251996544,0.0431834396045501,0.0222879088418327,0.0540684773599291,0.0555448972242235,0.0204951614139565,0.0253432359257523,0.0396765569151319,0.0134648413174352,0.023366356395464,0.0318091802132553,0.0242688201347685,0.0409070087936461,0.0232904024365308,0.0227646924871183,0.0246525773705666,0.0488649716063985,0.0258732117383609,0.0668874049875197,0.0139637317976211,0.035667403783741,0.0377082931432365,0.044834737931818,0.0338631168614331,0.0236226066067083,0.0167349918864012,0.0899209017502323,0.0646913034440465,0.0209014145519628,0.013855044723393,0.0831787972345947,0.0174181502157173,0.01210908918058,0.0128131622311627,0.054047605540667,0.0232146775598347,0.0315634975957037,0.0209862040635596,0.0200104355763046,0.0209604808916586,0.0110449183349252,0.0258379183670291,0.0159528459969722,0.0216905439652387,0.0674296463039745,0.0385697822133448,0.0381368454015499,0.0207929713276808,0.0833708763483653,0.0152123466619169,0.00843548410078241,0.0659426935665919,0.0274538457357331,0.0290336701698535,0.0243160152285888,0.0211088317180353
"SPEECH_958",NA,NA,NA,NA,NA,NA,NA,NA,NA,NA,NA,NA,NA,NA,NA,NA,NA,NA,NA,NA,NA,NA,NA,NA,NA,NA,NA,NA,NA,NA,NA,NA,NA,NA,NA,NA,NA,NA,NA,NA,NA,NA,NA,NA,NA,NA,NA,NA,NA,NA,NA,NA,NA,NA,NA,NA,NA,NA,NA,NA,0.0816811069381116,0.0564660132906527,0.00748559339673499,0.0108354606750402,0.0152384123041331,0.025285365221224,0.0124235013566041,0.00989895988389938,0.00549256617434996,0.00948488555392492,0.0786476502970166,0.0145874098809575,0.0122921025402464,0.0362240190674152,0.0101564938994358,0.113135619043943,0.0252908835538011,0.0300991510359684,0.0196041316362596,0.0113740962208632,0.06079772200513,0.033705522032588,0.0848621795853713,0.00709236212368599,0.102725681653374,0.0124257867437052,0.0118702876886605,0.0415833194458093,0.0205949301697219,0.0386387865813724,0.0827974586167925,0.0205870719625235,0.0111113152183998,0.0484060173013919,0.0189157937897583,0.0448304779449979,0.0464902146558245,0.0121570940047813,0.00926075516814548,0.021928694516655,0.02239673728825,0.0276201814530277,0.00802226497301139,0.0344733636446476,0.0075768879587644,0.059796041132274,0.0224910053855423,0.0110672983240936,0.0265558742887076,0.00943803577043116,0.18235437738666,0.0454635467355521,0.0440387482872018,0.0136599318002834,0.0672591594952917,0.0151660362889432,0.0194901662446446,0.0296179630153157,0.0243803208197982,0.0126471665282899
"SPEECH_948",NA,NA,NA,NA,NA,NA,NA,NA,NA,NA,NA,NA,NA,NA,NA,NA,NA,NA,NA,NA,NA,NA,NA,NA,NA,NA,NA,NA,NA,NA,NA,NA,NA,NA,NA,NA,NA,NA,NA,NA,NA,NA,NA,NA,NA,NA,NA,NA,NA,NA,NA,NA,NA,NA,NA,NA,NA,NA,NA,NA,0.0355679295242198,0.030274059375919,0.0101940277074516,0.0256031621479141,0.0729815360548,0.0312312216680074,0.0261979978979665,0.0186365717651049,0.0228798160011618,0.00984415059302644,0.0580655604940274,0.0245598275984081,0.0586696953256652,0.0264462028967916,0.0137899299567891,0.0198380804022788,0.0344994866205881,0.0150132503956553,0.0241294873697647,0.0248200068242347,0.0766741588098499,0.0387156253258727,0.0180176169500359,0.0153495839654426,0.0414366856534265,0.0485973976308813,0.0598138331148634,0.0359420755622362,0.047564445896107,0.0346465764715099,0.0277984803119336,0.0551888573626442,0.0164003387088633,0.0175006734012132,0.0596520656464098,0.0441906726426505,0.0209199191157098,0.0161269179834979,0.0238436653289333,0.0204228700570382,0.0168616898774981,0.0583989905715103,0.0147033039997602,0.0398272275152276,0.0130669120252381,0.0324748066919905,0.0311300397325161,0.0138410072007887,0.0308431373873876,0.0338861443186066,0.0868939403430773,0.0401983612699942,0.034945675629602,0.0362401335161615,0.0198578544960383,0.0290894509081368,0.0789657493053916,0.0275482977469276,0.0144730979876434,0.0447097189176098
"SPEECH_1138",NA,NA,NA,NA,NA,NA,NA,NA,NA,NA,NA,NA,NA,NA,NA,NA,NA,NA,NA,NA,NA,NA,NA,NA,NA,NA,NA,NA,NA,NA,NA,NA,NA,NA,NA,NA,NA,NA,NA,NA,NA,NA,NA,NA,NA,NA,NA,NA,NA,NA,NA,NA,NA,NA,NA,NA,NA,NA,NA,NA,0.0355679295242198,0.030274059375919,0.0101940277074516,0.0256031621479141,0.0729815360548,0.0312312216680074,0.0261979978979665,0.0186365717651049,0.0228798160011618,0.00984415059302644,0.0580655604940274,0.0245598275984081,0.0586696953256652,0.0264462028967916,0.0137899299567891,0.0198380804022788,0.0344994866205881,0.0150132503956553,0.0241294873697647,0.0248200068242347,0.0766741588098499,0.0387156253258727,0.0180176169500359,0.0153495839654426,0.0414366856534265,0.0485973976308813,0.0598138331148634,0.0359420755622362,0.047564445896107,0.0346465764715099,0.0277984803119336,0.0551888573626442,0.0164003387088633,0.0175006734012132,0.0596520656464098,0.0441906726426505,0.0209199191157098,0.0161269179834979,0.0238436653289333,0.0204228700570382,0.0168616898774981,0.0583989905715103,0.0147033039997602,0.0398272275152276,0.0130669120252381,0.0324748066919905,0.0311300397325161,0.0138410072007887,0.0308431373873876,0.0338861443186066,0.0868939403430773,0.0401983612699942,0.034945675629602,0.0362401335161615,0.0198578544960383,0.0290894509081368,0.0789657493053916,0.0275482977469276,0.0144730979876434,0.0447097189176098
"SPEECH_963",NA,NA,NA,NA,NA,NA,NA,NA,NA,NA,NA,NA,NA,NA,NA,NA,NA,NA,NA,NA,NA,NA,NA,NA,NA,NA,NA,NA,NA,NA,NA,NA,NA,NA,NA,NA,NA,NA,NA,NA,NA,NA,NA,NA,NA,NA,NA,NA,NA,NA,NA,NA,NA,NA,NA,NA,NA,NA,NA,NA,0.0948661760394903,0.0535261098940549,0.0147978625048681,0.0351581739770829,0.0155321984956432,0.0507407987019666,0.037083085517673,0.0145704457982009,0.0209916297489395,0.0153817622625598,0.0312768361527679,0.0151530993786925,0.0181733866193798,0.0206169865988144,0.0150579139491678,0.0910485572387682,0.0378159526145579,0.0150393048239525,0.027805252444767,0.0245211484021966,0.0352857196900059,0.109686630100455,0.0317339088519068,0.0191179897416516,0.027556076618371,0.035473262981764,0.0110661128243784,0.0419052117931713,0.018068624645106,0.0209497815896463,0.0290892353477277,0.0249441706042507,0.0119288355474324,0.0239505339215273,0.0287191200070099,0.0560990746691301,0.021121492046448,0.0108569903796955,0.0665410112912575,0.0169338862692483,0.0385558465019358,0.0312032007964786,0.0187558858309891,0.0472918308341649,0.0126942559243419,0.0600104949058627,0.0288699350594849,0.0177387830691731,0.012244285315252,0.0235879421525853,0.112046475291201,0.0255686543793292,0.0397360111413458,0.0359339372920339,0.0380947814333521,0.0581991266850409,0.0242540743557197,0.0268255189915356,0.038589264820591,0.0196153451358555
"SPEECH_944",NA,NA,NA,NA,NA,NA,NA,NA,NA,NA,NA,NA,NA,NA,NA,NA,NA,NA,NA,NA,NA,NA,NA,NA,NA,NA,NA,NA,NA,NA,NA,NA,NA,NA,NA,NA,NA,NA,NA,NA,NA,NA,NA,NA,NA,NA,NA,NA,NA,NA,NA,NA,NA,NA,NA,NA,NA,NA,NA,NA,0.0214297322856917,0.0397094260603538,0.0233388614736584,0.0481519262850813,0.034853636453243,0.0527803663745855,0.0183179929587801,0.0245089758828113,0.0280552342296734,0.0150084475810363,0.0195371630477387,0.056039731695618,0.0107136180558639,0.0417130658974202,0.0168747219313972,0.0307180560457034,0.0486840319588274,0.0300919073473343,0.0156992227277992,0.0308360848490311,0.07481381500166,0.0535976300438626,0.0179907692392034,0.0232924962238252,0.0293919942958498,0.0436522261941656,0.0496455484831827,0.0569708006794278,0.0186774630228152,0.0249050536743594,0.0235721938957802,0.0443645954328677,0.0179720964815345,0.0422637856404817,0.0396398140745455,0.0259164713856615,0.0575038572685696,0.0104893164006568,0.0659695509113468,0.0121318978103409,0.0284263148719784,0.022180413551687,0.011021735787709,0.0200964371754223,0.0254085159691568,0.0427184425676334,0.0258022250399841,0.0164456477416704,0.0182127307275551,0.0252014690192499,0.0293565914628136,0.026419926844142,0.0529481886197857,0.0473412535612848,0.0197961297546706,0.0756644887360425,0.0133494666276083,0.0718111590052188,0.0251668594371133,0.0628084241974889
"SPEECH_1143",NA,NA,NA,NA,NA,NA,NA,NA,NA,NA,NA,NA,NA,NA,NA,NA,NA,NA,NA,NA,NA,NA,NA,NA,NA,NA,NA,NA,NA,NA,NA,NA,NA,NA,NA,NA,NA,NA,NA,NA,NA,NA,NA,NA,NA,NA,NA,NA,NA,NA,NA,NA,NA,NA,NA,NA,NA,NA,NA,NA,0.0190908484971802,0.0525209688752539,0.0168557459241095,0.0695149115408526,0.0789208703920402,0.036813403089396,0.0318901621370488,0.0355024490626064,0.0579590829240869,0.0131314751940351,0.023496780032418,0.0470697484125392,0.0145482422826517,0.0157250068901446,0.0164863799370522,0.0170843735031344,0.014464740986942,0.0261665044309474,0.0296845139800137,0.0501448011675424,0.0845325774249644,0.01460591227292,0.0308622556548699,0.0220801788871728,0.0275671304961363,0.0375402238760098,0.0282934148335344,0.0412682836600498,0.0151208400013055,0.031058173633042,0.0137060419414415,0.029553214111588,0.020136249537223,0.0278470459861639,0.0635999701975503,0.0367526634237932,0.0221288180112325,0.0188679244971767,0.0218611303101652,0.0144017295694124,0.0629043572864694,0.0357350608631907,0.02125090527194,0.0158345539227377,0.0189730230304202,0.104918037190401,0.0918884992250881,0.0369903626214566,0.0524605749762239,0.0478654568304556,0.0374771674386885,0.0169180065549734,0.0212224659632026,0.0367987794040445,0.0203732075321824,0.0123546777934303,0.0368999189986672,0.0198643735725888,0.0225744145292444,0.0178413694088478
"SPEECH_1093",NA,NA,NA,NA,NA,NA,NA,NA,NA,NA,NA,NA,NA,NA,NA,NA,NA,NA,NA,NA,NA,NA,NA,NA,NA,NA,NA,NA,NA,NA,NA,NA,NA,NA,NA,NA,NA,NA,NA,NA,NA,NA,NA,NA,NA,NA,NA,NA,NA,NA,NA,NA,NA,NA,NA,NA,NA,NA,NA,NA,0.0217048766833805,0.0474451343518052,0.0118212692999427,0.0864568134059333,0.043084555175632,0.043869160143107,0.0264396097939446,0.0163663530452451,0.0447044275547777,0.0127619517417252,0.0221176631154252,0.0162628586202152,0.0156587340374008,0.0314492203759426,0.0179522434204196,0.0335607118005624,0.0244595812198722,0.0229723129439653,0.0193335468122902,0.0434996382911566,0.0961016784770949,0.0366028874186384,0.0295568151760966,0.0273930018309942,0.0365366038256011,0.0703710662620529,0.0228855513889173,0.0245758381211569,0.0367625882878507,0.0172933073788537,0.0211974043338409,0.0368016296419344,0.0154417414831088,0.0310759446988663,0.0333685399275458,0.0267486486856518,0.017498037327366,0.0233465149044141,0.032391520296865,0.0195045496520486,0.031292533969251,0.0239933264081215,0.0199826621887701,0.0326026401132653,0.0218156579796357,0.0630130097160931,0.0279651324505471,0.0269579238292622,0.0275732401185987,0.023530279340599,0.0928305299281666,0.0443322774510335,0.0227290432632737,0.0213426598354237,0.0723797784037281,0.0327318920382224,0.0449824991853491,0.0272563455749467,0.0655330377665561,0.0197809994875147
"SPEECH_1067",NA,NA,NA,NA,NA,NA,NA,NA,NA,NA,NA,NA,NA,NA,NA,NA,NA,NA,NA,NA,NA,NA,NA,NA,NA,NA,NA,NA,NA,NA,NA,NA,NA,NA,NA,NA,NA,NA,NA,NA,NA,NA,NA,NA,NA,NA,NA,NA,NA,NA,NA,NA,NA,NA,NA,NA,NA,NA,NA,NA,0.0137060419414415,0.029553214111588,0.020136249537223,0.0278470459861639,0.0635999701975503,0.0367526634237932,0.0221288180112325,0.0188679244971767,0.0218611303101652,0.0144017295694124,0.0629043572864694,0.0357350608631907,0.02125090527194,0.0158345539227377,0.0189730230304202,0.104918037190401,0.0918884992250881,0.0369903626214566,0.0524605749762239,0.0478654568304556,0.0374771674386885,0.0169180065549734,0.0212224659632026,0.0367987794040445,0.0203732075321824,0.0123546777934303,0.0368999189986672,0.0198643735725888,0.0225744145292444,0.0178413694088478,0.0231627569356982,0.0628392656029249,0.0119710833356831,0.0386878284365086,0.0392351018356874,0.0493811123548697,0.0177426540517659,0.0192838137168432,0.0722959679902347,0.0190093081534824,0.019525466249734,0.0234112557093996,0.0191516628581646,0.0271941675262409,0.0172995294181746,0.0416621122765784,0.0190295343690379,0.011865013011221,0.0179066268213173,0.0385214644630328,0.0624821952466493,0.0478358935500701,0.0573253646656371,0.0205074463926802,0.016650477886475,0.0590821900765842,0.0304664728995055,0.0656118205762362,0.0288061256903169,0.0220562878992464
"SPEECH_1090",NA,NA,NA,NA,NA,NA,NA,NA,NA,NA,NA,NA,NA,NA,NA,NA,NA,NA,NA,NA,NA,NA,NA,NA,NA,NA,NA,NA,NA,NA,NA,NA,NA,NA,NA,NA,NA,NA,NA,NA,NA,NA,NA,NA,NA,NA,NA,NA,NA,NA,NA,NA,NA,NA,NA,NA,NA,NA,NA,NA,0.0211974043338409,0.0368016296419344,0.0154417414831088,0.0310759446988663,0.0333685399275458,0.0267486486856518,0.017498037327366,0.0233465149044141,0.032391520296865,0.0195045496520486,0.031292533969251,0.0239933264081215,0.0199826621887701,0.0326026401132653,0.0218156579796357,0.0630130097160931,0.0279651324505471,0.0269579238292622,0.0275732401185987,0.023530279340599,0.0928305299281666,0.0443322774510335,0.0227290432632737,0.0213426598354237,0.0723797784037281,0.0327318920382224,0.0449824991853491,0.0272563455749467,0.0655330377665561,0.0197809994875147,0.063431891809824,0.0412014225421775,0.0164399211804453,0.0341669593078366,0.038537836451977,0.044094257753722,0.0406339771155836,0.0246663049733052,0.0236722965489583,0.0185607410904314,0.0559028953546493,0.0400770591078621,0.0168757622379265,0.0231831142397167,0.0219160442798928,0.0391012868295209,0.022928150391244,0.0194966606031955,0.0163311536949441,0.0390532078877039,0.0474052745160342,0.019450111011096,0.0198730369353345,0.0492569892247197,0.0186713694961541,0.0587186671304866,0.0163977147469169,0.0317807784401267,0.046084577999195,0.0520905370990198
"SPEECH_1103",NA,NA,NA,NA,NA,NA,NA,NA,NA,NA,NA,NA,NA,NA,NA,NA,NA,NA,NA,NA,NA,NA,NA,NA,NA,NA,NA,NA,NA,NA,NA,NA,NA,NA,NA,NA,NA,NA,NA,NA,NA,NA,NA,NA,NA,NA,NA,NA,NA,NA,NA,NA,NA,NA,NA,NA,NA,NA,NA,NA,0.0402104772532962,0.0276817933166842,0.019039556898135,0.0285859948998954,0.0546666336165764,0.042651591570528,0.0295197155150992,0.0317189390144919,0.0286641593961491,0.0215267018673443,0.0251761954008389,0.0538473445348893,0.0206331812686265,0.0766519064331329,0.00970861735948395,0.0323782687243345,0.0212295547400972,0.0152190292461723,0.0266102603984685,0.0424883206582368,0.0289593586787941,0.0211778403726087,0.070442721543106,0.0259076959771557,0.0316132445611231,0.0404671745351194,0.0477182369166372,0.0276933159392737,0.027574602055219,0.0302375673084827,0.0318255105954689,0.0645136782357235,0.0189594369647317,0.0266440182033644,0.0728928898344848,0.0147718218009249,0.0273748018413415,0.0173000351896983,0.0257922652156577,0.0125845828732951,0.0682525886958322,0.0454250443606799,0.0318290313702464,0.0362279186379384,0.0177611380271231,0.0413179336544079,0.0152429953940245,0.0152791173808706,0.0190051930934807,0.0591160907630968,0.0553703678628982,0.0163945202517355,0.0202093810115777,0.0245278798897597,0.0487568990275308,0.0329910995126573,0.0402676336450276,0.0140037315596348,0.0154323844624801,0.069930010644307
"SPEECH_1020",NA,NA,NA,NA,NA,NA,NA,NA,NA,NA,NA,NA,NA,NA,NA,NA,NA,NA,NA,NA,NA,NA,NA,NA,NA,NA,NA,NA,NA,NA,NA,NA,NA,NA,NA,NA,NA,NA,NA,NA,NA,NA,NA,NA,NA,NA,NA,NA,NA,NA,NA,NA,NA,NA,NA,NA,NA,NA,NA,NA,0.0429676663917889,0.0288881132094677,0.013059844599427,0.0610482166030955,0.0531556700145534,0.0488072495774473,0.0281415361392424,0.0213813704647277,0.0412679573562302,0.015079594781879,0.0408136090695372,0.0195113181586071,0.0236879619435755,0.0303061828764875,0.0167501837267424,0.0231641148323296,0.0285407353440392,0.0168155690856449,0.0143768551652383,0.0343887614052359,0.0254260785322868,0.0303171692888588,0.0365844111297308,0.0339939441168573,0.0468528259473646,0.0789784587722674,0.0368090789166255,0.056283920131336,0.0351118603582388,0.0174897420611373,0.0457104674256166,0.0439364337760481,0.0133734885342751,0.0268801702557386,0.0473918172421526,0.0436366944676475,0.023483112986941,0.013636342781404,0.0247824695292812,0.0353522843229971,0.0246770694303615,0.0569365449155816,0.013417307986785,0.0341960224716733,0.0259612868124755,0.0376615566886431,0.0172317447946194,0.0161036591942828,0.0212224232606349,0.0298595718172715,0.0656259178327236,0.025533093012601,0.0446700371305393,0.0446081397546326,0.021305562764063,0.0652719762141869,0.056153166166317,0.049464041335952,0.0179262632019773,0.0139913338925771
"SPEECH_960",NA,NA,NA,NA,NA,NA,NA,NA,NA,NA,NA,NA,NA,NA,NA,NA,NA,NA,NA,NA,NA,NA,NA,NA,NA,NA,NA,NA,NA,NA,NA,NA,NA,NA,NA,NA,NA,NA,NA,NA,NA,NA,NA,NA,NA,NA,NA,NA,NA,NA,NA,NA,NA,NA,NA,NA,NA,NA,NA,NA,0.0295361731363953,0.0340295953039052,0.0145168094464918,0.0635684486035049,0.0351069180928615,0.0436213160022113,0.0365055018976028,0.0208434098800252,0.0403921913622966,0.0175708941781128,0.0251188898931414,0.0505467288410999,0.0176907816294665,0.0609771594738022,0.0130554072468474,0.0266809896134732,0.0300350056653408,0.0136196342702145,0.0512501615496081,0.0243225489991315,0.0301530592875665,0.0328353619957222,0.0421852139737309,0.0433515633052722,0.0364206596393052,0.0531698489523681,0.0350967053017048,0.030550541706071,0.0267250028484093,0.020523477904317,0.022970416203526,0.0629663365697178,0.0186254639877334,0.0300643262943062,0.041726347396889,0.0312923976453583,0.0309266412013603,0.019051387014648,0.0334309275499151,0.0112482960071757,0.0354786206972436,0.0289687579875978,0.0176011891769588,0.0532312395403879,0.0194666292100118,0.0401674007762059,0.0278691677750794,0.0177750132335935,0.0167256324963619,0.032164259358328,0.0922727507353938,0.0430560667995799,0.0134309475909395,0.0421287231595136,0.0582760440215697,0.0103735659033535,0.020439517755712,0.0456321197112207,0.030854924794471,0.0517848894058479
"SPEECH_1078",NA,NA,NA,NA,NA,NA,NA,NA,NA,NA,NA,NA,NA,NA,NA,NA,NA,NA,NA,NA,NA,NA,NA,NA,NA,NA,NA,NA,NA,NA,NA,NA,NA,NA,NA,NA,NA,NA,NA,NA,NA,NA,NA,NA,NA,NA,NA,NA,NA,NA,NA,NA,NA,NA,NA,NA,NA,NA,NA,NA,0.139301830905075,0.0263001211839516,0.0181084594057908,0.037821532902217,0.0367950641062534,0.0535842480249518,0.0238223236128866,0.0132668667908029,0.0269884616982219,0.0184516408146554,0.0355580610693058,0.0815682270067464,0.00900150510245554,0.0440518711810394,0.00935681151165026,0.0432941362284041,0.0302346487020613,0.017778710138574,0.0116778129639755,0.0169043340620712,0.0296578952155465,0.0516171547984409,0.0177214176124565,0.0540398712288086,0.0200250479444963,0.0517078205705093,0.018228832429731,0.0217339175727343,0.0152166674097486,0.0261847078064386,0.0248996700322354,0.0568721956104772,0.0194545801580473,0.0235339261203728,0.0752881028477539,0.0215472597702076,0.0206350062896671,0.00921824389786217,0.0783304093784325,0.0199091092567232,0.0392439910225269,0.0245702764952395,0.0212438870239166,0.0340910464767232,0.0326049064336174,0.0189344571029718,0.0163165593784182,0.0124366109152092,0.0185311094220965,0.0665718386946028,0.0803259200367704,0.0176531410956387,0.0125039092445128,0.0368108423931078,0.0218160177666033,0.0740979440647359,0.047025600573327,0.019750707473853,0.0229591472155583,0.0328235838087918
"SPEECH_947",NA,NA,NA,NA,NA,NA,NA,NA,NA,NA,NA,NA,NA,NA,NA,NA,NA,NA,NA,NA,NA,NA,NA,NA,NA,NA,NA,NA,NA,NA,NA,NA,NA,NA,NA,NA,NA,NA,NA,NA,NA,NA,NA,NA,NA,NA,NA,NA,NA,NA,NA,NA,NA,NA,NA,NA,NA,NA,NA,NA,0.0248996700322354,0.0568721956104772,0.0194545801580473,0.0235339261203728,0.0752881028477539,0.0215472597702076,0.0206350062896671,0.00921824389786217,0.0783304093784325,0.0199091092567232,0.0392439910225269,0.0245702764952395,0.0212438870239166,0.0340910464767232,0.0326049064336174,0.0189344571029718,0.0163165593784182,0.0124366109152092,0.0185311094220965,0.0665718386946028,0.0803259200367704,0.0176531410956387,0.0125039092445128,0.0368108423931078,0.0218160177666033,0.0740979440647359,0.047025600573327,0.019750707473853,0.0229591472155583,0.0328235838087918,0.0366016678913648,0.0513820944295585,0.00753638365568958,0.0327152691379699,0.0299970972466677,0.0196273943727296,0.0224655661815541,0.020109936418146,0.0268645889258189,0.0145052255548629,0.140528296519431,0.0181790633455615,0.0120345367309751,0.0299114209420542,0.019150215537345,0.0470033787510926,0.0734244586069712,0.0130820045869662,0.050575451669711,0.0141186385125194,0.0275031213989121,0.0415541067794428,0.0145385218187596,0.0473481851432941,0.026542092289484,0.0115501739113837,0.0311178781775389,0.0180440155467225,0.0578147851062275,0.0441744308112457
"SPEECH_971",NA,NA,NA,NA,NA,NA,NA,NA,NA,NA,NA,NA,NA,NA,NA,NA,NA,NA,NA,NA,NA,NA,NA,NA,NA,NA,NA,NA,NA,NA,NA,NA,NA,NA,NA,NA,NA,NA,NA,NA,NA,NA,NA,NA,NA,NA,NA,NA,NA,NA,NA,NA,NA,NA,NA,NA,NA,NA,NA,NA,0.0381475095110664,0.0334661325778117,0.016421766331366,0.0272634634619902,0.0669726727098982,0.047546770441355,0.0370092263735913,0.0184112024623751,0.0256197206537534,0.0196887613497534,0.0434418944144861,0.0555714124800707,0.0176275152576073,0.0338523834991018,0.0190187533158265,0.0484719556640746,0.0220465412760046,0.0220023876056922,0.0161376914609637,0.0346871641119924,0.0758548440706118,0.0364489406364892,0.0218468546505102,0.0272439465783465,0.0422229730929811,0.0395302355180896,0.033850577186125,0.0361756409531158,0.0159809734960475,0.0274400888589028,0.0367573762670913,0.0436155797139104,0.0120371989114079,0.0140012475168805,0.0477632629381081,0.0327728078968116,0.0338654161147149,0.031590525739048,0.0176334941713538,0.0493617133764826,0.0348477771830661,0.0620886941603255,0.0110276573776728,0.0400727595719129,0.01531035953756,0.0779374432829005,0.0463458776099884,0.0225015582625133,0.0196277360135414,0.0119762252666419,0.0538421103726153,0.0507586509410219,0.0348959607353375,0.0374321940907649,0.0297682392130447,0.0232672415505173,0.0158121022142419,0.0405094716822901,0.0328183335863013,0.0197609847019333
"SPEECH_1133",NA,NA,NA,NA,NA,NA,NA,NA,NA,NA,NA,NA,NA,NA,NA,NA,NA,NA,NA,NA,NA,NA,NA,NA,NA,NA,NA,NA,NA,NA,NA,NA,NA,NA,NA,NA,NA,NA,NA,NA,NA,NA,NA,NA,NA,NA,NA,NA,NA,NA,NA,NA,NA,NA,NA,NA,NA,NA,NA,NA,0.0381475095110664,0.0334661325778117,0.016421766331366,0.0272634634619902,0.0669726727098982,0.047546770441355,0.0370092263735913,0.0184112024623751,0.0256197206537534,0.0196887613497534,0.0434418944144861,0.0555714124800707,0.0176275152576073,0.0338523834991018,0.0190187533158265,0.0484719556640746,0.0220465412760046,0.0220023876056922,0.0161376914609637,0.0346871641119924,0.0758548440706118,0.0364489406364892,0.0218468546505102,0.0272439465783465,0.0422229730929811,0.0395302355180896,0.033850577186125,0.0361756409531158,0.0159809734960475,0.0274400888589028,0.0367573762670913,0.0436155797139104,0.0120371989114079,0.0140012475168805,0.0477632629381081,0.0327728078968116,0.0338654161147149,0.031590525739048,0.0176334941713538,0.0493617133764826,0.0348477771830661,0.0620886941603255,0.0110276573776728,0.0400727595719129,0.01531035953756,0.0779374432829005,0.0463458776099884,0.0225015582625133,0.0196277360135414,0.0119762252666419,0.0538421103726153,0.0507586509410219,0.0348959607353375,0.0374321940907649,0.0297682392130447,0.0232672415505173,0.0158121022142419,0.0405094716822901,0.0328183335863013,0.0197609847019333
"SPEECH_1081",NA,NA,NA,NA,NA,NA,NA,NA,NA,NA,NA,NA,NA,NA,NA,NA,NA,NA,NA,NA,NA,NA,NA,NA,NA,NA,NA,NA,NA,NA,NA,NA,NA,NA,NA,NA,NA,NA,NA,NA,NA,NA,NA,NA,NA,NA,NA,NA,NA,NA,NA,NA,NA,NA,NA,NA,NA,NA,NA,NA,0.0373074168206488,0.0439142905644773,0.0203741649588008,0.0128591394059427,0.0576771150470168,0.0206744283939254,0.0125231765663397,0.0147923759659541,0.0238590776766769,0.0157167952586751,0.0452913020317102,0.0365784842920996,0.0189313511114938,0.0819396281386254,0.0115079738384924,0.0353871991650862,0.0114016344500789,0.0226013149260751,0.0136524945541127,0.0478010300208849,0.0609460101786651,0.02055913527535,0.0290575529580934,0.0415801602864994,0.0618709253914129,0.0481127441483885,0.0515137849226833,0.0208976773389789,0.0252783619458238,0.0553932543669879,0.0554690288274039,0.0467436739716335,0.0142323660477377,0.0311868284779483,0.0524664125981998,0.0523417464166361,0.0250826654129471,0.0146916575952975,0.0257280182456101,0.0255858958512536,0.039646303277416,0.0216853161458771,0.0127652240999347,0.0350552985696144,0.018485305816088,0.0476358155460216,0.0144681793751961,0.0141541412918254,0.0176995665437263,0.0361828569899439,0.0854009274148443,0.0238184146869659,0.0345293947683216,0.0137462429265879,0.0669560494456895,0.0416200850092943,0.0445191647153466,0.0286235163317542,0.0216879473144473,0.037791956286437
"SPEECH_1063",NA,NA,NA,NA,NA,NA,NA,NA,NA,NA,NA,NA,NA,NA,NA,NA,NA,NA,NA,NA,NA,NA,NA,NA,NA,NA,NA,NA,NA,NA,NA,NA,NA,NA,NA,NA,NA,NA,NA,NA,NA,NA,NA,NA,NA,NA,NA,NA,NA,NA,NA,NA,NA,NA,NA,NA,NA,NA,NA,NA,0.0203025563865651,0.0323990494002315,0.0134093619067654,0.058774314423037,0.0521413217065339,0.0238584478092948,0.024068388041565,0.0147644479582527,0.0185265588724093,0.0224019894462849,0.030657772866758,0.00955027938394612,0.0503731177935349,0.0414415985759873,0.0130936761961367,0.0343534063284427,0.0579016030265873,0.0192370277777965,0.0551877669826252,0.019976692205247,0.0354034969964496,0.0457892298667872,0.0611949632529392,0.0162827523629769,0.061117302431524,0.0547763129713924,0.0443304238962226,0.0283532696384883,0.0279323529975851,0.0124005184976332,0.0200728306543892,0.0618670349763157,0.0182692332170179,0.0163992191585002,0.0964986421073723,0.0319246742351976,0.0217449531715174,0.0154580993267097,0.0258538205408338,0.0332025066587982,0.0201750042453334,0.0610571507298256,0.0227116670302668,0.0222499153632028,0.0252149339712258,0.0336415301175533,0.0165303264266606,0.0154574294747592,0.03259620457011,0.0465240846544446,0.0725091902534203,0.0319727510949417,0.0257685985104766,0.0191128625032748,0.0235476218416462,0.0605058349724775,0.062772671872104,0.0172273845641965,0.0166680283292839,0.0324657954281446
"SPEECH_1084",NA,NA,NA,NA,NA,NA,NA,NA,NA,NA,NA,NA,NA,NA,NA,NA,NA,NA,NA,NA,NA,NA,NA,NA,NA,NA,NA,NA,NA,NA,NA,NA,NA,NA,NA,NA,NA,NA,NA,NA,NA,NA,NA,NA,NA,NA,NA,NA,NA,NA,NA,NA,NA,NA,NA,NA,NA,NA,NA,NA,0.044143131771812,0.0446615843847738,0.0212155101253598,0.0427021402627455,0.0390886533708065,0.0375678255397977,0.0364574479937721,0.017646305968282,0.0341305564523461,0.0384241325990011,0.055415738353794,0.0713683886471427,0.0123728456445205,0.05430006151539,0.0130513421304242,0.0497010911530326,0.0420417486825307,0.0256028453247043,0.0130366550747304,0.0320079988109945,0.0269002323476776,0.0372231098026705,0.0328028828333041,0.0109041669089615,0.0237367991856888,0.0575211566519449,0.0276183613567772,0.0237846207479567,0.0181637822601076,0.0164088840989505,0.0699503658577964,0.0618954126858047,0.0129833979860686,0.00694712893102237,0.0661854254551975,0.0142670941002709,0.0197681466388699,0.0145127409904978,0.0265282487508059,0.0579380911551048,0.0285781984320633,0.00756915837616198,0.0123936510679777,0.0521723223424966,0.0219849703860988,0.0451791016941337,0.0140877175532943,0.0176237077312707,0.0129612531684259,0.052269139624056,0.0111218137889639,0.0498325452390964,0.0272976517416283,0.0248476126314061,0.0149108621854118,0.0769893149347422,0.103432150751275,0.0219202273256171,0.0338617246733674,0.0199908238010739
"SPEECH_1046",NA,NA,NA,NA,NA,NA,NA,NA,NA,NA,NA,NA,NA,NA,NA,NA,NA,NA,NA,NA,NA,NA,NA,NA,NA,NA,NA,NA,NA,NA,NA,NA,NA,NA,NA,NA,NA,NA,NA,NA,NA,NA,NA,NA,NA,NA,NA,NA,NA,NA,NA,NA,NA,NA,NA,NA,NA,NA,NA,NA,0.0398891044852454,0.0300928196644483,0.00808343468538415,0.0303533925001392,0.0188578160259838,0.0433761803991398,0.0502828861419116,0.0202511150830806,0.0160839836033406,0.0693135053276035,0.0400108995459173,0.0249241193135985,0.0123042008127931,0.0392873463105515,0.0117537734356021,0.053780295489937,0.0927960521943614,0.0143668034457583,0.0271970466722229,0.0156541011771125,0.0493142043738683,0.0345064642591838,0.0608227577566252,0.0279529051755591,0.0205223057110867,0.0125416804904842,0.0335930268771623,0.0282841017788375,0.0305579440287229,0.0432457332343386,0.020467593025849,0.0331398429376395,0.0110911226623112,0.0214542190853752,0.0650167150428247,0.0312496383623468,0.0256053287684219,0.0195048008044795,0.0364802577621146,0.0258310638831003,0.0248778417329438,0.0277917015833924,0.0408888901535969,0.0591231934128053,0.0245196519232952,0.0182858053855353,0.0153494493353683,0.0173558781310701,0.0193949069923903,0.0285413318460802,0.0540338681519388,0.067101321045162,0.029281239725705,0.0371838991350009,0.0398123109625684,0.0574185963443377,0.0246054852356506,0.0406966165639481,0.0627611047697658,0.0211363252349821
"SPEECH_934",NA,NA,NA,NA,NA,NA,NA,NA,NA,NA,NA,NA,NA,NA,NA,NA,NA,NA,NA,NA,NA,NA,NA,NA,NA,NA,NA,NA,NA,NA,NA,NA,NA,NA,NA,NA,NA,NA,NA,NA,NA,NA,NA,NA,NA,NA,NA,NA,NA,NA,NA,NA,NA,NA,NA,NA,NA,NA,NA,NA,0.0477723075019858,0.0466611793945289,0.0091420354669701,0.0145530472867743,0.0409068793427728,0.0660629640522422,0.0358389006361776,0.013333506481167,0.0290620342008061,0.0121287795140425,0.0291599894003258,0.0270206450378557,0.0151010406640838,0.0697999074836822,0.0112275356746774,0.0560724190125367,0.0233258808832082,0.0100763905328016,0.0733669600039031,0.0244004531740821,0.0715109850025504,0.03465118943023,0.0525497920399381,0.0225062334123779,0.0423583652165435,0.0159165517641228,0.0192155096701299,0.0358771562248442,0.0225223430264216,0.0278790184682178,0.0267989863946802,0.0436304213567098,0.0157425420161314,0.0127094189209614,0.0541653911379554,0.0510594971842422,0.034201903419252,0.0169514249375608,0.0188683082320296,0.0278654363767359,0.0275104122905777,0.0227891217209708,0.0226996463783125,0.0500795170354241,0.0169048291629486,0.029409508495676,0.0200829341597863,0.0130452846476512,0.0208956735650355,0.0242277399092237,0.0671636028673911,0.0455833699464714,0.0284829847809675,0.0486074500985269,0.0484203113088211,0.0406838391473007,0.0722690656831673,0.0187780554499634,0.0398896739791144,0.0404836493964111
"SPEECH_1080",NA,NA,NA,NA,NA,NA,NA,NA,NA,NA,NA,NA,NA,NA,NA,NA,NA,NA,NA,NA,NA,NA,NA,NA,NA,NA,NA,NA,NA,NA,NA,NA,NA,NA,NA,NA,NA,NA,NA,NA,NA,NA,NA,NA,NA,NA,NA,NA,NA,NA,NA,NA,NA,NA,NA,NA,NA,NA,NA,NA,0.0255279796195012,0.0300260038234009,0.0114151611310772,0.0297737119838387,0.0515938988126601,0.0435189261323648,0.0366209542899609,0.0110853550591183,0.091052978764445,0.0181723771783386,0.0157343681004227,0.0235965898664224,0.0231214479441607,0.0536071258141689,0.0131522024136122,0.0280226417114126,0.0194589528661742,0.0225377948455303,0.0124362385778681,0.0314548098159518,0.0327632467653625,0.023421688059476,0.0335154828445457,0.05507003272509,0.0854658962513019,0.0549736143994893,0.030120118595557,0.0296071577957193,0.0395784714320606,0.0235747723809683,0.0217784287417757,0.0300947960272702,0.0164241313732738,0.0518800158537647,0.0461909802419799,0.0803085235162974,0.0335997965859377,0.0178237901614287,0.0253547061696748,0.0252865895288353,0.0394129214961908,0.0439251068420212,0.0162778280267702,0.0306584800326792,0.0169055269432647,0.045659992642941,0.0535798091948325,0.0207976612075002,0.0322777663263153,0.0350540945018535,0.0419332802967222,0.029305498888874,0.028070489328853,0.0130922102793666,0.0389709005287886,0.0338173657120768,0.0533821050753506,0.0248328295224601,0.0223482655746353,0.0309561093782659
"SPEECH_1112",NA,NA,NA,NA,NA,NA,NA,NA,NA,NA,NA,NA,NA,NA,NA,NA,NA,NA,NA,NA,NA,NA,NA,NA,NA,NA,NA,NA,NA,NA,NA,NA,NA,NA,NA,NA,NA,NA,NA,NA,NA,NA,NA,NA,NA,NA,NA,NA,NA,NA,NA,NA,NA,NA,NA,NA,NA,NA,NA,NA,0.0180981947549044,0.0443988153939168,0.0164298912273234,0.0276236075937292,0.0482810558642657,0.0707552415980467,0.0277487193220314,0.0207168471647531,0.0209911260303686,0.025605313244893,0.0372724455682284,0.0418915567180415,0.0122787291618956,0.0515903154889749,0.0152243784203984,0.0310064064425077,0.0279323645027131,0.0232635055355928,0.0450618575500396,0.0298998535134888,0.0706273515563488,0.0226009606890653,0.0273895068862384,0.019275235328456,0.0398886374281532,0.0266532694396904,0.0814369315339854,0.0289779811713454,0.0176151312225143,0.02946476964809,0.0243304418620556,0.0303093784078927,0.026469728518486,0.065707810147826,0.0178364630517733,0.061416275099564,0.0191585967016672,0.0281044713806536,0.0300095702832887,0.0184673858799851,0.0167363445670252,0.0188261009912435,0.0168722581847671,0.0467928925685675,0.0203640183653238,0.0791312048542296,0.0226850765209301,0.00973793469773049,0.00733561415533865,0.0108373006746829,0.0158818677375012,0.0261213315010097,0.0731266351308593,0.0189860215805332,0.00842501997292851,0.0948518395762357,0.124548359100854,0.0401805276535811,0.012357510159325,0.0143920206741418
"SPEECH_1095",NA,NA,NA,NA,NA,NA,NA,NA,NA,NA,NA,NA,NA,NA,NA,NA,NA,NA,NA,NA,NA,NA,NA,NA,NA,NA,NA,NA,NA,NA,NA,NA,NA,NA,NA,NA,NA,NA,NA,NA,NA,NA,NA,NA,NA,NA,NA,NA,NA,NA,NA,NA,NA,NA,NA,NA,NA,NA,NA,NA,0.030161214479165,0.0368615558976413,0.0182427021524055,0.0207742795301059,0.0497505654850337,0.0775599385563462,0.0852521302959705,0.0118359202625973,0.0208541344978714,0.0110003062665012,0.0973788424445121,0.0128450863924801,0.0144826288087062,0.0848633556597617,0.0195034645839445,0.0645084807966642,0.0203566348375334,0.026692188231474,0.0437267236484191,0.0302600262760945,0.0171723311920262,0.0192396472622882,0.0214893627331526,0.0151697731769525,0.0433213538051163,0.0238371836934031,0.0170558843904725,0.0211325275603776,0.0141044389985094,0.030567318084474,0.0457091156388022,0.028547625496017,0.0127779985778886,0.046206091960061,0.0786176882523625,0.0403006657097296,0.0643495808389625,0.0169262977956773,0.0321086976272814,0.0296850305341102,0.0282673417989637,0.0348021529049773,0.020942556106392,0.0423901513140843,0.0201885516501464,0.0451892677588794,0.0247063452040225,0.0238548067376418,0.0316178975851468,0.0259256661189546,0.0309041027669584,0.0238597094270049,0.0392153348113256,0.0110772898427273,0.0350191801500589,0.0403283588237006,0.0120495378866528,0.0354995655802614,0.0206875290895563,0.0582458620116528
"SPEECH_1282",NA,NA,NA,NA,NA,NA,NA,NA,NA,NA,NA,NA,NA,NA,NA,NA,NA,NA,NA,NA,NA,NA,NA,NA,NA,NA,NA,NA,NA,NA,NA,NA,NA,NA,NA,NA,NA,NA,NA,NA,NA,NA,NA,NA,NA,NA,NA,NA,NA,NA,NA,NA,NA,NA,NA,NA,NA,NA,NA,NA,0.0382708441056059,0.0500955856988565,0.0154614724561454,0.0419951550174672,0.0173050012424124,0.0894980793696891,0.0282541047891226,0.0162153654388369,0.00941215911393622,0.0281221552279689,0.0266507220680054,0.0282305335432745,0.0138683252367743,0.0517834074920684,0.013836116681817,0.0478588899945748,0.0540758735389813,0.0212152560729794,0.0192901443408218,0.016933948134662,0.0681931100647699,0.0251097353319743,0.0219882299575094,0.013658301340378,0.0653614351849479,0.025631677748264,0.0457692619479452,0.0268567208628584,0.0234073304838779,0.055651057513475,0.0549215325322558,0.0635570877439639,0.0154136121486886,0.0473000894903023,0.0244453222771261,0.0246608784980041,0.0247393615140633,0.0114312432439783,0.0204368274168511,0.0223291627155543,0.0281145628488769,0.0496098665778945,0.0123551734858668,0.0306978102347535,0.0160322986802365,0.0452895780364172,0.0202601891166632,0.0131687812601137,0.0264451349831015,0.0148400182959513,0.0841402575920096,0.0462924192723274,0.0479270893958053,0.0294882655269016,0.0508360769192781,0.0336235024719827,0.0248256527395596,0.0286308385406338,0.0492603099601124,0.0389270564807268
"SPEECH_1023",NA,NA,NA,NA,NA,NA,NA,NA,NA,NA,NA,NA,NA,NA,NA,NA,NA,NA,NA,NA,NA,NA,NA,NA,NA,NA,NA,NA,NA,NA,NA,NA,NA,NA,NA,NA,NA,NA,NA,NA,NA,NA,NA,NA,NA,NA,NA,NA,NA,NA,NA,NA,NA,NA,NA,NA,NA,NA,NA,NA,0.0131932346624474,0.0440365466402501,0.00904758099280173,0.048559838254159,0.0679853021426233,0.0510391201981788,0.0275683605119908,0.0205280940658783,0.0252030679941911,0.0252148399956876,0.0176459201528867,0.0319059341732754,0.0306798336188753,0.0227253254539779,0.0155851265237296,0.0358360262961254,0.0360443768317312,0.020768857989789,0.0391577483967044,0.0269551154629598,0.0583408146770456,0.0326868284808987,0.0193048892749296,0.0230701912736119,0.0518244222883225,0.0365116042566501,0.0277747376239901,0.0453654297803585,0.0636250394841035,0.0318157925018268,0.0339341299230375,0.0884440348043398,0.00976098183189398,0.0232013014225553,0.0585122387836065,0.113687557938325,0.0248403849869632,0.0103957852001825,0.0198848180426867,0.0402994869073902,0.01756477224438,0.0474747745818361,0.0142202906390289,0.0734509781949615,0.0123461619945724,0.0325174901781815,0.0207366019389393,0.0230184275742362,0.0169260475688127,0.0251276012987412,0.0209815806923859,0.0381624110454456,0.0521269869987311,0.0145758163981399,0.0158875646050054,0.0390518660301764,0.0395037955501459,0.0238181363268023,0.0108617618769149,0.0386862144215814
"SPEECH_1094",NA,NA,NA,NA,NA,NA,NA,NA,NA,NA,NA,NA,NA,NA,NA,NA,NA,NA,NA,NA,NA,NA,NA,NA,NA,NA,NA,NA,NA,NA,NA,NA,NA,NA,NA,NA,NA,NA,NA,NA,NA,NA,NA,NA,NA,NA,NA,NA,NA,NA,NA,NA,NA,NA,NA,NA,NA,NA,NA,NA,0.0549215325322558,0.0635570877439639,0.0154136121486886,0.0473000894903023,0.0244453222771261,0.0246608784980041,0.0247393615140633,0.0114312432439783,0.0204368274168511,0.0223291627155543,0.0281145628488769,0.0496098665778945,0.0123551734858668,0.0306978102347535,0.0160322986802365,0.0452895780364172,0.0202601891166632,0.0131687812601137,0.0264451349831015,0.0148400182959513,0.0841402575920096,0.0462924192723274,0.0479270893958053,0.0294882655269016,0.0508360769192781,0.0336235024719827,0.0248256527395596,0.0286308385406338,0.0492603099601124,0.0389270564807268,0.0158104379454433,0.0372594472997371,0.0199242552328997,0.0578104197449314,0.0488089166519899,0.055053692254683,0.0139996162860918,0.0160974156875835,0.0229851108113389,0.0172466781886029,0.0319723380937553,0.0295107560592441,0.0173950960485264,0.024799926518032,0.0142822411286945,0.0372518690577524,0.0301845582643379,0.0155553496799444,0.0183788773873736,0.0385614649524445,0.0846060800748979,0.0186404132909837,0.0439688582099035,0.0452671238211183,0.0714940233116101,0.0512258449306002,0.0362050476326472,0.0169314464122425,0.0227252306681218,0.0460474643544682
"SPEECH_1038",NA,NA,NA,NA,NA,NA,NA,NA,NA,NA,NA,NA,NA,NA,NA,NA,NA,NA,NA,NA,NA,NA,NA,NA,NA,NA,NA,NA,NA,NA,NA,NA,NA,NA,NA,NA,NA,NA,NA,NA,NA,NA,NA,NA,NA,NA,NA,NA,NA,NA,NA,NA,NA,NA,NA,NA,NA,NA,NA,NA,0.0442867348414906,0.0511399111880435,0.0103650327673601,0.0467952907887367,0.0222409522858063,0.0468323123218311,0.0278430036021528,0.0213341713533991,0.0192720242434256,0.0202679038961443,0.0300784930725886,0.0414815796050383,0.0112279249246983,0.0653691272453668,0.024099130824965,0.0741751950033629,0.0331047966408254,0.0215450038610457,0.0383974751454457,0.0162523602858346,0.0433043240620348,0.0304587161576118,0.0233080825727265,0.0230203344671114,0.0297661910658081,0.0287474454754891,0.0786043327906674,0.0216981485140133,0.0321821095721382,0.0228018914248381,0.0645680891633506,0.0364496866100093,0.0122493106863307,0.0467067388050141,0.0363179865165678,0.0612909895945071,0.0425623630788174,0.0110325239376215,0.0517680546017697,0.0157040143142787,0.0326338422378612,0.0295125541481769,0.0182711937167919,0.02516645414311,0.0174537255873451,0.0584401141976454,0.0347399969935596,0.02415549665695,0.0186224915580898,0.0171824788904961,0.0376516965405962,0.0455500686983141,0.0514511385688146,0.0118752600899755,0.0641642794726698,0.0663558869558789,0.0174369160381513,0.0197648199756428,0.016395783253176,0.0145260449684884
"SPEECH_936",NA,NA,NA,NA,NA,NA,NA,NA,NA,NA,NA,NA,NA,NA,NA,NA,NA,NA,NA,NA,NA,NA,NA,NA,NA,NA,NA,NA,NA,NA,NA,NA,NA,NA,NA,NA,NA,NA,NA,NA,NA,NA,NA,NA,NA,NA,NA,NA,NA,NA,NA,NA,NA,NA,NA,NA,NA,NA,NA,NA,0.0498080285182753,0.0443061994307387,0.017457043035949,0.0645672695923742,0.0257771179084173,0.0486627520370118,0.0425308613675109,0.0146897384316636,0.0141908055500233,0.0137043292294027,0.0750780518588192,0.0182138113664264,0.0108446861865741,0.0238978015346084,0.0146146474127446,0.0732996491578628,0.0565338722713769,0.0248301202017194,0.065714521244978,0.00913035741946877,0.0390172238117805,0.0140061294945555,0.0854854983205018,0.0119629913909698,0.0457774712044558,0.0135957095948193,0.0321219688569268,0.0193947124126428,0.0175265421180366,0.0132600890393656,0.0342885297690732,0.0410709143761657,0.0123230045654985,0.0726533693023236,0.0304160432713877,0.0484823678031179,0.0272576705292425,0.0139050917407447,0.0163108955908253,0.0190616412385793,0.059975875615426,0.0231754228079796,0.0124723628541639,0.0538909518788229,0.0400642529418868,0.0457531461444104,0.0455363866296488,0.0204965341696385,0.0160065991611607,0.0194136951296785,0.0476694781858118,0.0435081955915537,0.0147467508382619,0.0163899218418388,0.0708079416250145,0.0398239686887005,0.0270910962310442,0.0292243106918392,0.0279172611779954,0.0302663196081655
"SPEECH_1092",NA,NA,NA,NA,NA,NA,NA,NA,NA,NA,NA,NA,NA,NA,NA,NA,NA,NA,NA,NA,NA,NA,NA,NA,NA,NA,NA,NA,NA,NA,NA,NA,NA,NA,NA,NA,NA,NA,NA,NA,NA,NA,NA,NA,NA,NA,NA,NA,NA,NA,NA,NA,NA,NA,NA,NA,NA,NA,NA,NA,0.054210808639858,0.0333577913428304,0.0138106090450491,0.0247627386411774,0.0386091451237965,0.0422750035421332,0.0247633043804314,0.0114422709556868,0.106143582494104,0.0190101099076324,0.0472670451196498,0.0426752694407896,0.0113848498050539,0.0384783692102942,0.0148005626231352,0.0339139800877528,0.0280256574628201,0.0162442044069641,0.0248817269013252,0.0304808587949036,0.047293953228088,0.0177797120644836,0.0839894631115185,0.0125291334786772,0.0391438219358575,0.0435296942738513,0.015897879478015,0.0344398751977081,0.0236892134328425,0.0251693658735708,0.0412579678992873,0.0528219599927154,0.0118363670084365,0.0653239959537886,0.0700630063549738,0.0202839511980645,0.0392232935286447,0.0120748573460051,0.0824058043999715,0.0149325145515633,0.0203317666017373,0.0233767509322708,0.0344346372916698,0.0320966434028033,0.0114052480108758,0.0380787812904502,0.0383953256047792,0.0137184021835244,0.0357820534640395,0.040053839894553,0.0303036528339659,0.0303718185086787,0.0225676907655016,0.0136700152378473,0.0185302414560175,0.0695511627201044,0.0282471754900505,0.0343446439477342,0.0270245972846679,0.027491834845278
"SPEECH_1099",NA,NA,NA,NA,NA,NA,NA,NA,NA,NA,NA,NA,NA,NA,NA,NA,NA,NA,NA,NA,NA,NA,NA,NA,NA,NA,NA,NA,NA,NA,NA,NA,NA,NA,NA,NA,NA,NA,NA,NA,NA,NA,NA,NA,NA,NA,NA,NA,NA,NA,NA,NA,NA,NA,NA,NA,NA,NA,NA,NA,0.054210808639858,0.0333577913428304,0.0138106090450491,0.0247627386411774,0.0386091451237965,0.0422750035421332,0.0247633043804314,0.0114422709556868,0.106143582494104,0.0190101099076324,0.0472670451196498,0.0426752694407896,0.0113848498050539,0.0384783692102942,0.0148005626231352,0.0339139800877528,0.0280256574628201,0.0162442044069641,0.0248817269013252,0.0304808587949036,0.047293953228088,0.0177797120644836,0.0839894631115185,0.0125291334786772,0.0391438219358575,0.0435296942738513,0.015897879478015,0.0344398751977081,0.0236892134328425,0.0251693658735708,0.0412579678992873,0.0528219599927154,0.0118363670084365,0.0653239959537886,0.0700630063549738,0.0202839511980645,0.0392232935286447,0.0120748573460051,0.0824058043999715,0.0149325145515633,0.0203317666017373,0.0233767509322708,0.0344346372916698,0.0320966434028033,0.0114052480108758,0.0380787812904502,0.0383953256047792,0.0137184021835244,0.0357820534640395,0.040053839894553,0.0303036528339659,0.0303718185086787,0.0225676907655016,0.0136700152378473,0.0185302414560175,0.0695511627201044,0.0282471754900505,0.0343446439477342,0.0270245972846679,0.027491834845278
"SPEECH_1031",NA,NA,NA,NA,NA,NA,NA,NA,NA,NA,NA,NA,NA,NA,NA,NA,NA,NA,NA,NA,NA,NA,NA,NA,NA,NA,NA,NA,NA,NA,NA,NA,NA,NA,NA,NA,NA,NA,NA,NA,NA,NA,NA,NA,NA,NA,NA,NA,NA,NA,NA,NA,NA,NA,NA,NA,NA,NA,NA,NA,0.0290383596727944,0.079040570173515,0.0225304701150244,0.0240500840984414,0.017623860261735,0.0209349271862232,0.00706300008923873,0.0248427766742818,0.0211331529611528,0.0210413294629688,0.024268625427612,0.0103067870910033,0.0195623465880337,0.0168127643902135,0.0224342256153993,0.0906624531482033,0.10494037554419,0.0254821026048938,0.0127458114812472,0.0112566708291916,0.0318672918290186,0.0831765222835432,0.00760225700310605,0.0110114806857792,0.0161531229053605,0.0470207830342081,0.048840797048081,0.0647752265792478,0.0705866680608026,0.0131951571554902,0.0322466805552754,0.0171647692850088,0.0154057752576138,0.0555401008232658,0.056607859068591,0.019943489181508,0.0169197092314915,0.0178090202888422,0.0215146651386777,0.0122390013771413,0.0428381907557323,0.00947041453488967,0.0670683293864681,0.013981328288095,0.0200121402614252,0.0431945268847249,0.0619794497644671,0.0098577070375523,0.0247579002036387,0.0437861436442173,0.0248993711714734,0.0199204793228937,0.00762539608470516,0.069058672141659,0.0423406687395498,0.10069139592913,0.0216570336529642,0.0262503728369052,0.0714887774332581,0.0137306317188357
"SPEECH_965",NA,NA,NA,NA,NA,NA,NA,NA,NA,NA,NA,NA,NA,NA,NA,NA,NA,NA,NA,NA,NA,NA,NA,NA,NA,NA,NA,NA,NA,NA,NA,NA,NA,NA,NA,NA,NA,NA,NA,NA,NA,NA,NA,NA,NA,NA,NA,NA,NA,NA,NA,NA,NA,NA,NA,NA,NA,NA,NA,NA,0.04578574070333,0.0345559380897407,0.0180439425986905,0.0415393478395244,0.0575466195316907,0.0201458105557814,0.0256911924870277,0.0143092027339176,0.0439174970020024,0.0155884620231057,0.0321456031276964,0.0417788726986555,0.0273787454778273,0.0503072866122814,0.0296193136154853,0.0459666537940881,0.042164956031996,0.014039373077808,0.0179682221128012,0.0391695776192644,0.0303973448327773,0.037969543561471,0.0165088588658206,0.031619936179967,0.0445924931327394,0.0672342080354474,0.0254660739607078,0.0321213512580266,0.0235097039999077,0.0329181284404205,0.026918314551001,0.0495182377828758,0.0204453443848708,0.0291532218470637,0.0580025485284132,0.0367400683511143,0.0460670433073565,0.0150994385411319,0.0299213075749218,0.0182990997515937,0.0270990467018087,0.0282459744678266,0.0148304864799678,0.0430229276321233,0.0357789819037446,0.0323679374168397,0.0196656975086601,0.0315503508748357,0.0247890400363517,0.0460230948527584,0.0557247044766023,0.0183001391008499,0.0491473296097208,0.0182299702635584,0.0486272628993127,0.0531507880179506,0.0514868507142321,0.0180816139797292,0.0169727153975656,0.0367404630452189
"SPEECH_964",NA,NA,NA,NA,NA,NA,NA,NA,NA,NA,NA,NA,NA,NA,NA,NA,NA,NA,NA,NA,NA,NA,NA,NA,NA,NA,NA,NA,NA,NA,NA,NA,NA,NA,NA,NA,NA,NA,NA,NA,NA,NA,NA,NA,NA,NA,NA,NA,NA,NA,NA,NA,NA,NA,NA,NA,NA,NA,NA,NA,0.0453124605719723,0.051546107781795,0.0130669017024473,0.0159663745594747,0.0196218171483331,0.0498816299411013,0.023580549514861,0.0158213938367727,0.0123874528903382,0.00758360509796695,0.0412826031456117,0.0219144308361522,0.0105984507701545,0.0557802511559218,0.010504112983227,0.0606370961422188,0.0612213282695188,0.0208946130861706,0.0192083944186117,0.01534874809336,0.108427949317437,0.027436617130525,0.0373214302465922,0.0429428354458079,0.118228685934965,0.0134866977488826,0.0171955506148677,0.026093797968911,0.0206420739358168,0.016066039710186,0.0171012998175429,0.0367147189274009,0.018025098441721,0.0368907318795689,0.0388195920890414,0.0557284974979195,0.0269635821740529,0.0159630381023334,0.0541460031063519,0.0101370416316373,0.0247981236697107,0.0316122691947883,0.01407055277745,0.0737200057402885,0.0116796895044314,0.0477852689591348,0.0518900738965201,0.0253474431863692,0.0144472292197037,0.0291651362877922,0.0835540622510303,0.0182049562553403,0.0160546682522103,0.0229226161194979,0.0604734665389465,0.0418794896279934,0.0620313166020603,0.0177994659991485,0.0159249686649122,0.0261495935851012
"SPEECH_933",NA,NA,NA,NA,NA,NA,NA,NA,NA,NA,NA,NA,NA,NA,NA,NA,NA,NA,NA,NA,NA,NA,NA,NA,NA,NA,NA,NA,NA,NA,NA,NA,NA,NA,NA,NA,NA,NA,NA,NA,NA,NA,NA,NA,NA,NA,NA,NA,NA,NA,NA,NA,NA,NA,NA,NA,NA,NA,NA,NA,0.020640349399302,0.0183755061353295,0.0149859252488923,0.0408250140837122,0.026628950871267,0.0419528412211982,0.0414693791898851,0.0310110856485686,0.0219171951461364,0.0131218647066458,0.0722207948141654,0.0227766375034689,0.0118927773011163,0.0674300812421064,0.0116368455828735,0.0426090731722029,0.0673712319663915,0.0268515200850161,0.022891504405207,0.0200265433095749,0.0651295992935732,0.0150084971193027,0.0148801330058865,0.020169215335889,0.0368771661468794,0.0388961648251402,0.0957651049042669,0.0217994626243185,0.0234828104392219,0.0313567252724614,0.0336156151365114,0.0437300418729764,0.0127534128336575,0.0218352788583,0.051280689412209,0.0412643695476011,0.0194359828125997,0.0184194926298416,0.0473914307572788,0.0214921226250536,0.0255997761618706,0.0219229877977197,0.0166208146043405,0.038121321037503,0.0321018034421707,0.0543925705491102,0.0200015436282578,0.0142481345264787,0.0131990105778932,0.0300821303036331,0.0776248455456512,0.0525021068279982,0.0331033248490662,0.0215756864574191,0.0212884187966598,0.0381664832057053,0.0630210294747331,0.0449808055456851,0.0503580726041612,0.0198706975779143
"SPEECH_940",NA,NA,NA,NA,NA,NA,NA,NA,NA,NA,NA,NA,NA,NA,NA,NA,NA,NA,NA,NA,NA,NA,NA,NA,NA,NA,NA,NA,NA,NA,NA,NA,NA,NA,NA,NA,NA,NA,NA,NA,NA,NA,NA,NA,NA,NA,NA,NA,NA,NA,NA,NA,NA,NA,NA,NA,NA,NA,NA,NA,0.0222646254831065,0.0787948399550881,0.0107120055197529,0.0114581612318168,0.0336560635273247,0.0164681379320915,0.0363854174090511,0.026576595714128,0.0403214496589815,0.00715782980181646,0.0278726494493461,0.0641196323099144,0.00650448288748852,0.0355260008475529,0.00710741738019577,0.0798586457954401,0.0156693691942571,0.0261239185310873,0.0250375492802453,0.0366937962538714,0.0671672409129217,0.0572366066222228,0.0530518255195472,0.0180512248348265,0.0183425027596999,0.0222972991463194,0.0394628645200457,0.0364309050991537,0.0159193979832316,0.063731544439475,0.0226544892127604,0.0515655344010697,0.0230021363742213,0.0408269244066114,0.0407048376390993,0.0317201642207523,0.0218055186278433,0.0296856006592851,0.0395848500709139,0.012843827253309,0.0282044144901895,0.0263278242261458,0.0118820476703845,0.0403962170334156,0.014500255337186,0.0405018481548311,0.0170193764315796,0.0212995732165687,0.0226180516509578,0.0243160329602335,0.0678609131033939,0.0200705484789212,0.0170730721823559,0.0295294825812672,0.0306813328971186,0.0559227028938375,0.110118215295427,0.020956207890674,0.0612169284677293,0.0251110721719176
"SPEECH_1050",NA,NA,NA,NA,NA,NA,NA,NA,NA,NA,NA,NA,NA,NA,NA,NA,NA,NA,NA,NA,NA,NA,NA,NA,NA,NA,NA,NA,NA,NA,NA,NA,NA,NA,NA,NA,NA,NA,NA,NA,NA,NA,NA,NA,NA,NA,NA,NA,NA,NA,NA,NA,NA,NA,NA,NA,NA,NA,NA,NA,0.0226544892127604,0.0515655344010697,0.0230021363742213,0.0408269244066114,0.0407048376390993,0.0317201642207523,0.0218055186278433,0.0296856006592851,0.0395848500709139,0.012843827253309,0.0282044144901895,0.0263278242261458,0.0118820476703845,0.0403962170334156,0.014500255337186,0.0405018481548311,0.0170193764315796,0.0212995732165687,0.0226180516509578,0.0243160329602335,0.0678609131033939,0.0200705484789212,0.0170730721823559,0.0295294825812672,0.0306813328971186,0.0559227028938375,0.110118215295427,0.020956207890674,0.0612169284677293,0.0251110721719176,0.0371390329115859,0.031782200999971,0.016099185584488,0.0226817249041086,0.0772294509390772,0.0257699561960996,0.0426085844377672,0.0188059148682631,0.0217195717522293,0.0129312836189141,0.0385864156501393,0.0349000159307569,0.0204227887757551,0.0435825295078147,0.0249406617624804,0.0526421900913896,0.0394067942366761,0.0191488724203001,0.0180524457896402,0.0328204780329985,0.0826206253815638,0.0133725163579946,0.0303246384985436,0.0216686845338763,0.0285565371529841,0.0425219153672862,0.0416898212258694,0.0204304517800637,0.0405486237247364,0.0469960875666271
"SPEECH_1124",NA,NA,NA,NA,NA,NA,NA,NA,NA,NA,NA,NA,NA,NA,NA,NA,NA,NA,NA,NA,NA,NA,NA,NA,NA,NA,NA,NA,NA,NA,NA,NA,NA,NA,NA,NA,NA,NA,NA,NA,NA,NA,NA,NA,NA,NA,NA,NA,NA,NA,NA,NA,NA,NA,NA,NA,NA,NA,NA,NA,0.0211310246082906,0.0151571906015683,0.0186666939379281,0.0370010082196197,0.0398001003189963,0.0459666716367221,0.0246809777973358,0.0153877517465286,0.0245806458619415,0.0142446413981021,0.0414216718748129,0.0138528836229006,0.0253219705897239,0.0295032323671856,0.0283891825617339,0.0785728183907762,0.0460099362460707,0.0145378509150245,0.0265960432291024,0.0344084180525131,0.0418265380300359,0.0347668270630349,0.0330626455274157,0.0228819330361812,0.0429361735071384,0.0514290619421109,0.0641495245327249,0.0364239126873833,0.0575923806621067,0.0197002890349912,0.0267882567422228,0.0404143004973357,0.0192277689009982,0.0207772101648696,0.0466960821898662,0.0575404549683339,0.0533865898885304,0.00907234110186732,0.0259053378190466,0.0178261752343597,0.0454083409027015,0.0326112222222043,0.0139732512277533,0.0298406064472626,0.022708809823725,0.0607844219407285,0.0130575476254727,0.0201152803794296,0.0123364149541765,0.0132137771518918,0.105415725697836,0.0390802851117746,0.0422251082903399,0.0190225861508387,0.0239544154832004,0.0860783711411157,0.0272275721933081,0.0252774566545726,0.0388393394181491,0.0111949496760888
"SPEECH_57",NA,NA,NA,NA,NA,NA,NA,NA,NA,NA,NA,NA,NA,NA,NA,NA,NA,NA,NA,NA,NA,NA,NA,NA,NA,NA,NA,NA,NA,NA,NA,NA,NA,NA,NA,NA,NA,NA,NA,NA,NA,NA,NA,NA,NA,NA,NA,NA,NA,NA,NA,NA,NA,NA,NA,NA,NA,NA,NA,NA,0.0334139312442342,0.043174498428992,0.0109305666134331,0.0374023978239555,0.014981849981791,0.0427243657603274,0.0307897522057168,0.0179343612985823,0.0148652345297902,0.00692011918069857,0.142429908470061,0.0106433243810205,0.0129874969632847,0.0350438137424333,0.0106902893577845,0.114200749125847,0.0515834666237474,0.0150955415017266,0.0552414273132316,0.0150547055661033,0.0303326238701885,0.0182652316594255,0.00865584148416444,0.0115534175647804,0.0675202343005291,0.0131433035576216,0.0224543674812679,0.0555442862583619,0.018101762774932,0.0383211309359677,0.0332957338327151,0.0307472752489269,0.016110280284066,0.0273980252157727,0.0446178616616309,0.0415496824297114,0.0538962218083423,0.0255904815583199,0.0329203606502262,0.0227235335043275,0.0325790140278676,0.033484361235445,0.03251386376247,0.0408316369260595,0.0119869864588881,0.0242698424274396,0.0248417426453899,0.0203480969887157,0.0249577502110551,0.0386649412895368,0.0480402989048697,0.0297511322238822,0.0495139676550972,0.0184765810216642,0.0304482177104175,0.0371501148628761,0.0493003699411866,0.0682304068473673,0.0331072565376317,0.0226539621281013
"SPEECH_833",NA,NA,NA,NA,NA,NA,NA,NA,NA,NA,NA,NA,NA,NA,NA,NA,NA,NA,NA,NA,NA,NA,NA,NA,NA,NA,NA,NA,NA,NA,NA,NA,NA,NA,NA,NA,NA,NA,NA,NA,NA,NA,NA,NA,NA,NA,NA,NA,NA,NA,NA,NA,NA,NA,NA,NA,NA,NA,NA,NA,0.0334139312442342,0.043174498428992,0.0109305666134331,0.0374023978239555,0.014981849981791,0.0427243657603274,0.0307897522057168,0.0179343612985823,0.0148652345297902,0.00692011918069857,0.142429908470061,0.0106433243810205,0.0129874969632847,0.0350438137424333,0.0106902893577845,0.114200749125847,0.0515834666237474,0.0150955415017266,0.0552414273132316,0.0150547055661033,0.0303326238701885,0.0182652316594255,0.00865584148416444,0.0115534175647804,0.0675202343005291,0.0131433035576216,0.0224543674812679,0.0555442862583619,0.018101762774932,0.0383211309359677,0.0332957338327151,0.0307472752489269,0.016110280284066,0.0273980252157727,0.0446178616616309,0.0415496824297114,0.0538962218083423,0.0255904815583199,0.0329203606502262,0.0227235335043275,0.0325790140278676,0.033484361235445,0.03251386376247,0.0408316369260595,0.0119869864588881,0.0242698424274396,0.0248417426453899,0.0203480969887157,0.0249577502110551,0.0386649412895368,0.0480402989048697,0.0297511322238822,0.0495139676550972,0.0184765810216642,0.0304482177104175,0.0371501148628761,0.0493003699411866,0.0682304068473673,0.0331072565376317,0.0226539621281013
"SPEECH_969",NA,NA,NA,NA,NA,NA,NA,NA,NA,NA,NA,NA,NA,NA,NA,NA,NA,NA,NA,NA,NA,NA,NA,NA,NA,NA,NA,NA,NA,NA,NA,NA,NA,NA,NA,NA,NA,NA,NA,NA,NA,NA,NA,NA,NA,NA,NA,NA,NA,NA,NA,NA,NA,NA,NA,NA,NA,NA,NA,NA,0.0478261627241886,0.0540283992181485,0.0116706469741597,0.0173106988066629,0.0181189775324329,0.0305465277229214,0.0387375342334639,0.0215126914071891,0.014048922747613,0.0130456116515356,0.024216060358084,0.067959097884575,0.0127287973175449,0.0833926155207328,0.0107973496129013,0.0270858005233167,0.0151293794844042,0.0147150607333386,0.0169186864490033,0.0177696538806981,0.189274321909814,0.00906288189560998,0.0095645492117275,0.00882321320233304,0.0396146562203392,0.0160676954811509,0.0197214838978603,0.026695735782702,0.0112563046869365,0.112360482928612,0.0298970584405864,0.0389597104187587,0.0268370307567017,0.0203288550710081,0.0670227145328956,0.0515343854290874,0.0316466626013208,0.0106682439865485,0.0304158728679249,0.0164997774243103,0.032970677116226,0.0123967540502578,0.0210737839168144,0.0127919149732983,0.0282209324801543,0.0458607280767998,0.0170673143040255,0.0181322402756134,0.0339128878358084,0.0326570165373023,0.0535991062897165,0.0336449641670981,0.0705924193233971,0.0163803480474343,0.0112584958982776,0.0491842603841024,0.0306502191619618,0.0517988805122393,0.0646586284704461,0.0393381166498842
"SPEECH_1082",NA,NA,NA,NA,NA,NA,NA,NA,NA,NA,NA,NA,NA,NA,NA,NA,NA,NA,NA,NA,NA,NA,NA,NA,NA,NA,NA,NA,NA,NA,NA,NA,NA,NA,NA,NA,NA,NA,NA,NA,NA,NA,NA,NA,NA,NA,NA,NA,NA,NA,NA,NA,NA,NA,NA,NA,NA,NA,NA,NA,0.0478261627241886,0.0540283992181485,0.0116706469741597,0.0173106988066629,0.0181189775324329,0.0305465277229214,0.0387375342334639,0.0215126914071891,0.014048922747613,0.0130456116515356,0.024216060358084,0.067959097884575,0.0127287973175449,0.0833926155207328,0.0107973496129013,0.0270858005233167,0.0151293794844042,0.0147150607333386,0.0169186864490033,0.0177696538806981,0.189274321909814,0.00906288189560998,0.0095645492117275,0.00882321320233304,0.0396146562203392,0.0160676954811509,0.0197214838978603,0.026695735782702,0.0112563046869365,0.112360482928612,0.0298970584405864,0.0389597104187587,0.0268370307567017,0.0203288550710081,0.0670227145328956,0.0515343854290874,0.0316466626013208,0.0106682439865485,0.0304158728679249,0.0164997774243103,0.032970677116226,0.0123967540502578,0.0210737839168144,0.0127919149732983,0.0282209324801543,0.0458607280767998,0.0170673143040255,0.0181322402756134,0.0339128878358084,0.0326570165373023,0.0535991062897165,0.0336449641670981,0.0705924193233971,0.0163803480474343,0.0112584958982776,0.0491842603841024,0.0306502191619618,0.0517988805122393,0.0646586284704461,0.0393381166498842
"SPEECH_1113",NA,NA,NA,NA,NA,NA,NA,NA,NA,NA,NA,NA,NA,NA,NA,NA,NA,NA,NA,NA,NA,NA,NA,NA,NA,NA,NA,NA,NA,NA,NA,NA,NA,NA,NA,NA,NA,NA,NA,NA,NA,NA,NA,NA,NA,NA,NA,NA,NA,NA,NA,NA,NA,NA,NA,NA,NA,NA,NA,NA,0.0149644306334851,0.0561754787122295,0.0195624047408371,0.044358187013774,0.0415083233548685,0.0502654743775922,0.0353441273131448,0.0242101198492026,0.0251676840365647,0.0983863294777899,0.0333574479814826,0.0267238957076622,0.0175272962283166,0.0218185380987485,0.00926277674570973,0.0455815761922005,0.0185957971468489,0.0168567181193665,0.00949839129475486,0.0160899084038178,0.111829393385687,0.0242275069744363,0.0615407745926289,0.027296814769688,0.040022546597091,0.00852391967618911,0.0417952145493557,0.0293710677525807,0.00966185450671338,0.0204760017672339,0.0329158227965704,0.0519373893879353,0.0197039899948535,0.0296281902807899,0.0552623601081727,0.0578789258938119,0.0365206956381805,0.0130390423431461,0.017746700233386,0.0167733571919833,0.0538376082310716,0.0170633452370805,0.0180708166726833,0.0424166017447624,0.0217625140976178,0.0590816155374061,0.0578691409568633,0.0206757736583528,0.0338137268178743,0.0288717175467588,0.0658749986089653,0.0239488445451801,0.0338394857212247,0.0284760646146764,0.0597353413839587,0.0185216117970598,0.0220982724873135,0.0212473789402628,0.0225651336163948,0.0188235339156635
"SPEECH_1091",NA,NA,NA,NA,NA,NA,NA,NA,NA,NA,NA,NA,NA,NA,NA,NA,NA,NA,NA,NA,NA,NA,NA,NA,NA,NA,NA,NA,NA,NA,NA,NA,NA,NA,NA,NA,NA,NA,NA,NA,NA,NA,NA,NA,NA,NA,NA,NA,NA,NA,NA,NA,NA,NA,NA,NA,NA,NA,NA,NA,0.0326922520161086,0.0295667063110918,0.0097636185806337,0.032348818527497,0.0346076752468007,0.0746196092063263,0.0369338149838831,0.0181601172885737,0.0305113436817814,0.0228896630954974,0.0238207954325741,0.0476899693990907,0.0247169987658645,0.0289980884391826,0.0123535948881904,0.0775952154914749,0.0265373412766684,0.0139040297925694,0.0330866607855689,0.0145946800349824,0.0439788413069175,0.0206837324136374,0.0201411090611818,0.0112337287102542,0.0657887101722674,0.0433170231143616,0.0169488038677136,0.0987974115355664,0.0254461061150493,0.0282735404586909,0.0240188898758871,0.0514312656515463,0.0242689308620281,0.0673137209439311,0.0778877300445972,0.0329075061204628,0.0187466898561657,0.0184028058925392,0.0385056147387139,0.0181426148870404,0.0259881479213691,0.0148397015872522,0.0243064275207977,0.0192316016621734,0.0223481246741624,0.03146077000053,0.011887493123152,0.0206167632702701,0.0219320700106818,0.055031084574367,0.047167755315549,0.0473692864719317,0.0186239697475119,0.0309400631522745,0.0181865787829319,0.0454491234113134,0.0887970221266702,0.0278026688926452,0.0195428665630807,0.0368527123184241
"SPEECH_900",NA,NA,NA,NA,NA,NA,NA,NA,NA,NA,NA,NA,NA,NA,NA,NA,NA,NA,NA,NA,NA,NA,NA,NA,NA,NA,NA,NA,NA,NA,NA,NA,NA,NA,NA,NA,NA,NA,NA,NA,NA,NA,NA,NA,NA,NA,NA,NA,NA,NA,NA,NA,NA,NA,NA,NA,NA,NA,NA,NA,0.0247018235218555,0.0465809766145822,0.00853193658812932,0.0421476103298936,0.0246713570424056,0.0247456694949493,0.0232999989881179,0.00975354671054948,0.0170957411239585,0.0083870013758558,0.0206564227450145,0.0139961242176504,0.0284969319272297,0.0272361661596673,0.0322467673795034,0.0248933466850768,0.02283696045206,0.0249073121817235,0.00767008224628286,0.0390903941883927,0.147333328336428,0.0350004824237479,0.0144319467364705,0.0309301205470221,0.127337526612317,0.0478016683623195,0.0223117575645316,0.0588254497484254,0.0224977340756267,0.0215838156202123,0.0390132859711087,0.0245345427895,0.0141899157296169,0.0179329844787503,0.0286334019781136,0.0812210338326229,0.0341740462902412,0.0122135990685656,0.0133125159554383,0.0112162162243528,0.03205661635914,0.0262215947390391,0.0115561120875897,0.0718853934802395,0.008613902096825,0.0659991520605452,0.0470130713393185,0.021445416606484,0.0115736763368491,0.006652116328213,0.0349940986609993,0.0748935137710748,0.0729374147613377,0.0232177968124037,0.0632508135343628,0.02253012917043,0.0185899843965002,0.0613649798423513,0.0408793380671186,0.00788333723086855
"SPEECH_1088",NA,NA,NA,NA,NA,NA,NA,NA,NA,NA,NA,NA,NA,NA,NA,NA,NA,NA,NA,NA,NA,NA,NA,NA,NA,NA,NA,NA,NA,NA,NA,NA,NA,NA,NA,NA,NA,NA,NA,NA,NA,NA,NA,NA,NA,NA,NA,NA,NA,NA,NA,NA,NA,NA,NA,NA,NA,NA,NA,NA,0.0332176346581476,0.0410701230909992,0.0244136198663822,0.0154977412223553,0.050538058497002,0.0869735417319815,0.0337598648003984,0.0186525788483379,0.0513631786770238,0.025551028232041,0.0221625047449884,0.039901336692822,0.0188181277066816,0.0269736619191317,0.0174364816975893,0.0198610051992232,0.014020742505648,0.02045699731924,0.0138264171502182,0.0260075825974777,0.0167506522435695,0.0191831861915099,0.0401478231296691,0.0552172998080133,0.0163822430211921,0.0631375966335803,0.0904651117064548,0.0588115160779418,0.0187994415286172,0.020602902501763,0.0993027100888805,0.0614046373068763,0.0166794337611721,0.0353571950003655,0.0355424092888562,0.0173747245084398,0.0461530394042621,0.0247405687307051,0.034316108236881,0.0309991583639247,0.0135940247741271,0.00921945806601656,0.0216163790162825,0.00683478462436726,0.0122008987846562,0.0190772833243988,0.0106143989881968,0.0200808271401271,0.0108574319458874,0.022619106129547,0.0770976409766468,0.0431251657943676,0.0316581801795919,0.0576970815780802,0.0174601443733473,0.0984914450897205,0.0505865647225509,0.0257209906177665,0.0338423078275952,0.015735901356363
"SPEECH_1085",NA,NA,NA,NA,NA,NA,NA,NA,NA,NA,NA,NA,NA,NA,NA,NA,NA,NA,NA,NA,NA,NA,NA,NA,NA,NA,NA,NA,NA,NA,NA,NA,NA,NA,NA,NA,NA,NA,NA,NA,NA,NA,NA,NA,NA,NA,NA,NA,NA,NA,NA,NA,NA,NA,NA,NA,NA,NA,NA,NA,0.0418975046120227,0.0433117344495914,0.0104644021739672,0.0248505816303598,0.0277028592048316,0.0592560046033481,0.0362818459397947,0.0284352128709485,0.00882263100766939,0.0163052278631383,0.0483403398588644,0.0430023261026628,0.00733453576957415,0.0117988214838599,0.021708077156932,0.149756039152389,0.0395001601320621,0.0141140372104636,0.0118346792004405,0.0149348386644547,0.0674946608520581,0.0270521856032302,0.0157853470588247,0.02272512389296,0.0407018610217223,0.00995072823196056,0.0152065571487001,0.038443441824301,0.0254586858781269,0.0775295494007412,0.0560723527633454,0.040491149165656,0.0107817739980653,0.0302944317571569,0.0603949423203063,0.0246228946872391,0.0407353532405288,0.012191284304016,0.0149708953816262,0.0132683269576926,0.0876726021324737,0.015695614718914,0.0313149839048041,0.0190639167532262,0.0135706505632786,0.0804603853204436,0.0407223297266919,0.0176262907439779,0.0327789089710172,0.0290421994934567,0.0520186875811831,0.0222575128191879,0.0180700301369397,0.0209592598071193,0.0570519778554952,0.0236128492637888,0.0168095572214576,0.0461709673988234,0.0278441575844898,0.0434337134275987
"SPEECH_931",NA,NA,NA,NA,NA,NA,NA,NA,NA,NA,NA,NA,NA,NA,NA,NA,NA,NA,NA,NA,NA,NA,NA,NA,NA,NA,NA,NA,NA,NA,NA,NA,NA,NA,NA,NA,NA,NA,NA,NA,NA,NA,NA,NA,NA,NA,NA,NA,NA,NA,NA,NA,NA,NA,NA,NA,NA,NA,NA,NA,0.0227276619774121,0.0161894875245881,0.0133706376269553,0.0801402688510914,0.0184608406987778,0.0613081290725669,0.0273553460698681,0.0184649958679084,0.0178563245424369,0.0104908864065917,0.0655598365416422,0.0508118696762226,0.0100084702008078,0.0198332960174842,0.0150135489213019,0.0604009896361959,0.0951200281807347,0.0227907635848816,0.0131049237308376,0.0172840176360588,0.0198083591625035,0.0318992459060452,0.0421700420804875,0.021033799159413,0.0764588018349768,0.015916142701092,0.016840057336595,0.06058560767807,0.0237778794731318,0.0352177419033213,0.0157548148178791,0.0621420620353414,0.0210872002948605,0.0270273843353796,0.0498119598386614,0.0460609562482798,0.0493719599752665,0.0118288186076811,0.0287990726493201,0.0112745382815612,0.0621955493245623,0.0255684847155942,0.0200986913764527,0.0673046359769773,0.0145588475120526,0.0666395435238707,0.0495434707090452,0.0206748717595688,0.0479347132936693,0.0442390132742484,0.0179577189675441,0.0135475480235755,0.00813056233760574,0.0210084982129182,0.0709669397369137,0.0553541917710815,0.013190649817017,0.0248323744365201,0.0143142120428659,0.0187807161036857
"SPEECH_1117",NA,NA,NA,NA,NA,NA,NA,NA,NA,NA,NA,NA,NA,NA,NA,NA,NA,NA,NA,NA,NA,NA,NA,NA,NA,NA,NA,NA,NA,NA,NA,NA,NA,NA,NA,NA,NA,NA,NA,NA,NA,NA,NA,NA,NA,NA,NA,NA,NA,NA,NA,NA,NA,NA,NA,NA,NA,NA,NA,NA,0.0157548148178791,0.0621420620353414,0.0210872002948605,0.0270273843353796,0.0498119598386614,0.0460609562482798,0.0493719599752665,0.0118288186076811,0.0287990726493201,0.0112745382815612,0.0621955493245623,0.0255684847155942,0.0200986913764527,0.0673046359769773,0.0145588475120526,0.0666395435238707,0.0495434707090452,0.0206748717595688,0.0479347132936693,0.0442390132742484,0.0179577189675441,0.0135475480235755,0.00813056233760574,0.0210084982129182,0.0709669397369137,0.0553541917710815,0.013190649817017,0.0248323744365201,0.0143142120428659,0.0187807161036857,0.0202551404511981,0.0315778270858006,0.0153922260514171,0.0224584826095885,0.0750598338112533,0.0304314866174431,0.0284176252439329,0.0118485216711416,0.0272881446811853,0.0117452010337651,0.0451699473169896,0.0293145620094651,0.0204069108711449,0.0474438054540389,0.018419937167889,0.0322526161478044,0.0225987230375736,0.0145281869515428,0.0162250007576486,0.0348152344971264,0.0352049599542302,0.0421307691633337,0.0235143032056537,0.0204344104501017,0.126460892072078,0.0553511544710194,0.0186395201662396,0.0376834191499007,0.0333647622229541,0.0515663956765391
"SPEECH_930",NA,NA,NA,NA,NA,NA,NA,NA,NA,NA,NA,NA,NA,NA,NA,NA,NA,NA,NA,NA,NA,NA,NA,NA,NA,NA,NA,NA,NA,NA,NA,NA,NA,NA,NA,NA,NA,NA,NA,NA,NA,NA,NA,NA,NA,NA,NA,NA,NA,NA,NA,NA,NA,NA,NA,NA,NA,NA,NA,NA,0.0441348880628158,0.035533425555411,0.0140440598808782,0.0645353001231568,0.0284513317240712,0.0397487801720972,0.0189575093036442,0.0122824877915403,0.0185435583013996,0.0103845013310132,0.0461471905389177,0.0190611864785881,0.0104197716609802,0.0248311662810108,0.0114559311834009,0.122762390091849,0.0574019621795114,0.0167449555479748,0.0676804471629277,0.0257881870241608,0.0287360349118179,0.0171574367026722,0.0418706537876003,0.0204670483764312,0.0669822818679758,0.0103953731051788,0.01474928353556,0.0361654977939545,0.0603887542549106,0.0141786052685498,0.0227713530889696,0.0397221410609291,0.0124621562831935,0.0321250756124615,0.0409834445011356,0.0470862255186039,0.0313472361867417,0.0170889275056802,0.0168260203571667,0.0185284707836168,0.0457196589491413,0.0277878881801832,0.0140758212831662,0.0368013915978992,0.0238474043507662,0.0520081636812724,0.0811951803288148,0.0191942924927842,0.0166779584146709,0.021955362964018,0.0558224455578162,0.0177504850662733,0.0187318231849701,0.0181658141811787,0.0940725558233709,0.04251746883823,0.0460490292409395,0.0199060440975507,0.0353444574613197,0.0334357034071362
"SPEECH_1111",NA,NA,NA,NA,NA,NA,NA,NA,NA,NA,NA,NA,NA,NA,NA,NA,NA,NA,NA,NA,NA,NA,NA,NA,NA,NA,NA,NA,NA,NA,NA,NA,NA,NA,NA,NA,NA,NA,NA,NA,NA,NA,NA,NA,NA,NA,NA,NA,NA,NA,NA,NA,NA,NA,NA,NA,NA,NA,NA,NA,0.0285954076579765,0.0312625363763984,0.0123784049439097,0.0375577798378912,0.0435181390207832,0.0531540246696607,0.0224302879346371,0.016261071252703,0.0209699819212216,0.0145384679658046,0.0317997526379005,0.0135905261560309,0.013051678337946,0.129648886079622,0.0149629181663516,0.105704492218359,0.0440541686697215,0.0188982228804479,0.0172336729757451,0.0165686345898615,0.0200140642874597,0.018136878687503,0.00980045077343243,0.0216861909872973,0.141410008207496,0.0130770429713971,0.0149827702197133,0.0400166242720072,0.0209402640147091,0.0137566512860123,0.0341521804687974,0.0342323658596175,0.0216767022598883,0.0472198763660111,0.0435952796927268,0.0276085262527038,0.0372958706517064,0.0201688518635889,0.0231930719084629,0.0285034170616429,0.0658909392291026,0.0197989418482289,0.0157975539183163,0.0549038834391942,0.0160971562856275,0.0519365054437994,0.0276714477746511,0.0201464137935563,0.0140806981537973,0.0200624842867685,0.0648895335083163,0.0394959808074302,0.0268398513380426,0.0272816327648586,0.0180874994659574,0.0422365173145052,0.0414717546932183,0.035699560771393,0.0392038533039457,0.0407616494741448
"SPEECH_832",NA,NA,NA,NA,NA,NA,NA,NA,NA,NA,NA,NA,NA,NA,NA,NA,NA,NA,NA,NA,NA,NA,NA,NA,NA,NA,NA,NA,NA,NA,NA,NA,NA,NA,NA,NA,NA,NA,NA,NA,NA,NA,NA,NA,NA,NA,NA,NA,NA,NA,NA,NA,NA,NA,NA,NA,NA,NA,NA,NA,0.0361483336707852,0.0604693992299826,0.0148597435095557,0.0157877408328885,0.0279148455696795,0.0578638238797072,0.0223675777623011,0.0116212339935148,0.0194450911214957,0.131210467427478,0.0327189249331383,0.0142473455965302,0.0164112585460056,0.0396752145858995,0.0245679735295078,0.0555800613579773,0.0304762317435619,0.0153735723964538,0.0115650979333633,0.0243696902482649,0.0637716095067723,0.0529603980703021,0.0266744262387441,0.0260094689333612,0.0587689293165856,0.0121605144028999,0.0198163513540769,0.0370966341815135,0.0177492301808999,0.0223188099467532,0.0097505493773451,0.0363593139023006,0.0141452339518153,0.112457230743218,0.0719451515237204,0.0189256424460324,0.0157855986654064,0.0189130666201609,0.0539208401557373,0.0126805055342401,0.0150975482825656,0.0154395280083322,0.0189098032384616,0.00923344340259526,0.0498838934790947,0.0211117489725557,0.0148102246248154,0.0193197065540754,0.0254882815928129,0.0697406693441185,0.0155167640423515,0.0437977817754918,0.0420449431790411,0.0252278302294492,0.0190612366451224,0.0956998152577642,0.0252655146356685,0.0543475345056777,0.0311191356316695,0.0240014636783608
"SPEECH_915",NA,NA,NA,NA,NA,NA,NA,NA,NA,NA,NA,NA,NA,NA,NA,NA,NA,NA,NA,NA,NA,NA,NA,NA,NA,NA,NA,NA,NA,NA,NA,NA,NA,NA,NA,NA,NA,NA,NA,NA,NA,NA,NA,NA,NA,NA,NA,NA,NA,NA,NA,NA,NA,NA,NA,NA,NA,NA,NA,NA,0.0521081133042967,0.0341458704739932,0.0144436004584569,0.0142814528103359,0.0470926646058585,0.062116047116162,0.0464091832056261,0.00527547933323978,0.00881593919688365,0.0160232653977378,0.145457232537797,0.0254276891015763,0.0064879772367727,0.0150980479063037,0.0185160475873609,0.0322372019304824,0.0411942333006979,0.020042525948213,0.0946238031240587,0.0266434964412947,0.117131661470471,0.028118360113875,0.031886081426806,0.0095967931182968,0.0277888448170646,0.0097999019415408,0.00694772013591537,0.0041287320856673,0.0156338563003296,0.0225281775728848,0.0278008818915414,0.0496057589407829,0.0191061819226379,0.0236644320670321,0.0692163701234267,0.0259695017513827,0.0182424861261178,0.0189943691270616,0.0351500094400941,0.00944444837035833,0.0491774091211983,0.0318182133702479,0.0232331573743541,0.0293115301146858,0.0233016518198777,0.0400098089894927,0.0343735782777482,0.0140466067984516,0.0501117147147156,0.0362334339154439,0.0591776370200691,0.0244380018235142,0.0214863810855749,0.0145838340708668,0.0712823525638796,0.0579553434629241,0.0468981618685709,0.022057605583194,0.0165474217747798,0.0367617164899753
"SPEECH_920",NA,NA,NA,NA,NA,NA,NA,NA,NA,NA,NA,NA,NA,NA,NA,NA,NA,NA,NA,NA,NA,NA,NA,NA,NA,NA,NA,NA,NA,NA,NA,NA,NA,NA,NA,NA,NA,NA,NA,NA,NA,NA,NA,NA,NA,NA,NA,NA,NA,NA,NA,NA,NA,NA,NA,NA,NA,NA,NA,NA,0.0463884575917676,0.0376021358062324,0.0146688567687004,0.027145561871969,0.046170929904948,0.051791815503926,0.0257616591606249,0.0253151052153138,0.0351017267892901,0.0124394586675505,0.057977583679766,0.014683529449957,0.0250708236135068,0.047901080025691,0.01960074458624,0.0399283697306435,0.0401936861381179,0.0221814340775574,0.0160519593471417,0.0434133292961609,0.0493972303600033,0.0165101310253713,0.0412168559535702,0.0126879214846708,0.0781768094308374,0.0228890274500331,0.0259254910444666,0.0471618802154182,0.0376652123122735,0.0189811934982507,0.0161358791418813,0.0751467650103991,0.0129246170463537,0.0257028850414426,0.0608175467334165,0.0262495398809318,0.044493762203609,0.0143223228157397,0.034252329361641,0.0110644654060211,0.0404958957903745,0.0352499625855075,0.0218438478052236,0.0187155015608935,0.0140087192917772,0.0663690600350426,0.0217220250740011,0.0346190731172568,0.0181730707567556,0.060600686047783,0.0216787881259834,0.0157417494806172,0.0145914446957229,0.0219818400895195,0.0977335626441912,0.0246170138921737,0.0442041348463169,0.0230635822277531,0.0240829167233351,0.059397012568336
"SPEECH_1083",NA,NA,NA,NA,NA,NA,NA,NA,NA,NA,NA,NA,NA,NA,NA,NA,NA,NA,NA,NA,NA,NA,NA,NA,NA,NA,NA,NA,NA,NA,NA,NA,NA,NA,NA,NA,NA,NA,NA,NA,NA,NA,NA,NA,NA,NA,NA,NA,NA,NA,NA,NA,NA,NA,NA,NA,NA,NA,NA,NA,0.0244052318486348,0.0507744875465388,0.0241569724061624,0.0298368046498545,0.0509554369329705,0.0201951571381041,0.021966239247961,0.0212321226820707,0.0300523450676646,0.0220893127455947,0.115550059307948,0.0221392202352578,0.0122208577993876,0.0341433849078681,0.0146690654955654,0.0504405131691068,0.0263615146194227,0.0256946750683117,0.0151937815732473,0.0269824431130442,0.0940550333085157,0.0181471445156492,0.0254225689302889,0.0193572019678099,0.0160474859911642,0.0154722032320545,0.0455506589391272,0.0175495933564007,0.00895703170853483,0.100381452495739,NA,NA,NA,NA,NA,NA,NA,NA,NA,NA,NA,NA,NA,NA,NA,NA,NA,NA,NA,NA,NA,NA,NA,NA,NA,NA,NA,NA,NA,NA
"SPEECH_1122",NA,NA,NA,NA,NA,NA,NA,NA,NA,NA,NA,NA,NA,NA,NA,NA,NA,NA,NA,NA,NA,NA,NA,NA,NA,NA,NA,NA,NA,NA,NA,NA,NA,NA,NA,NA,NA,NA,NA,NA,NA,NA,NA,NA,NA,NA,NA,NA,NA,NA,NA,NA,NA,NA,NA,NA,NA,NA,NA,NA,NA,NA,NA,NA,NA,NA,NA,NA,NA,NA,NA,NA,NA,NA,NA,NA,NA,NA,NA,NA,NA,NA,NA,NA,NA,NA,NA,NA,NA,NA,0.0165587565767142,0.047079434407748,0.023011568583583,0.0455091001074255,0.0665935714594708,0.0372560576744509,0.0164218723443552,0.0215267943378427,0.02797580076189,0.0132816113347631,0.0172492974267758,0.0160875796512305,0.0160824518659643,0.0251410766127785,0.0177396795367667,0.0411771834371585,0.0339558280498726,0.0212482265204169,0.0120784067557342,0.0299317766797615,0.0770259208921204,0.027217358687035,0.0498150177848313,0.01964447674429,0.0700406295696793,0.0135554605368531,0.0818166841049622,0.0419219614337937,0.0162638182733533,0.0567925978483789
"SPEECH_919",NA,NA,NA,NA,NA,NA,NA,NA,NA,NA,NA,NA,NA,NA,NA,NA,NA,NA,NA,NA,NA,NA,NA,NA,NA,NA,NA,NA,NA,NA,NA,NA,NA,NA,NA,NA,NA,NA,NA,NA,NA,NA,NA,NA,NA,NA,NA,NA,NA,NA,NA,NA,NA,NA,NA,NA,NA,NA,NA,NA,0.026064028070805,0.0373593092666601,0.013781755622762,0.0560054455242731,0.04395180192954,0.0556860237982891,0.020836279051067,0.0129174109750694,0.0544815011030718,0.0114728548464166,0.0585522321059216,0.0387331342913463,0.0220006473626914,0.0395306107811484,0.023130597856625,0.0439603454280934,0.0250668878210077,0.022642918012356,0.038254941206364,0.027123679996364,0.0186646748119723,0.0202135590948485,0.0465590660385412,0.0115910475911018,0.0493011939794979,0.035627756060564,0.0201885562545894,0.0581431355538023,0.0376398247643149,0.0305187808008955,0.01645762214871,0.0783886649319209,0.0193872391877614,0.027348930859934,0.0697932661633384,0.0519692394053939,0.0381091566181116,0.0126431520778155,0.0243462026113297,0.0137837407130854,0.0198216525811445,0.0227256663042025,0.0179886186014742,0.0397355176925648,0.0291763043914526,0.0455151903240875,0.015872373160688,0.0214002008899233,0.0128830790767088,0.0515335307742349,0.0839642877123862,0.0164902593252159,0.038803782049361,0.0281792877558516,0.0328442487525423,0.0533530684568796,0.0432524506479011,0.0239719241854293,0.0236874381333234,0.0265739044672276
"SPEECH_899",NA,NA,NA,NA,NA,NA,NA,NA,NA,NA,NA,NA,NA,NA,NA,NA,NA,NA,NA,NA,NA,NA,NA,NA,NA,NA,NA,NA,NA,NA,NA,NA,NA,NA,NA,NA,NA,NA,NA,NA,NA,NA,NA,NA,NA,NA,NA,NA,NA,NA,NA,NA,NA,NA,NA,NA,NA,NA,NA,NA,0.027875107700244,0.0457262527591933,0.0151819695938799,0.0461435866968675,0.0621937192312806,0.0518793383323926,0.0406324088201967,0.0136696956078022,0.039499798082016,0.0141335388244386,0.0609122079065071,0.0165647983679311,0.010707298535796,0.0528043091683075,0.0126377405032133,0.0366218798243955,0.108428310930724,0.0144690439021905,0.0356566524937976,0.0363822410544284,0.0262241290950754,0.0206611122520523,0.0524000337246083,0.014678175739466,0.0244820619131146,0.0167904720719238,0.0176773527619242,0.0373651917388671,0.0142059853533705,0.0333955870139953,0.0305410760337503,0.0488125887483814,0.0237428605464689,0.0311277192382851,0.0350274741147706,0.0351005542323668,0.0159548011670414,0.0316203597690786,0.0290129149132603,0.0435894864020826,0.0159214499281179,0.0178789661465838,0.0230887198458326,0.0236492922234444,0.0250507942178667,0.0220521696976937,0.0219068440029847,0.0179914487493347,0.0837081019033868,0.038962968070645,0.0181079606900794,0.0302613567397361,0.0368617923964174,0.0335375223129601,0.0192798572388487,0.0610932350715374,0.0942149130502378,0.0583723806419832,0.0181147542925709,0.0154156376142526
"SPEECH_1035",NA,NA,NA,NA,NA,NA,NA,NA,NA,NA,NA,NA,NA,NA,NA,NA,NA,NA,NA,NA,NA,NA,NA,NA,NA,NA,NA,NA,NA,NA,NA,NA,NA,NA,NA,NA,NA,NA,NA,NA,NA,NA,NA,NA,NA,NA,NA,NA,NA,NA,NA,NA,NA,NA,NA,NA,NA,NA,NA,NA,0.0319465822173483,0.0402245491642224,0.0148862910773366,0.0214635519243877,0.0572711683661093,0.0227195589038893,0.0443379577505531,0.0154224588224332,0.0255905068386783,0.0132204362956758,0.0535081192175911,0.0234639312082968,0.018996647968722,0.0328706313795954,0.0139669747101007,0.0530484488931478,0.025795167231359,0.0165930524918362,0.0121752631419686,0.0263566975968078,0.0979097066836638,0.0253969030117605,0.0181728929918641,0.0196681778216911,0.0255536604400297,0.0638801295501939,0.0267976905792099,0.0743892903035615,0.0215465377129356,0.0628270157050304,0.0256652507260329,0.0331802653819932,0.0202007650088755,0.060510364883242,0.0381128758924923,0.0452566862931977,0.0447060032127372,0.0206039375428647,0.019651609977453,0.0115258497941211,0.0323610152710004,0.0237651358382907,0.0149838881539551,0.0663067428260051,0.0249117446058672,0.0389544169541546,0.0453884142249238,0.0180602795850296,0.0173892543941874,0.0410543585713453,0.026690829940603,0.0237481610089107,0.0244164073740569,0.0227855125462623,0.0157375179542229,0.0534451946052316,0.0309726766093908,0.0470264917571021,0.0434876559077394,0.0691006931587115
"SPEECH_1101",NA,NA,NA,NA,NA,NA,NA,NA,NA,NA,NA,NA,NA,NA,NA,NA,NA,NA,NA,NA,NA,NA,NA,NA,NA,NA,NA,NA,NA,NA,NA,NA,NA,NA,NA,NA,NA,NA,NA,NA,NA,NA,NA,NA,NA,NA,NA,NA,NA,NA,NA,NA,NA,NA,NA,NA,NA,NA,NA,NA,0.0312565296096459,0.0468074538672705,0.0240796024544249,0.0408807912529736,0.0400411876931056,0.0521126860653528,0.037810847493278,0.0174347596464522,0.0162226431297408,0.0145653586400211,0.0746286724034072,0.0459176310332787,0.0122890300013351,0.0347143502571735,0.0186915900360025,0.0751105423295413,0.0161109584376585,0.044160217936593,0.0272753527590337,0.0332477087131257,0.0226244863941339,0.0299848493918016,0.0290486045627303,0.0146225781220149,0.0168724003856585,0.014529570963651,0.0362250133550191,0.0214258507500417,0.0675612251968676,0.0437475071186669,0.0365249462163276,0.0275409677871324,0.013771647396663,0.0428860627078025,0.0374065763008699,0.0335565588137897,0.0217141144847081,0.0123180464604704,0.0542843960936033,0.0288704233092523,0.0405096963943631,0.051278729147139,0.0215509416645162,0.0548287878115929,0.0191327692193814,0.0378867471990491,0.0214072501187209,0.0120808639215766,0.0146668860188902,0.0323561997547748,0.0812911341860324,0.0265632490087892,0.0352790170668148,0.0215829157643987,0.0380727722583889,0.0704663754212253,0.0178049827056058,0.0524033199083044,0.0212791876791042,0.0206844351807128
"SPEECH_1126",NA,NA,NA,NA,NA,NA,NA,NA,NA,NA,NA,NA,NA,NA,NA,NA,NA,NA,NA,NA,NA,NA,NA,NA,NA,NA,NA,NA,NA,NA,NA,NA,NA,NA,NA,NA,NA,NA,NA,NA,NA,NA,NA,NA,NA,NA,NA,NA,NA,NA,NA,NA,NA,NA,NA,NA,NA,NA,NA,NA,0.0117667206041846,0.0441664331757622,0.0209906807849412,0.0565460465245944,0.0992935880064399,0.0283518457248666,0.0245194630793215,0.0206868354445359,0.0231732614654376,0.0111757570705788,0.0593218667725207,0.01706649648476,0.0402491885300184,0.0326014850039755,0.0244965076309686,0.0261515860860417,0.0246737507611093,0.0249648505648482,0.0493200930007833,0.0663768101368154,0.0408676331431189,0.0192506645329281,0.0111222648782,0.00949103091331763,0.0256140843537993,0.0692935281029487,0.0285988489291537,0.019685949794687,0.0108341750984482,0.0593485534008948,0.0755997056684867,0.0258799090183224,0.0141091756145415,0.0117679221417242,0.0379937850079122,0.073810186731906,0.0470383395585782,0.00895576909098604,0.0166620965323315,0.0849603710237816,0.017947431963872,0.0384393479372389,0.0685277146430122,0.0227179307451565,0.0173770780410334,0.0186515882393735,0.0605845440888933,0.0123373982237287,0.00934904716277469,0.0186760500685447,0.0199325697568274,0.115593352310104,0.0362867832305933,0.00840358956129558,0.0414380678170049,0.0244307129052569,0.0210946844827278,0.0155592480577355,0.0279865745597478,0.00788902581650881
"SPEECH_914",NA,NA,NA,NA,NA,NA,NA,NA,NA,NA,NA,NA,NA,NA,NA,NA,NA,NA,NA,NA,NA,NA,NA,NA,NA,NA,NA,NA,NA,NA,NA,NA,NA,NA,NA,NA,NA,NA,NA,NA,NA,NA,NA,NA,NA,NA,NA,NA,NA,NA,NA,NA,NA,NA,NA,NA,NA,NA,NA,NA,0.0524601159551099,0.0584400955160629,0.0116391516863475,0.015353817713874,0.0615929284125636,0.0469079105454844,0.028346155820919,0.0096184631484183,0.0319234096464397,0.010199216269984,0.0485337265087657,0.0391133455647308,0.0351213936483186,0.02781206799514,0.0318035286502207,0.0432340766888998,0.0106561338105643,0.0106596003353977,0.0136547158788345,0.043599782702915,0.0775844469456994,0.0254071582297376,0.0270797122320864,0.0222453624947275,0.0144417178867416,0.0281521520275408,0.0259240130824739,0.0762055088526994,0.027359087954425,0.044931203794878,0.0265458785286728,0.0319858495152922,0.0183689696248801,0.0378406861659908,0.0115128000366986,0.0609077942090447,0.0238757724402248,0.0349705760744848,0.0178762173699615,0.0276730269536671,0.0315928774594022,0.0165449488136376,0.00886256047798296,0.0499304339397885,0.0175096891561043,0.0581292804767945,0.0468268771904213,0.0318148535240193,0.0358512856615694,0.0217398271936334,0.0919041598140867,0.0230760522248546,0.0363140977503569,0.0225317921836084,0.0553863479274962,0.0164585753416432,0.0573516707897296,0.0422558006619967,0.0230163326194673,0.0213449658744894
"SPEECH_1190",NA,NA,NA,NA,NA,NA,NA,NA,NA,NA,NA,NA,NA,NA,NA,NA,NA,NA,NA,NA,NA,NA,NA,NA,NA,NA,NA,NA,NA,NA,NA,NA,NA,NA,NA,NA,NA,NA,NA,NA,NA,NA,NA,NA,NA,NA,NA,NA,NA,NA,NA,NA,NA,NA,NA,NA,NA,NA,NA,NA,0.0392786941072469,0.0335371748343896,0.0175936246567338,0.01974607918118,0.0330377977949403,0.0809292211679605,0.0391052171118797,0.0117456911153532,0.0460760526218124,0.0177803538249783,0.00853804466500652,0.0407819479210698,0.0193990847332077,0.0144713207270737,0.0122657207656538,0.0313619772736051,0.0243784090617308,0.00943123164994542,0.0167515339496643,0.0145088278232733,0.0404396355892505,0.0555158242552686,0.0513722331834366,0.050272894319437,0.0423139571213693,0.0763403140409488,0.0168367991970263,0.0760725732993449,0.0488697147203714,0.0112480492868414,0.0269036543127575,0.0498930619108412,0.0215287241539259,0.0420167404591036,0.0747200798855992,0.0492431167866839,0.0330723043171273,0.0409614197980606,0.0256819373802192,0.015211083873339,0.0441078445330623,0.0547363366447283,0.0247930271572005,0.0386301166043447,0.0088597264778796,0.0376277059636127,0.00934210249145967,0.022644675814951,0.0203098315416166,0.0349016970859454,0.0545933873260632,0.028749622489516,0.0251107528096208,0.0151982893431167,0.0336664356676479,0.0304053773682599,0.0716054737446065,0.0140965019893284,0.0200049180447906,0.0313840540245919
"SPEECH_1192",NA,NA,NA,NA,NA,NA,NA,NA,NA,NA,NA,NA,NA,NA,NA,NA,NA,NA,NA,NA,NA,NA,NA,NA,NA,NA,NA,NA,NA,NA,NA,NA,NA,NA,NA,NA,NA,NA,NA,NA,NA,NA,NA,NA,NA,NA,NA,NA,NA,NA,NA,NA,NA,NA,NA,NA,NA,NA,NA,NA,0.111255668868093,0.0387311070142276,0.0165014624318375,0.0233551531275038,0.0233464018731574,0.0182400449620001,0.0275790918920601,0.00710553234852551,0.0148285143092732,0.00369837732297185,0.187894778807185,0.00712741048439165,0.00969152800790335,0.0250105987413752,0.0131161855421499,0.100147410017658,0.00626687047365678,0.0276272237909656,0.0173313730523597,0.00712303485721843,0.0241413074762938,0.0105345655099453,0.00455454170653349,0.00625811921931032,0.00712303485721843,0.0208172893670315,0.0156321711667561,0.0447767652252378,0.0533427846880275,0.126841652859132,0.03574609985624,0.0409386430434706,0.0187761312405214,0.0425178938537423,0.0251156862933118,0.0653075166501021,0.0683706110985138,0.00672571854624519,0.0863349393993065,0.0105651389297832,0.0199050790943307,0.0265165849532188,0.0177368230484569,0.0341043124525955,0.0145830383771175,0.0246735939307929,0.0188383752279271,0.0255871097600001,0.00860098788474982,0.0452541615384239,0.0193106412587857,0.0275004284503438,0.05218202027757,0.00946421779209737,0.0162798286518259,0.0831498846685943,0.0303177867670091,0.0828064392960836,0.0218146926175491,0.020975615041291
"SPEECH_912",NA,NA,NA,NA,NA,NA,NA,NA,NA,NA,NA,NA,NA,NA,NA,NA,NA,NA,NA,NA,NA,NA,NA,NA,NA,NA,NA,NA,NA,NA,NA,NA,NA,NA,NA,NA,NA,NA,NA,NA,NA,NA,NA,NA,NA,NA,NA,NA,NA,NA,NA,NA,NA,NA,NA,NA,NA,NA,NA,NA,0.0176761829967926,0.0433700458984428,0.025016221775426,0.0402959839988858,0.0551868366554419,0.0461241225309247,0.00971864921576895,0.0315802277118806,0.0353385606879901,0.0235876075001107,0.00729646844765325,0.0199733924763742,0.0174654259731145,0.0412514816696414,0.0140332158475323,0.0231194663241331,0.015011827268876,0.0277253085796077,0.00833159131038265,0.0523651250323698,0.0700552343355908,0.0122862053307149,0.0136454739711624,0.0392887757789861,0.0177965864061207,0.0675421689158559,0.107441040293038,0.0343444129897452,0.0453906943396038,0.0377416657378338,0.0158437039314642,0.051449417818512,0.0201951411082468,0.0526617095081371,0.0502476077165198,0.0333349104051257,0.0188896902639654,0.0337764210772039,0.0144112556267906,0.0101952253571203,0.0295232220113048,0.0276024229452081,0.0131246807049565,0.058961909140252,0.0109725562530909,0.02575257980947,0.0186848874914326,0.0286066624358429,0.0698516540047902,0.0223400137241644,0.0842957052259793,0.02590739069398,0.0108700779751131,0.0165843375797284,0.0385363942554586,0.064110313632588,0.0829597925428678,0.0196631258825181,0.015446501375969,0.0352006895021994
"SPEECH_1054",NA,NA,NA,NA,NA,NA,NA,NA,NA,NA,NA,NA,NA,NA,NA,NA,NA,NA,NA,NA,NA,NA,NA,NA,NA,NA,NA,NA,NA,NA,NA,NA,NA,NA,NA,NA,NA,NA,NA,NA,NA,NA,NA,NA,NA,NA,NA,NA,NA,NA,NA,NA,NA,NA,NA,NA,NA,NA,NA,NA,0.0273064307097538,0.0275393352736183,0.0161326463527438,0.0252927804592153,0.0495124663787809,0.0430932825087685,0.028951261647673,0.0121985856183239,0.0163662352355037,0.0115497911366974,0.0385850609549918,0.021879441647898,0.0342096033873135,0.0232681725007925,0.015089479158661,0.060182814485203,0.0825452914516948,0.0180621813852324,0.0154213190761524,0.0363884363532808,0.0634870970544694,0.0269032100941662,0.035972809264579,0.0159268888625682,0.085670342954557,0.056487349286918,0.0322945778892652,0.0386906946691438,0.0222308862910561,0.0187615279109784,0.028433451166853,0.0371946439628991,0.0187560524627142,0.0231487370891775,0.0834682540132487,0.0200436421339259,0.0166964776738485,0.0161471148179425,0.0248547032490015,0.0148666142374929,0.0558306723990261,0.0200695567505472,0.0177149645115437,0.0513201662495992,0.0213568918197536,0.0427216723031914,0.0195725063002404,0.0256031582853618,0.0304839824611671,0.0449304900608547,0.0621038215355607,0.0276812987471083,0.0256190949026833,0.0209359979293974,0.0370426972699328,0.0474867560770409,0.0969872566307889,0.0213800147310447,0.0159396720086922,0.0316096382193617
"SPEECH_926",NA,NA,NA,NA,NA,NA,NA,NA,NA,NA,NA,NA,NA,NA,NA,NA,NA,NA,NA,NA,NA,NA,NA,NA,NA,NA,NA,NA,NA,NA,NA,NA,NA,NA,NA,NA,NA,NA,NA,NA,NA,NA,NA,NA,NA,NA,NA,NA,NA,NA,NA,NA,NA,NA,NA,NA,NA,NA,NA,NA,0.027329690499596,0.0412469587714322,0.0157748668069171,0.0355317973210585,0.0557421892944479,0.0510904555547086,0.0305415191704095,0.0179611381395414,0.0288061718675499,0.0137468151394486,0.0668497353257103,0.0445267076389988,0.0163104816912828,0.0496690475857018,0.0198910730419492,0.0128940808397369,0.0145319224232719,0.0162862568399038,0.0146178281590634,0.0236079015776499,0.0490871653623999,0.0200891634579324,0.0203059647961771,0.0188664304073268,0.116051812661426,0.0450921539933003,0.0240628924205035,0.0436911695657593,0.0397608457783857,0.0260357638684104,0.0309203824488481,0.0194026280370145,0.0147846239136242,0.0522423674882534,0.0888641893673106,0.037823828117482,0.0249177658925546,0.0127566223709111,0.0240387682900726,0.0189126775265557,0.0162889968009692,0.0113439908931606,0.0156391220455029,0.0355937861997952,0.0155432739849628,0.0261138563044269,0.0431721582826611,0.01504341863404,0.0545834062940275,0.0339734325597997,0.0597889683248666,0.0317372876638208,0.0542865369767739,0.0235239251132222,0.0572985820399109,0.0446106230493201,0.0329679763900159,0.0351211450751115,0.0266019915115383,0.0421036684034472
"SPEECH_1039",NA,NA,NA,NA,NA,NA,NA,NA,NA,NA,NA,NA,NA,NA,NA,NA,NA,NA,NA,NA,NA,NA,NA,NA,NA,NA,NA,NA,NA,NA,NA,NA,NA,NA,NA,NA,NA,NA,NA,NA,NA,NA,NA,NA,NA,NA,NA,NA,NA,NA,NA,NA,NA,NA,NA,NA,NA,NA,NA,NA,0.025714335794688,0.0588612878079031,0.0186283407086929,0.103349335877679,0.0378202036980243,0.020066348218247,0.0194038807071278,0.0138077006893738,0.0163345269894527,0.00795798757493859,0.0351163973178283,0.0246082176891203,0.0147208953549075,0.0696834594732228,0.0160526963785082,0.0953551043435468,0.0189206094280393,0.0130503501400584,0.0143058383784856,0.0416629501912936,0.119189453536179,0.0128398235740008,0.01137989899685,0.0185185621355132,0.0530048340086865,0.0153477044242041,0.0137064168962903,0.0115093816954026,0.0254729112714803,0.053610546700255,0.0324052443419871,0.0272668708490773,0.0115068343342319,0.0241916997880777,0.0257443301642616,0.0840729616003639,0.0290405542141399,0.014516006230707,0.0441476327530268,0.0176388412620214,0.0192131390150893,0.0150486091560449,0.0241474690179717,0.0299139049022919,0.0115084031575576,0.0320019455436075,0.0655863792887165,0.019108620061315,0.0190105659426991,0.0208594781169912,0.0600658270692332,0.0428814105374175,0.0549039483194344,0.0195431570682344,0.0302458848623763,0.0590093515900251,0.0242879026755819,0.100672872594431,0.0287490338997935,0.0127111216432936
"SPEECH_879",NA,NA,NA,NA,NA,NA,NA,NA,NA,NA,NA,NA,NA,NA,NA,NA,NA,NA,NA,NA,NA,NA,NA,NA,NA,NA,NA,NA,NA,NA,NA,NA,NA,NA,NA,NA,NA,NA,NA,NA,NA,NA,NA,NA,NA,NA,NA,NA,NA,NA,NA,NA,NA,NA,NA,NA,NA,NA,NA,NA,0.00625017858817707,0.0183832658967796,0.0125948741918488,0.0940984835659913,0.0535131493127595,0.0551639051200325,0.0204874836838802,0.0138297026253305,0.030858040403126,0.0170071282728201,0.159403350786752,0.0264676728732172,0.0109148741387905,0.018706507042965,0.0063006668821055,0.029503789330229,0.0214597149564123,0.0430037912370118,0.0141840533483577,0.0134147079170674,0.0617499538365107,0.0286436230023893,0.0143548969472296,0.0156199022920248,0.0785044195634153,0.0118255287605585,0.0372827587091202,0.0258491498207928,0.0158329438245742,0.0447914830697303,0.0295990009921408,0.0301298222960868,0.0259674936469348,0.0325295059118706,0.0447837988722556,0.103324318387242,0.0395178195640691,0.0129463680312653,0.0453165446774428,0.0417479937977172,0.0142042692293335,0.0128437487421119,0.0128014510468328,0.0463166797682377,0.0225528779479292,0.0305786215500253,0.0198941093069379,0.0244782020708923,0.0221772451253935,0.0318876715867936,0.0382933298568016,0.025417283006174,0.0499650709599882,0.0207755229523155,0.0262092809335741,0.0589022500789098,0.0522419116446062,0.0439724193229683,0.019150008816993,0.0214753798761569
"SPEECH_1191",NA,NA,NA,NA,NA,NA,NA,NA,NA,NA,NA,NA,NA,NA,NA,NA,NA,NA,NA,NA,NA,NA,NA,NA,NA,NA,NA,NA,NA,NA,NA,NA,NA,NA,NA,NA,NA,NA,NA,NA,NA,NA,NA,NA,NA,NA,NA,NA,NA,NA,NA,NA,NA,NA,NA,NA,NA,NA,NA,NA,0.0127214670256048,0.0397380894916206,0.0155063474159744,0.0518954754763473,0.0644441709819807,0.0416299806941445,0.0466285275246029,0.0130181443973083,0.0349055988364712,0.0168871591277175,0.0289450490784436,0.0169477257530546,0.0182047510769527,0.0299505445815832,0.0176722818467286,0.042294142202563,0.0445523918514577,0.0217003808033052,0.0208064197768781,0.0498180977208663,0.0829073929154187,0.0235175879069017,0.0244750791741651,0.0211659625042783,0.0390628806954995,0.0362736800748604,0.0555728551209508,0.0193400391176769,0.0256623922150356,0.0437553846116079,0.0491541667913042,0.0636968722663647,0.0161685570031095,0.0372186878380774,0.0274293761838873,0.0176317522017934,0.0157371463803895,0.00799868795154528,0.0264465234879913,0.0359190499556454,0.0516103751649379,0.00905923172779421,0.0130426883199137,0.0497461813291074,0.0125452703631015,0.0890917927918748,0.0281170089064917,0.0182395332854192,0.0195604065024677,0.0287220459010351,0.0244755690052343,0.11122821731035,0.00675213036156513,0.0237172296253584,0.0670895077892597,0.0511245794150191,0.0144847365859742,0.0302981838267381,0.0362543174004728,0.0174401743277768
"SPEECH_917",NA,NA,NA,NA,NA,NA,NA,NA,NA,NA,NA,NA,NA,NA,NA,NA,NA,NA,NA,NA,NA,NA,NA,NA,NA,NA,NA,NA,NA,NA,NA,NA,NA,NA,NA,NA,NA,NA,NA,NA,NA,NA,NA,NA,NA,NA,NA,NA,NA,NA,NA,NA,NA,NA,NA,NA,NA,NA,NA,NA,0.0226395760645854,0.0609762272311331,0.0195332315830672,0.0649866750238073,0.0442153723957517,0.0328546449145868,0.0141619396774727,0.0108401539411241,0.0470869819858563,0.014879073457799,0.0123399210893785,0.0361439780310699,0.0141141442313132,0.0209824089865587,0.0496120421740088,0.0352211569454689,0.0137977608456495,0.0215807127050082,0.0141859335213875,0.0363448331997167,0.10505915508802,0.0258464688762302,0.0382405178237553,0.0214741567809648,0.0465985587764459,0.0568267735347302,0.0420058881835309,0.0367965004719773,0.0282383115259729,0.0124169009336288,0.0214136452261857,0.0504464454608056,0.0109809567861196,0.0493119904949523,0.0560256017859177,0.0426218563998955,0.0451346762660294,0.0160759038803294,0.0505395262653867,0.0237900775063639,0.0355563513760133,0.0147990993765729,0.0277271987669303,0.018197526142696,0.023974488846037,0.0288121698959201,0.0224433564196294,0.0190422469802106,0.0410358318260412,0.0347230832353854,0.0704875547402771,0.0348284389281616,0.0243026283507222,0.0131522870916982,0.0453676254273601,0.0603676248040754,0.0500478183643121,0.0356503917434423,0.0173710507590495,0.0157725468534796
"SPEECH_878",NA,NA,NA,NA,NA,NA,NA,NA,NA,NA,NA,NA,NA,NA,NA,NA,NA,NA,NA,NA,NA,NA,NA,NA,NA,NA,NA,NA,NA,NA,NA,NA,NA,NA,NA,NA,NA,NA,NA,NA,NA,NA,NA,NA,NA,NA,NA,NA,NA,NA,NA,NA,NA,NA,NA,NA,NA,NA,NA,NA,0.0364490367288388,0.0828132056317034,0.00945386920735641,0.0289305215829217,0.018016266296896,0.0408201876037898,0.0428424828292184,0.0151177206275171,0.011268102339419,0.0219242461735696,0.0495862070812196,0.0179667905849596,0.017558829505575,0.047111635658617,0.0144482005108102,0.115578129443707,0.0496837914629908,0.0185714891960527,0.0512746258545097,0.0175700318606799,0.0205937887566993,0.0169215981731542,0.0792168898536849,0.012018533201402,0.044191363615712,0.0381284597662053,0.0143945877517092,0.0184723136441131,0.0356092365576496,0.0134678584993189,0.0396509355259876,0.055959904845289,0.0192903783342955,0.0475404357268808,0.0312712934439022,0.0527186662536667,0.0158095493831316,0.012531971948108,0.0124031181514337,0.00997518169968145,0.032257380142757,0.0383806871641386,0.0223239116674061,0.0477849425368727,0.0119054275877923,0.0442013958938303,0.0167335679923989,0.0143072344925861,0.0243781702489703,0.0281571584882404,0.100698259465693,0.0315773034664239,0.0671146530307109,0.0167915105966648,0.0548680024205313,0.0697984848089995,0.0180247846134739,0.0174478557289725,0.0207659917129401,0.0253318426282215
"SPEECH_1116",NA,NA,NA,NA,NA,NA,NA,NA,NA,NA,NA,NA,NA,NA,NA,NA,NA,NA,NA,NA,NA,NA,NA,NA,NA,NA,NA,NA,NA,NA,NA,NA,NA,NA,NA,NA,NA,NA,NA,NA,NA,NA,NA,NA,NA,NA,NA,NA,NA,NA,NA,NA,NA,NA,NA,NA,NA,NA,NA,NA,0.0364490367288388,0.0828132056317034,0.00945386920735641,0.0289305215829217,0.018016266296896,0.0408201876037898,0.0428424828292184,0.0151177206275171,0.011268102339419,0.0219242461735696,0.0495862070812196,0.0179667905849596,0.017558829505575,0.047111635658617,0.0144482005108102,0.115578129443707,0.0496837914629908,0.0185714891960527,0.0512746258545097,0.0175700318606799,0.0205937887566993,0.0169215981731542,0.0792168898536849,0.012018533201402,0.044191363615712,0.0381284597662053,0.0143945877517092,0.0184723136441131,0.0356092365576496,0.0134678584993189,0.0396509355259876,0.055959904845289,0.0192903783342955,0.0475404357268808,0.0312712934439022,0.0527186662536667,0.0158095493831316,0.012531971948108,0.0124031181514337,0.00997518169968145,0.032257380142757,0.0383806871641386,0.0223239116674061,0.0477849425368727,0.0119054275877923,0.0442013958938303,0.0167335679923989,0.0143072344925861,0.0243781702489703,0.0281571584882404,0.100698259465693,0.0315773034664239,0.0671146530307109,0.0167915105966648,0.0548680024205313,0.0697984848089995,0.0180247846134739,0.0174478557289725,0.0207659917129401,0.0253318426282215
"SPEECH_874",NA,NA,NA,NA,NA,NA,NA,NA,NA,NA,NA,NA,NA,NA,NA,NA,NA,NA,NA,NA,NA,NA,NA,NA,NA,NA,NA,NA,NA,NA,NA,NA,NA,NA,NA,NA,NA,NA,NA,NA,NA,NA,NA,NA,NA,NA,NA,NA,NA,NA,NA,NA,NA,NA,NA,NA,NA,NA,NA,NA,0.0253997580164895,0.0276860659272223,0.0142682329451959,0.0388478551748999,0.0700857345019419,0.0492788109508078,0.0222309941037155,0.0144724453339768,0.0472616124647453,0.0120629816734171,0.0180526981786072,0.0349827449730749,0.046752895009417,0.0285606569995534,0.0216473848812536,0.0296037873194789,0.0626975110488169,0.013451983555683,0.0282843126816801,0.0308582067720454,0.0881871105944909,0.0274318904344525,0.0444686263939717,0.0155961887078993,0.0222086627306464,0.0551213331855703,0.0203121114886876,0.0410960779291461,0.0290774328768191,0.0200138931462938,0.0194368716331117,0.0792308411413054,0.027408946543493,0.0137077399958711,0.0365977035252238,0.0233973059844162,0.0479627300464411,0.0142096368635332,0.0243549875039221,0.0286065631038527,0.0281450483840885,0.0561869006003826,0.0224240792586769,0.0598528817221703,0.0150281138178469,0.0628208704570595,0.00733108863499326,0.0190282800223416,0.0112677376067207,0.029632155666908,0.0571834962400576,0.0333858306974061,0.0155967565206446,0.0323304349025462,0.0371015318247413,0.0537811438122798,0.0957976966403266,0.0122394681717791,0.0150717837631593,0.0208813749147008
"SPEECH_1029",NA,NA,NA,NA,NA,NA,NA,NA,NA,NA,NA,NA,NA,NA,NA,NA,NA,NA,NA,NA,NA,NA,NA,NA,NA,NA,NA,NA,NA,NA,NA,NA,NA,NA,NA,NA,NA,NA,NA,NA,NA,NA,NA,NA,NA,NA,NA,NA,NA,NA,NA,NA,NA,NA,NA,NA,NA,NA,NA,NA,0.0358526524707935,0.0509722767077659,0.0138123148816261,0.028813037675447,0.0355628401977486,0.030027463299781,0.0335407389703047,0.0144944843982928,0.0351365218685537,0.0169271591142234,0.0593510760232714,0.0370435190263179,0.0235606544559334,0.0663244093928949,0.0210791361823178,0.0523171572639336,0.0237078440335252,0.0252625889868269,0.0128567615283428,0.0310181979148511,0.0443539495926477,0.0554421058372534,0.0433738646800623,0.0319363893889036,0.0260222271451102,0.0247342379392477,0.0146985061261597,0.060540200590879,0.0312570943811759,0.0199805899258087,0.0219154912478169,0.0435619332583861,0.0194756772931616,0.01330291841924,0.0567589837723638,0.0719065022552987,0.0169274181182151,0.0192925006657909,0.0206459021973684,0.0145293230136313,0.0176390395768942,0.0560773297813841,0.0153494806104913,0.0606457946264524,0.0205847724346513,0.0560613777519115,0.0161252744419766,0.0178286232113587,0.0172506234550763,0.0271055142593432,0.105285007465083,0.0137043030562521,0.0217030346609706,0.010516899698031,0.0435694287613139,0.0483276359850947,0.056554562196516,0.0326453516423475,0.0192816319607666,0.0454276641828117
"SPEECH_901",NA,NA,NA,NA,NA,NA,NA,NA,NA,NA,NA,NA,NA,NA,NA,NA,NA,NA,NA,NA,NA,NA,NA,NA,NA,NA,NA,NA,NA,NA,NA,NA,NA,NA,NA,NA,NA,NA,NA,NA,NA,NA,NA,NA,NA,NA,NA,NA,NA,NA,NA,NA,NA,NA,NA,NA,NA,NA,NA,NA,0.0271223518328081,0.0442512331320734,0.0161490551717417,0.0459874353307237,0.0480734617436989,0.0596162593341531,0.0240136510335407,0.0134085486637919,0.0451540046075325,0.0165542561851025,0.0219394104855354,0.0508733533951193,0.0275782752284452,0.0613726796711445,0.02005666531546,0.0282512201341859,0.0218496459516044,0.0159193272554272,0.0142173540291833,0.0334635285883229,0.029017932117024,0.0227211393220627,0.0184733167836516,0.0595278067341651,0.0819240245245022,0.0183289507027019,0.0294431853028782,0.0394312099200174,0.0269814986320433,0.038299218871359,0.0570572288468221,0.0450918052219707,0.0214134173435287,0.0486367772152962,0.0496727753969843,0.0428282107940798,0.031236819094221,0.0127496409894188,0.0400022649092831,0.0107664483603658,0.0253805309809903,0.0413029813035841,0.0154383257947134,0.0422007821095405,0.0160990429304508,0.0426729814004779,0.0284585985423584,0.0160648020120051,0.00968321009739888,0.0253135437690858,0.063970910468106,0.0209838996875272,0.0371977753943817,0.021899491561498,0.0528060473385109,0.0247079209696685,0.0350460861119294,0.0187728357293634,0.03852363711353,0.0640212085129092
"SPEECH_1097",NA,NA,NA,NA,NA,NA,NA,NA,NA,NA,NA,NA,NA,NA,NA,NA,NA,NA,NA,NA,NA,NA,NA,NA,NA,NA,NA,NA,NA,NA,NA,NA,NA,NA,NA,NA,NA,NA,NA,NA,NA,NA,NA,NA,NA,NA,NA,NA,NA,NA,NA,NA,NA,NA,NA,NA,NA,NA,NA,NA,0.0271223518328081,0.0442512331320734,0.0161490551717417,0.0459874353307237,0.0480734617436989,0.0596162593341531,0.0240136510335407,0.0134085486637919,0.0451540046075325,0.0165542561851025,0.0219394104855354,0.0508733533951193,0.0275782752284452,0.0613726796711445,0.02005666531546,0.0282512201341859,0.0218496459516044,0.0159193272554272,0.0142173540291833,0.0334635285883229,0.029017932117024,0.0227211393220627,0.0184733167836516,0.0595278067341651,0.0819240245245022,0.0183289507027019,0.0294431853028782,0.0394312099200174,0.0269814986320433,0.038299218871359,0.0570572288468221,0.0450918052219707,0.0214134173435287,0.0486367772152962,0.0496727753969843,0.0428282107940798,0.031236819094221,0.0127496409894188,0.0400022649092831,0.0107664483603658,0.0253805309809903,0.0413029813035841,0.0154383257947134,0.0422007821095405,0.0160990429304508,0.0426729814004779,0.0284585985423584,0.0160648020120051,0.00968321009739888,0.0253135437690858,0.063970910468106,0.0209838996875272,0.0371977753943817,0.021899491561498,0.0528060473385109,0.0247079209696685,0.0350460861119294,0.0187728357293634,0.03852363711353,0.0640212085129092
"SPEECH_1049",NA,NA,NA,NA,NA,NA,NA,NA,NA,NA,NA,NA,NA,NA,NA,NA,NA,NA,NA,NA,NA,NA,NA,NA,NA,NA,NA,NA,NA,NA,NA,NA,NA,NA,NA,NA,NA,NA,NA,NA,NA,NA,NA,NA,NA,NA,NA,NA,NA,NA,NA,NA,NA,NA,NA,NA,NA,NA,NA,NA,0.0195934780474524,0.0323963143938986,0.0165498301147254,0.029561477988546,0.0557521276882062,0.0592947552794867,0.0213967111238338,0.0205831694883064,0.112336093940597,0.0147864423041506,0.0394681040697217,0.028048278962565,0.0311186211819368,0.0281944475745917,0.0230468228068174,0.0439316255981064,0.0236462067656833,0.0134116284910702,0.0205326144832299,0.0333476716407287,0.042455703182642,0.0344835168925356,0.0492907765540361,0.02351447857953,0.0201693351695678,0.0152789392480254,0.0380876723048494,0.0350248269109584,0.0497165057694402,0.0249818234447605,0.0201417298828954,0.0398508786530088,0.0148315624530418,0.029182202011546,0.0449971269747114,0.0732875684590373,0.0223536365876329,0.0144432509278398,0.0212670359346125,0.0136655435385282,0.103389784434373,0.02410995893774,0.0125279168923713,0.0533116031355055,0.0186960531691223,0.0467306648475647,0.0235682320165221,0.0132351458987739,0.0121452091599042,0.0190407365856337,0.0515961170626745,0.0153909788975789,0.0357375364589159,0.0374943578851512,0.0453268743800663,0.0463358236776463,0.0318564111126967,0.0253021329854794,0.029418392451013,0.0607655345884132
"SPEECH_1110",NA,NA,NA,NA,NA,NA,NA,NA,NA,NA,NA,NA,NA,NA,NA,NA,NA,NA,NA,NA,NA,NA,NA,NA,NA,NA,NA,NA,NA,NA,NA,NA,NA,NA,NA,NA,NA,NA,NA,NA,NA,NA,NA,NA,NA,NA,NA,NA,NA,NA,NA,NA,NA,NA,NA,NA,NA,NA,NA,NA,0.0387109639217448,0.0524730786321413,0.0112932380202388,0.0476544695151521,0.0320169905846723,0.0424346581759998,0.0208004661297158,0.0156162929636905,0.0253715171364774,0.0105953720063978,0.0196998941277516,0.0544035531050474,0.00996859354117511,0.0788636625299478,0.0563708895806788,0.0561801275672634,0.0543940656053825,0.0154469068677023,0.041575374430697,0.0114743694018362,0.062025590500942,0.016145834061807,0.0315264400377065,0.0134636836552439,0.0341014792656022,0.0132440378468548,0.0361797324642616,0.0433099894674244,0.021212787539913,0.0334459413165319,0.0163763047834951,0.0481467536534744,0.011547501877635,0.0191613812141514,0.168699255616894,0.0130234606339082,0.0205646139561139,0.0129469708422575,0.0222118725306534,0.0163155242646123,0.0134324317960174,0.0300886796215632,0.0435888468279838,0.0242029489296309,0.038087580912869,0.0203155620916627,0.0242492104630118,0.0135088566296874,0.0272162011095498,0.0646689672961188,0.0279495064191744,0.0178837607940891,0.00921310440005774,0.0241706234768075,0.0297903336594575,0.104294884303081,0.026399165718871,0.0197952948541101,0.0238058578639352,0.0683445434591265
"SPEECH_836",NA,NA,NA,NA,NA,NA,NA,NA,NA,NA,NA,NA,NA,NA,NA,NA,NA,NA,NA,NA,NA,NA,NA,NA,NA,NA,NA,NA,NA,NA,NA,NA,NA,NA,NA,NA,NA,NA,NA,NA,NA,NA,NA,NA,NA,NA,NA,NA,NA,NA,NA,NA,NA,NA,NA,NA,NA,NA,NA,NA,0.0183192753437342,0.0375787737842472,0.0146479346254382,0.0946530523422863,0.0395740667541732,0.0532367969103221,0.016640882989774,0.0170809278818665,0.0221048914205611,0.0147773127876533,0.0713692819789439,0.0135694804989205,0.0128400892144188,0.0653797142840363,0.0174255579970435,0.0767939034023465,0.0363208017461056,0.0153402115313543,0.0138376871443367,0.0237567703213735,0.0684821810698541,0.015178021208919,0.0191711841898876,0.011197914774249,0.0654712989233435,0.012785219578301,0.0293697983534198,0.0271478390573765,0.0439083586416094,0.0320407712441043,0.0387728181218393,0.0511367678766532,0.018997620477616,0.0322769749687776,0.0266283833233275,0.054704717095487,0.0235092425277148,0.0148249257986693,0.0170466095113881,0.0177867617455529,0.0446022083370113,0.0688761070816461,0.0150129708680909,0.0563199257154417,0.0223654573680766,0.060060979191274,0.0189614596870974,0.0165429999997324,0.0160589674809844,0.0217249524332728,0.0452553353606589,0.0229869311580354,0.0178903053925097,0.0312125140428969,0.089184756406904,0.0414694197777215,0.0544347134425281,0.0261810315041555,0.0123999874567591,0.0227741558481776
"SPEECH_990",NA,NA,NA,NA,NA,NA,NA,NA,NA,NA,NA,NA,NA,NA,NA,NA,NA,NA,NA,NA,NA,NA,NA,NA,NA,NA,NA,NA,NA,NA,NA,NA,NA,NA,NA,NA,NA,NA,NA,NA,NA,NA,NA,NA,NA,NA,NA,NA,NA,NA,NA,NA,NA,NA,NA,NA,NA,NA,NA,NA,0.0488965215768813,0.0241551873432577,0.0149449352884832,0.032485419995013,0.0465632463269778,0.0463751691449249,0.0295199681757285,0.0211206354977979,0.024787752551618,0.0184896410163926,0.084647323015442,0.0500708689831598,0.0344467603003441,0.0498739936192543,0.0131020318514849,0.040804900530204,0.0271309379343845,0.0149169691122399,0.0153003248150161,0.0295872864710245,0.0310533124676023,0.0426901169110274,0.031897469010773,0.00964925383909533,0.0303258957708376,0.0471573304744252,0.0126483128017152,0.04432653767579,0.0309771094427115,0.0520547880563936,0.0734909129684364,0.0315563182156256,0.0146178747922931,0.0126529468540519,0.0861007911252695,0.0151984129407917,0.0770341046454694,0.00855156445960386,0.0204330631619113,0.0129116635101613,0.0598943046283452,0.0504446918091534,0.0230044703220221,0.0206660932470625,0.0304683806148363,0.0292448664280026,0.0145721807435648,0.0182882996726914,0.0164374108172576,0.0524897560416153,0.0273987846235424,0.0132989067743549,0.0407409716607207,0.011872621704727,0.0221785223503203,0.0533736964415841,0.0256987056984658,0.022005707248951,0.0255460191322888,0.0898279573668797
"SPEECH_881",NA,NA,NA,NA,NA,NA,NA,NA,NA,NA,NA,NA,NA,NA,NA,NA,NA,NA,NA,NA,NA,NA,NA,NA,NA,NA,NA,NA,NA,NA,NA,NA,NA,NA,NA,NA,NA,NA,NA,NA,NA,NA,NA,NA,NA,NA,NA,NA,NA,NA,NA,NA,NA,NA,NA,NA,NA,NA,NA,NA,0.0614673766013403,0.043531888286492,0.0122713941218173,0.0455392233112102,0.0543656841478557,0.0333345853622484,0.0213139912251257,0.0236108995887338,0.0259123151024602,0.0138113573863144,0.0795050418695613,0.0640879116863687,0.0220279472882406,0.0516341158560483,0.016488935297996,0.0946914830391623,0.0309407569705065,0.0177518980833886,0.0446671859455817,0.0414940052895306,0.0268817814617692,0.0126797911103937,0.0162465998807332,0.00695669988667936,0.0353370222683551,0.0137680023645847,0.0310819234171883,0.0152540743946571,0.0274257894517619,0.015920319303895,0.0463344300635116,0.0352237089751842,0.00720628822516371,0.0769284022692708,0.0216311012389141,0.0374900693665527,0.0450325819210911,0.013590130008555,0.0156940707400145,0.0103416303697914,0.0746491468751012,0.0718008477374519,0.0109816042722853,0.0600174880150548,0.0405869057826165,0.0660902638868099,0.0248461544219911,0.0144760517708222,0.0213145892453614,0.0260978656766362,0.0616096871269718,0.0215931512720357,0.0226344112404852,0.0141579149700186,0.0287262088424798,0.0491645027445426,0.0127513760815807,0.027583293812615,0.0180381434255664,0.0234079796215246
"SPEECH_1098",NA,NA,NA,NA,NA,NA,NA,NA,NA,NA,NA,NA,NA,NA,NA,NA,NA,NA,NA,NA,NA,NA,NA,NA,NA,NA,NA,NA,NA,NA,NA,NA,NA,NA,NA,NA,NA,NA,NA,NA,NA,NA,NA,NA,NA,NA,NA,NA,NA,NA,NA,NA,NA,NA,NA,NA,NA,NA,NA,NA,0.0317285705985517,0.0324079652345616,0.0159789428782501,0.0390029639117028,0.0311589506038519,0.0447554205221424,0.0220232808258642,0.022076205284817,0.0213117334381472,0.0182839187520266,0.027618793581478,0.0501448430218189,0.0168124272121411,0.0426025703419589,0.0282428083665769,0.0442104834116611,0.0171703853373925,0.0180561409986021,0.0331609625496722,0.02690017976476,0.0998771964850436,0.0341785347973668,0.0380995227807885,0.0216445018675503,0.0486783033915656,0.0437602589006497,0.0656825929096419,0.0168377358974592,0.0150226275643602,0.0325711787695972,0.0411304045765012,0.0539626702368358,0.0135505892489959,0.0209030932039209,0.0569833347234585,0.036509947543088,0.0284094150454985,0.0150781764787016,0.03386304091569,0.0123196337870733,0.035482772578916,0.0391358564610256,0.00962712129124338,0.0275317296715355,0.0453195258083651,0.0241654176526917,0.0339473262517924,0.0148123031659471,0.0132231069817673,0.0411749736570865,0.0977580562305096,0.0232606246677642,0.026878592011267,0.0313887763721132,0.0532015824723887,0.049216335958373,0.0457650770421216,0.0304763026167263,0.014206740051757,0.0307174732968454
"SPEECH_1284",NA,NA,NA,NA,NA,NA,NA,NA,NA,NA,NA,NA,NA,NA,NA,NA,NA,NA,NA,NA,NA,NA,NA,NA,NA,NA,NA,NA,NA,NA,NA,NA,NA,NA,NA,NA,NA,NA,NA,NA,NA,NA,NA,NA,NA,NA,NA,NA,NA,NA,NA,NA,NA,NA,NA,NA,NA,NA,NA,NA,0.0239278529378698,0.0315130366480407,0.0109632596739157,0.0228827948703788,0.0680560235650941,0.0362278500487622,0.0247174273427108,0.0143436181127671,0.0246978880212543,0.0140945643652248,0.0651882764798104,0.090317827841881,0.026137033865968,0.05761746400596,0.0445452270442375,0.0347629765295279,0.0208827527634609,0.012777555343987,0.014349858263709,0.0391080453922248,0.0228690347890457,0.0196731048854813,0.0269462872123274,0.0231004490664189,0.070976339261332,0.0435132967340381,0.0175155478880379,0.0455963574162505,0.0365185633833869,0.0161796862468964,0.0536742919290077,0.0406583408202944,0.0100920677490647,0.0377400629780496,0.0178522536809591,0.0544539126819924,0.0267830720877118,0.0132724258296316,0.0371111876006693,0.0206468221792649,0.0308322545744029,0.0248327928503436,0.0106713798344217,0.0628388351235032,0.0111778898526061,0.055241258387572,0.0602707978889997,0.0152163217312238,0.0216687893137659,0.0189255424148824,0.133428292864672,0.0237191530403938,0.0524555445842547,0.0292532324792345,0.0248900412969267,0.0129812007190638,0.032703604660469,0.0158069541920714,0.0295002279611195,0.0213014486934279
"SPEECH_1033",NA,NA,NA,NA,NA,NA,NA,NA,NA,NA,NA,NA,NA,NA,NA,NA,NA,NA,NA,NA,NA,NA,NA,NA,NA,NA,NA,NA,NA,NA,NA,NA,NA,NA,NA,NA,NA,NA,NA,NA,NA,NA,NA,NA,NA,NA,NA,NA,NA,NA,NA,NA,NA,NA,NA,NA,NA,NA,NA,NA,0.0426659089507193,0.0376461184134608,0.0111411061865442,0.0238369209374192,0.0357816267488633,0.0330876227588391,0.021373836541232,0.0209985612603389,0.00870885988229082,0.0193066062249598,0.127293528486964,0.0493850335220095,0.0108798644820939,0.0855431741470713,0.0154637058184515,0.0793722425409591,0.00975023311721175,0.03285611900189,0.0354068804974287,0.0154305423566027,0.0257975477939722,0.0349753167549539,0.0497772894355509,0.00788692740938562,0.0175229951817135,0.0160227724578108,0.0336493888527106,0.0177609070935414,0.00876869102870903,0.0719096721163021,0.0468524675709186,0.0374049876818214,0.0140476682160757,0.0396919446249577,0.0271476135920534,0.0651289638016811,0.0166911011814496,0.011721844624784,0.0133131093483838,0.0234724222366052,0.0111461019139076,0.0228447557249031,0.00989494155558144,0.0246208317258193,0.0395062244851198,0.0433804239418468,0.0226957091951603,0.021229070531612,0.0416470440227255,0.0203701485035039,0.086921616682779,0.069268533265534,0.0500566230172692,0.0479922837219495,0.0418536124272566,0.0366530422032484,0.0349378735300279,0.0279164008501668,0.0427594872965472,0.00883315252631095
"SPEECH_1043",NA,NA,NA,NA,NA,NA,NA,NA,NA,NA,NA,NA,NA,NA,NA,NA,NA,NA,NA,NA,NA,NA,NA,NA,NA,NA,NA,NA,NA,NA,NA,NA,NA,NA,NA,NA,NA,NA,NA,NA,NA,NA,NA,NA,NA,NA,NA,NA,NA,NA,NA,NA,NA,NA,NA,NA,NA,NA,NA,NA,0.0338484195757744,0.0821507021968873,0.0126924390590504,0.0142244280722994,0.056759695748218,0.025174935981684,0.0508582564709949,0.0122871771760267,0.0216899454833296,0.0154435093419183,0.109267172741856,0.0514522148745062,0.0103149201250212,0.0339981740389588,0.0168928967403167,0.117391578736347,0.0446051470905178,0.0137725669172641,0.0374147939318897,0.0311340547247242,0.0140900159527342,0.0163459912146095,0.0137178446122879,0.0272294090826162,0.0229807627644263,0.0187117251212168,0.0263926075840702,0.0171797884470978,0.0191195428984187,0.0328592832949385,0.0334538852959252,0.0297305329295409,0.0260866636528148,0.0177070935341322,0.0573463070364833,0.0620854639983721,0.0211171596695802,0.0167905391175678,0.020746867934507,0.0203482633078428,0.0113755693601705,0.0191722323938709,0.0152196940221696,0.0253372063183083,0.0407507391148126,0.0182889844338331,0.0146392290280321,0.0206663910791922,0.0289305260336079,0.0302932686438815,0.128002357761516,0.0736051461120065,0.0439322919404653,0.0146984719805189,0.0161841723082177,0.0580153073586336,0.0809873713046837,0.0216920134641098,0.0103959225860084,0.0224003282791952
"SPEECH_1155",NA,NA,NA,NA,NA,NA,NA,NA,NA,NA,NA,NA,NA,NA,NA,NA,NA,NA,NA,NA,NA,NA,NA,NA,NA,NA,NA,NA,NA,NA,NA,NA,NA,NA,NA,NA,NA,NA,NA,NA,NA,NA,NA,NA,NA,NA,NA,NA,NA,NA,NA,NA,NA,NA,NA,NA,NA,NA,NA,NA,0.0395788727811015,0.0326603253666104,0.0122181332499896,0.0308052981658224,0.0264665684928728,0.0749133411291318,0.0353981044293194,0.0170563080474003,0.0229411275904813,0.0144255331918271,0.0357760340598531,0.0554350842231879,0.0163375099936574,0.0394080739580469,0.0227845913203057,0.030113800340288,0.0395694117270907,0.0226850047481244,0.0256153798962234,0.0172489983352448,0.09781020037561,0.0263327570311338,0.0402406586417172,0.0159848316713868,0.0251880811178155,0.041637079457647,0.0477046848174557,0.0364774017182446,0.025265143914025,0.0319216602083853,0.0489183755069313,0.0340995801080627,0.0171968618496364,0.0175112877278194,0.0620868921299454,0.0375554227449603,0.023103639874971,0.0156419038070808,0.0431405621521636,0.0311733049039721,0.0328128016260235,0.0368581628424262,0.0260422126469664,0.028565554397722,0.0208364609346771,0.0536572032042769,0.0180333214759468,0.0167939263714682,0.0303035482982817,0.0390101461609746,0.0501020357140545,0.0314931762813947,0.0495175099861393,0.0256804470941389,0.02466393618583,0.0406528979415399,0.0447684405778767,0.0520760666097875,0.0265017958841202,0.0212025249608117
"SPEECH_909",NA,NA,NA,NA,NA,NA,NA,NA,NA,NA,NA,NA,NA,NA,NA,NA,NA,NA,NA,NA,NA,NA,NA,NA,NA,NA,NA,NA,NA,NA,NA,NA,NA,NA,NA,NA,NA,NA,NA,NA,NA,NA,NA,NA,NA,NA,NA,NA,NA,NA,NA,NA,NA,NA,NA,NA,NA,NA,NA,NA,0.0428240740740741,0.0289351851851852,0.0150462962962963,0.00810185185185185,0.0896990740740741,0.0810185185185185,0.0150462962962963,0.0202546296296296,0.0688657407407407,0.0219907407407407,0.0115740740740741,0.00462962962962963,0.00983796296296296,0.0202546296296296,0.0619212962962963,0.0202546296296296,0.0167824074074074,0.00289351851851852,0.00810185185185185,0.0549768518518519,0.056712962962963,0.0219907407407407,0.0480324074074074,0.00462962962962963,0.00810185185185185,0.00810185185185185,0.108796296296296,0.025462962962963,0.0792824074074074,0.0358796296296296,0.0327617020143469,0.0350151673096317,0.0098836421304271,0.0432884527013408,0.019971189616576,0.0484536264134524,0.0312155938991898,0.0192686934972352,0.0578303068906801,0.0203356822366424,0.0223809654779596,0.0141960831070955,0.0144778101663988,0.0165196037462985,0.0288051659566191,0.0331006827763427,0.068360690500675,0.0130147254209486,0.054654525992015,0.0122911735930987,0.0462348293313105,0.0567804547678585,0.0750843285722394,0.0179323925719738,0.0364811411782129,0.0676548432659373,0.0177986354747198,0.0510700943116406,0.02295938413844,0.0121784129406931
"SPEECH_1165",NA,NA,NA,NA,NA,NA,NA,NA,NA,NA,NA,NA,NA,NA,NA,NA,NA,NA,NA,NA,NA,NA,NA,NA,NA,NA,NA,NA,NA,NA,NA,NA,NA,NA,NA,NA,NA,NA,NA,NA,NA,NA,NA,NA,NA,NA,NA,NA,NA,NA,NA,NA,NA,NA,NA,NA,NA,NA,NA,NA,0.0362242638080968,0.0384435923752042,0.0148964083125124,0.0400875119403342,0.0240798730405176,0.0701011409685032,0.0253610366570445,0.0192185761584965,0.00804390954078597,0.0164699971966805,0.0225232439476566,0.00695813321070996,0.0245278650536798,0.0392922376025965,0.0351349469030314,0.0661471929214144,0.0158795516786988,0.0274358573116225,0.0932559331586067,0.0103350549561348,0.0133018819540244,0.0170679609726644,0.069890717166048,0.0606146292478886,0.0677102912130214,0.0192489551661214,0.0286487446548974,0.0576488513092551,0.0126052628971636,0.0188463786765884,0.0451578441289112,0.0387910727732468,0.0164601136438366,0.0424271920992231,0.0363589483493617,0.0523443715506362,0.0300032263298348,0.0086482731860824,0.0233238794601644,0.0196547459167584,0.0197035338837694,0.0286269390021102,0.0249755526927132,0.0440734418951056,0.0307744470131595,0.0359720556764779,0.0442221975747594,0.0153964603623768,0.0836848942875251,0.0221660721063331,0.0289861120770529,0.0169037291422883,0.0128832171643588,0.0115609352652186,0.106720175192634,0.0803136361799095,0.0191671103906927,0.0155736197821646,0.0330491357687521,0.0120770671045433
"SPEECH_916",NA,NA,NA,NA,NA,NA,NA,NA,NA,NA,NA,NA,NA,NA,NA,NA,NA,NA,NA,NA,NA,NA,NA,NA,NA,NA,NA,NA,NA,NA,NA,NA,NA,NA,NA,NA,NA,NA,NA,NA,NA,NA,NA,NA,NA,NA,NA,NA,NA,NA,NA,NA,NA,NA,NA,NA,NA,NA,NA,NA,0.0432023234155304,0.0331264485739662,0.0106975236464704,0.0383387357182417,0.0566189092291427,0.0285613306269304,0.0204712525835371,0.0107795557464753,0.0262601031108302,0.0144983063429037,0.0408124314471601,0.0123701567194866,0.0480770898893862,0.0286359847706976,0.0241456410218337,0.129840951759105,0.0227478191611268,0.0120342095107606,0.041760057739118,0.0363607690236235,0.0306283165643033,0.0314002727637357,0.0423222652169224,0.0143156906653871,0.0505182428242266,0.0500747934681409,0.0229600598023447,0.0255549784400311,0.0365574136334574,0.0163283665851251,0.0227270595872931,0.0270577330133491,0.0218066796496197,0.0270023085396443,0.0861446158869996,0.0123238917459065,0.0252499086029028,0.016176072027065,0.0491657796176852,0.0179809104970436,0.058091293145296,0.00977967668366415,0.027123694131543,0.0205902527208326,0.0409517906672043,0.0285856200426278,0.0107858057409586,0.0226862743919142,0.0103356955147092,0.0755532703302437,0.0133551666632183,0.0134564176621218,0.00739434998132628,0.0205742645746553,0.019426148009253,0.083353349055495,0.0739111620809722,0.0176857412984372,0.0214532764784656,0.119271791659553
"SPEECH_1177",NA,NA,NA,NA,NA,NA,NA,NA,NA,NA,NA,NA,NA,NA,NA,NA,NA,NA,NA,NA,NA,NA,NA,NA,NA,NA,NA,NA,NA,NA,NA,NA,NA,NA,NA,NA,NA,NA,NA,NA,NA,NA,NA,NA,NA,NA,NA,NA,NA,NA,NA,NA,NA,NA,NA,NA,NA,NA,NA,NA,0.0432023234155304,0.0331264485739662,0.0106975236464704,0.0383387357182417,0.0566189092291427,0.0285613306269304,0.0204712525835371,0.0107795557464753,0.0262601031108302,0.0144983063429037,0.0408124314471601,0.0123701567194866,0.0480770898893862,0.0286359847706976,0.0241456410218337,0.129840951759105,0.0227478191611268,0.0120342095107606,0.041760057739118,0.0363607690236235,0.0306283165643033,0.0314002727637357,0.0423222652169224,0.0143156906653871,0.0505182428242266,0.0500747934681409,0.0229600598023447,0.0255549784400311,0.0365574136334574,0.0163283665851251,0.0227270595872931,0.0270577330133491,0.0218066796496197,0.0270023085396443,0.0861446158869996,0.0123238917459065,0.0252499086029028,0.016176072027065,0.0491657796176852,0.0179809104970436,0.058091293145296,0.00977967668366415,0.027123694131543,0.0205902527208326,0.0409517906672043,0.0285856200426278,0.0107858057409586,0.0226862743919142,0.0103356955147092,0.0755532703302437,0.0133551666632183,0.0134564176621218,0.00739434998132628,0.0205742645746553,0.019426148009253,0.083353349055495,0.0739111620809722,0.0176857412984372,0.0214532764784656,0.119271791659553
"SPEECH_1168",NA,NA,NA,NA,NA,NA,NA,NA,NA,NA,NA,NA,NA,NA,NA,NA,NA,NA,NA,NA,NA,NA,NA,NA,NA,NA,NA,NA,NA,NA,NA,NA,NA,NA,NA,NA,NA,NA,NA,NA,NA,NA,NA,NA,NA,NA,NA,NA,NA,NA,NA,NA,NA,NA,NA,NA,NA,NA,NA,NA,0.0348639455782313,0.0144557823129252,0.00680272108843537,0.00935374149659864,0.00425170068027211,0.0552721088435374,0.0144557823129252,0.022108843537415,0.0195578231292517,0.00680272108843537,0.00680272108843537,0.0144557823129252,0.0170068027210884,0.0476190476190476,0.0297619047619048,0.0399659863945578,0.0119047619047619,0.00425170068027211,0.00935374149659864,0.00680272108843537,0.0935374149659864,0.0144557823129252,0.0119047619047619,0.0450680272108844,0.407312925170068,0.00680272108843537,0.0272108843537415,0.00680272108843537,0.00680272108843537,0.00425170068027211,0.0254884253745677,0.0262991418300766,0.0155156940367727,0.0396526675220347,0.0371896152307221,0.109965732895097,0.0501677865737764,0.0167218873733442,0.0116416533367883,0.0106977532843592,0.049024277350864,0.0472765350735386,0.00769246686873922,0.0346385537794621,0.0183735691947527,0.0656656616718311,0.0504699726706476,0.0282946568348681,0.017746444755595,0.0282265583142529,0.0389043108747853,0.0253713207331779,0.0518738168474675,0.0145029251983407,0.0207469315790404,0.0503129792592982,0.0196986544546721,0.0343202794486936,0.032022539096412,0.0214971885360219
"SPEECH_831",NA,NA,NA,NA,NA,NA,NA,NA,NA,NA,NA,NA,NA,NA,NA,NA,NA,NA,NA,NA,NA,NA,NA,NA,NA,NA,NA,NA,NA,NA,NA,NA,NA,NA,NA,NA,NA,NA,NA,NA,NA,NA,NA,NA,NA,NA,NA,NA,NA,NA,NA,NA,NA,NA,NA,NA,NA,NA,NA,NA,0.0425833230228497,0.03053322322704,0.0138001502225281,0.0515501476047863,0.0643379124598956,0.0249328282070312,0.0299666465423027,0.0140277651690039,0.0434166564881916,0.0205877734108143,0.0526150448512907,0.0374356459488193,0.0194706532692908,0.0344032721520822,0.042742845068146,0.0266288019239973,0.0117453056009263,0.015963204541741,0.0372609675184754,0.0274395002460355,0.0671544986592259,0.0409658187446763,0.0367358609174746,0.0134649247836893,0.0357081877854625,0.0779768683834441,0.0253575973606498,0.018646202646241,0.00841570331378311,0.0341326699301056,0.0597046660865119,0.0268305442518603,0.0063021014295544,0.0132771357709156,0.0341016619031586,0.123973837816983,0.026938113120139,0.0100535657107738,0.0175594524170904,0.014595392251671,0.0174341346855457,0.0118039801198389,0.0169901441817254,0.0449405699930905,0.0297117763887051,0.0913355607260325,0.0134113279340933,0.0214510251492428,0.0100565238546515,0.0137784066970943,0.0142076064815263,0.0396952430536507,0.00789761666829813,0.0179472381872351,0.0368683331952866,0.143665932688422,0.016634897994235,0.0602325603075896,0.0349334381771236,0.0236672127579546
"SPEECH_1024",NA,NA,NA,NA,NA,NA,NA,NA,NA,NA,NA,NA,NA,NA,NA,NA,NA,NA,NA,NA,NA,NA,NA,NA,NA,NA,NA,NA,NA,NA,NA,NA,NA,NA,NA,NA,NA,NA,NA,NA,NA,NA,NA,NA,NA,NA,NA,NA,NA,NA,NA,NA,NA,NA,NA,NA,NA,NA,NA,NA,0.0425833230228497,0.03053322322704,0.0138001502225281,0.0515501476047863,0.0643379124598956,0.0249328282070312,0.0299666465423027,0.0140277651690039,0.0434166564881916,0.0205877734108143,0.0526150448512907,0.0374356459488193,0.0194706532692908,0.0344032721520822,0.042742845068146,0.0266288019239973,0.0117453056009263,0.015963204541741,0.0372609675184754,0.0274395002460355,0.0671544986592259,0.0409658187446763,0.0367358609174746,0.0134649247836893,0.0357081877854625,0.0779768683834441,0.0253575973606498,0.018646202646241,0.00841570331378311,0.0341326699301056,0.0597046660865119,0.0268305442518603,0.0063021014295544,0.0132771357709156,0.0341016619031586,0.123973837816983,0.026938113120139,0.0100535657107738,0.0175594524170904,0.014595392251671,0.0174341346855457,0.0118039801198389,0.0169901441817254,0.0449405699930905,0.0297117763887051,0.0913355607260325,0.0134113279340933,0.0214510251492428,0.0100565238546515,0.0137784066970943,0.0142076064815263,0.0396952430536507,0.00789761666829813,0.0179472381872351,0.0368683331952866,0.143665932688422,0.016634897994235,0.0602325603075896,0.0349334381771236,0.0236672127579546
"SPEECH_1048",NA,NA,NA,NA,NA,NA,NA,NA,NA,NA,NA,NA,NA,NA,NA,NA,NA,NA,NA,NA,NA,NA,NA,NA,NA,NA,NA,NA,NA,NA,NA,NA,NA,NA,NA,NA,NA,NA,NA,NA,NA,NA,NA,NA,NA,NA,NA,NA,NA,NA,NA,NA,NA,NA,NA,NA,NA,NA,NA,NA,0.0208458915300578,0.024211183601976,0.0141674391798343,0.0957977334226777,0.0631325027420219,0.056245735855223,0.0386674303801817,0.0106926229304156,0.0166818943344097,0.00968400973246143,0.0191749665679299,0.0143770592258109,0.0272686711939905,0.0154239162037371,0.0347879339379186,0.0266469455926776,0.0546409603055544,0.0197150350488149,0.0162181987880791,0.0363437571588157,0.0595463067421214,0.0595481426680253,0.0145958891566236,0.0277464720909424,0.0415468276597921,0.0581620259662948,0.014334888409474,0.0585341788462339,0.0251997967028694,0.0260615840250352,0.0184101405356193,0.0391559276347899,0.0207254774374224,0.0363481544585247,0.0134715138204995,0.0411551594254815,0.0192069580848131,0.0245539875249763,0.0256191342107784,0.0159431951785477,0.0182761368301871,0.03083294784529,0.0106373394357506,0.0424645018144096,0.0416153537454431,0.0492746373066277,0.00973165541437637,0.0200179337787509,0.0108630926310739,0.0143792547378162,0.104145877699219,0.028427219913601,0.029502040913234,0.0237381950738455,0.0687167838621946,0.0836339446972161,0.0951017116820777,0.0363047290671776,0.0123217356030521,0.0154252596372046
"SPEECH_1127",NA,NA,NA,NA,NA,NA,NA,NA,NA,NA,NA,NA,NA,NA,NA,NA,NA,NA,NA,NA,NA,NA,NA,NA,NA,NA,NA,NA,NA,NA,NA,NA,NA,NA,NA,NA,NA,NA,NA,NA,NA,NA,NA,NA,NA,NA,NA,NA,NA,NA,NA,NA,NA,NA,NA,NA,NA,NA,NA,NA,0.0352848654507178,0.043611554158127,0.0178027863989981,0.0656604824945436,0.0422677402772082,0.0243759309694467,0.0306158203838618,0.0146473597913721,0.0817288682968309,0.0120563202171691,0.0244720339811224,0.0171047839455512,0.0103025774820411,0.0228252722919062,0.0352645042207972,0.0232170953410914,0.0211581557399415,0.0128692783699457,0.0322121842404783,0.0226268646860068,0.0395897612270657,0.0426438723507599,0.0359638545251702,0.0437090183385206,0.0323821725278416,0.0737270261968068,0.0647227509565092,0.0320593146748249,0.0248657400216307,0.0202320104437132,0.047923072737779,0.055229989508562,0.0154150615994564,0.0624126313787337,0.0413802894172022,0.0397727347437341,0.0659766812841456,0.00817082330636543,0.0168450593815496,0.0108327479782126,0.0281792060310652,0.0316574748939376,0.0064822423326552,0.0543800127095745,0.0269082091803292,0.0940021290738311,0.0130044019906314,0.0125808489445815,0.0258255085411675,0.0262955687386144,0.0459341608328004,0.0245074489724207,0.0558882587600703,0.0156113489961167,0.0558833812919515,0.0095379272181792,0.0326527414098046,0.0331650491037544,0.0139371211062981,0.0296078685364759
"SPEECH_1096",NA,NA,NA,NA,NA,NA,NA,NA,NA,NA,NA,NA,NA,NA,NA,NA,NA,NA,NA,NA,NA,NA,NA,NA,NA,NA,NA,NA,NA,NA,NA,NA,NA,NA,NA,NA,NA,NA,NA,NA,NA,NA,NA,NA,NA,NA,NA,NA,NA,NA,NA,NA,NA,NA,NA,NA,NA,NA,NA,NA,0.0487079138055763,0.0482880895625052,0.00857556243403186,0.00734099453279729,0.0421188078889008,0.0594063163387531,0.0262757794618185,0.0159829698414393,0.0231840229598795,0.00816285385609753,0.105697275886197,0.00713464024383013,0.0118665575598012,0.0116637611034025,0.0223621636365793,0.0783304277700691,0.0388313705956998,0.0229812265034807,0.0900890644086289,0.019686673545143,0.0131011254610358,0.068475231555603,0.112528314417524,0.0056937180536284,0.00836920814506469,0.0155702612635049,0.0299759253329538,0.0229847843360491,0.0180393970659741,0.00857556243403186,0.0349081947873627,0.0226652748178726,0.0111232641207981,0.0352035609301995,0.0606892137553016,0.0491630617604689,0.0158893943835784,0.0194873483375272,0.0368321850329507,0.022599354217553,0.0121741577823307,0.0165894594793915,0.0458074493031852,0.0259773673700213,0.0245456640746702,0.0322632439343264,0.0145640475930328,0.0150144215792744,0.0479714424207765,0.0313739115863619,0.0605584857261678,0.0760570078735392,0.0124263713538953,0.0414258221944902,0.0123562310765511,0.0665911559478136,0.0530982185219129,0.065509080882149,0.0234268525781088,0.0137087565783883
"SPEECH_906",NA,NA,NA,NA,NA,NA,NA,NA,NA,NA,NA,NA,NA,NA,NA,NA,NA,NA,NA,NA,NA,NA,NA,NA,NA,NA,NA,NA,NA,NA,NA,NA,NA,NA,NA,NA,NA,NA,NA,NA,NA,NA,NA,NA,NA,NA,NA,NA,NA,NA,NA,NA,NA,NA,NA,NA,NA,NA,NA,NA,0.0349081947873627,0.0226652748178726,0.0111232641207981,0.0352035609301995,0.0606892137553016,0.0491630617604689,0.0158893943835784,0.0194873483375272,0.0368321850329507,0.022599354217553,0.0121741577823307,0.0165894594793915,0.0458074493031852,0.0259773673700213,0.0245456640746702,0.0322632439343264,0.0145640475930328,0.0150144215792744,0.0479714424207765,0.0313739115863619,0.0605584857261678,0.0760570078735392,0.0124263713538953,0.0414258221944902,0.0123562310765511,0.0665911559478136,0.0530982185219129,0.065509080882149,0.0234268525781088,0.0137087565783883,0.0272946446254276,0.0292363223524801,0.0115772151938241,0.0173082022209873,0.0427766835606154,0.0233088282370095,0.0343441314691979,0.0151861336120903,0.0248359442180871,0.0108078428756286,0.0410790463538157,0.0151753374661007,0.022553743880894,0.0523847145715419,0.0230549275868823,0.0594158711693202,0.0175199954215713,0.0184413441629225,0.011569183097168,0.0138871460275544,0.102314037101796,0.035896836454191,0.0258718404530547,0.0103520126914873,0.059605458995078,0.0587801078496255,0.032649076161138,0.0607634396317857,0.0494925986158072,0.0525173339429179
"SPEECH_1055",NA,NA,NA,NA,NA,NA,NA,NA,NA,NA,NA,NA,NA,NA,NA,NA,NA,NA,NA,NA,NA,NA,NA,NA,NA,NA,NA,NA,NA,NA,NA,NA,NA,NA,NA,NA,NA,NA,NA,NA,NA,NA,NA,NA,NA,NA,NA,NA,NA,NA,NA,NA,NA,NA,NA,NA,NA,NA,NA,NA,0.0458495970025899,0.0480246060687507,0.0135471137322132,0.0591770385203342,0.0334821320154485,0.0275067492313917,0.0413045370281705,0.0186838986444645,0.0290710186013796,0.0296105198709592,0.0670755129391007,0.0301719372888308,0.021803249198671,0.05347307484783,0.0202297847434878,0.0412837564495065,0.0481149438204498,0.0188080884609051,0.0137377224821799,0.0247180488753193,0.0474631740199444,0.0629586161073323,0.0102067451138086,0.0224677809731777,0.020241616686365,0.0509773830977726,0.0241121714665756,0.032529647734613,0.0149931964417882,0.0283763385366398,0.0196590318992377,0.0395384055920872,0.0120795932220278,0.0135718117635802,0.078805608977038,0.0283449094095544,0.052551364490838,0.0168427374597265,0.0177940116351482,0.0212192904469601,0.0325203327355646,0.0200945447436097,0.01942145239722,0.0192136597384189,0.0503706794947802,0.0322945467340635,0.0472361589677317,0.0148399575858323,0.0118612714278982,0.0249326616133101,0.0877090479754747,0.0226855533396127,0.0331367856518317,0.0470004115956729,0.0368483215567044,0.0734402015181076,0.035869424238463,0.0395925060025889,0.0210006400638978,0.0295250777230187
"SPEECH_1169",NA,NA,NA,NA,NA,NA,NA,NA,NA,NA,NA,NA,NA,NA,NA,NA,NA,NA,NA,NA,NA,NA,NA,NA,NA,NA,NA,NA,NA,NA,NA,NA,NA,NA,NA,NA,NA,NA,NA,NA,NA,NA,NA,NA,NA,NA,NA,NA,NA,NA,NA,NA,NA,NA,NA,NA,NA,NA,NA,NA,0.0134404156443475,0.0742864568714121,0.0146435927367687,0.0692246641898157,0.0808152898201245,0.0383868851119229,0.0203777943102538,0.01326027565039,0.0251309372987893,0.0152300945212784,0.0524879440850978,0.0235148527208925,0.0188922227409334,0.0199617810897947,0.0141846730053237,0.0371856669974051,0.0196806492507525,0.0244497977863539,0.0436871137960496,0.0541017936603019,0.0207826520749439,0.0229850752128738,0.0135375168857623,0.033283192408996,0.0607511660578885,0.0151611572027033,0.0480663645263371,0.0691256386994788,0.0124100050032887,0.0309543306397196,0.0228163129876331,0.0440392157339091,0.0124551652662436,0.0245184890545498,0.0670255144056513,0.0774799195887211,0.0261643501403105,0.029118432112986,0.0248036019928415,0.0133284408558029,0.0353638313849335,0.0189556249371346,0.0146514885817092,0.0343051698481911,0.0270704117764647,0.0456126686823677,0.0277750517337682,0.0169028986716609,0.0383010593426402,0.0360740635624563,0.0444662654400873,0.0239652840333327,0.0251286715052124,0.0294677824803878,0.0383399794690702,0.0699894234739409,0.0503377414134317,0.0412327177708052,0.0153282973525745,0.024982126401182
"SPEECH_927",NA,NA,NA,NA,NA,NA,NA,NA,NA,NA,NA,NA,NA,NA,NA,NA,NA,NA,NA,NA,NA,NA,NA,NA,NA,NA,NA,NA,NA,NA,NA,NA,NA,NA,NA,NA,NA,NA,NA,NA,NA,NA,NA,NA,NA,NA,NA,NA,NA,NA,NA,NA,NA,NA,NA,NA,NA,NA,NA,NA,0.0785240456086782,0.0389273419673712,0.018432126170443,0.0467614072675014,0.025565251161852,0.0965506360294889,0.0391177248901987,0.0163526886613084,0.0122523845447274,0.0268073986561913,0.0479856409274841,0.0343762063837587,0.0136357992342799,0.0115127960306045,0.0385753530687939,0.0348939607634832,0.019601956365506,0.0226082178256406,0.0109962552337623,0.0338297488034485,0.0199533934479173,0.0255436059388669,0.0408917616937119,0.0284277768772985,0.0207580735837311,0.0138770241591581,0.068515436340657,0.0304695902620839,0.0304901580861553,0.053766240015898,0.0615908709810841,0.0448697336248394,0.0145807971314512,0.0244857995455234,0.0513695744054763,0.0368065171589817,0.0169417453794449,0.0168921301033737,0.0224085508130923,0.0129499849431886,0.0312177690188423,0.0154313622947752,0.0167554776989919,0.0220544210828256,0.0797062910727898,0.060190684725314,0.0124536736443997,0.0255395661874551,0.022119805599846,0.0330285696236011,0.0370710281165992,0.0563968630889656,0.0372529495543146,0.0214554534676559,0.0415212743628656,0.0527497540418898,0.048466435541763,0.0405556423332544,0.0149032669933331,0.0282340074640625
"SPEECH_1176",NA,NA,NA,NA,NA,NA,NA,NA,NA,NA,NA,NA,NA,NA,NA,NA,NA,NA,NA,NA,NA,NA,NA,NA,NA,NA,NA,NA,NA,NA,NA,NA,NA,NA,NA,NA,NA,NA,NA,NA,NA,NA,NA,NA,NA,NA,NA,NA,NA,NA,NA,NA,NA,NA,NA,NA,NA,NA,NA,NA,0.0326691599526854,0.01716692002231,0.00970701949565967,0.0204910519412789,0.0174860566913003,0.0670634336865406,0.0343745064537368,0.0153699447020753,0.0222633249655144,0.0964724847930496,0.0610597243416169,0.0271294590301544,0.0120760082565412,0.0305048731241663,0.0135585970363481,0.0797515882330668,0.0413028543898154,0.0136279084869525,0.0242290265795754,0.0163332232602911,0.09623617706537,0.0140110768796757,0.0356744637076708,0.0152549311290584,0.0257349470459804,0.0111505292384037,0.0251395590973165,0.048717540438219,0.0289684069297054,0.0464752030259211,0.0229106799064948,0.0427302091345941,0.0192087218066718,0.0104755583485218,0.0617042049456185,0.0512560019564973,0.0280664053372337,0.0147824999273734,0.0175478650702078,0.0215849583928556,0.0149446309053315,0.007004721557531,0.0308111725516312,0.0265668980534178,0.026067373126076,0.086370964329606,0.0516110779160209,0.0185970539179837,0.0240246435849876,0.0192823805671442,0.0872878444947778,0.012069322321247,0.0321376755905805,0.0325073222606196,0.0197044515997428,0.081049534810874,0.0423238248543363,0.0390013564990066,0.0433027297100241,0.0150679165229923
"SPEECH_1187",NA,NA,NA,NA,NA,NA,NA,NA,NA,NA,NA,NA,NA,NA,NA,NA,NA,NA,NA,NA,NA,NA,NA,NA,NA,NA,NA,NA,NA,NA,NA,NA,NA,NA,NA,NA,NA,NA,NA,NA,NA,NA,NA,NA,NA,NA,NA,NA,NA,NA,NA,NA,NA,NA,NA,NA,NA,NA,NA,NA,0.0409407689916638,0.0293466211739054,0.00619081125572861,0.0168747416862437,0.0246842221678176,0.0473629525639587,0.0273465599492874,0.0148391378597755,0.0171362569779705,0.00806938494027238,0.203657419762211,0.0150308197080383,0.00807052758325129,0.02768546991565,0.0118020957626258,0.132810759197052,0.0743626006527969,0.0110939609054629,0.0493256395266,0.00901349021305205,0.00972273339959092,0.010864199421925,0.0499174598480938,0.00997292520233744,0.0298291278497655,0.00916594978306079,0.0164965268602225,0.0366106377534331,0.0274299678540865,0.0243462312341212,0.0586696173793907,0.0350691393138891,0.00813359234940375,0.0213273514680476,0.0815211811783066,0.0369571242294445,0.0686589543312451,0.0173666012949546,0.0355159217619474,0.0382052175947756,0.0382750911402356,0.0293349520561437,0.0286330547952126,0.0245386374363389,0.0356788629602985,0.0192295347289712,0.016412589918439,0.00977835642402962,0.0208740001336355,0.0427482761781925,0.0608503788310281,0.027786647232928,0.0196918904231514,0.0192599285844926,0.0224360154208464,0.0558917239687683,0.0502580417660779,0.0276519982487546,0.0256677951225921,0.0235775237284587
"SPEECH_993",NA,NA,NA,NA,NA,NA,NA,NA,NA,NA,NA,NA,NA,NA,NA,NA,NA,NA,NA,NA,NA,NA,NA,NA,NA,NA,NA,NA,NA,NA,NA,NA,NA,NA,NA,NA,NA,NA,NA,NA,NA,NA,NA,NA,NA,NA,NA,NA,NA,NA,NA,NA,NA,NA,NA,NA,NA,NA,NA,NA,0.051210452195397,0.0452845525256074,0.013946381214076,0.019319192365189,0.0315287047952753,0.0934812451590729,0.0439266182514545,0.0135935706329929,0.0137931665530893,0.0206501446273174,0.0802849319487065,0.0290056663174759,0.00991747780901168,0.068092774747873,0.0175868618189471,0.10272510420191,0.0111000876031671,0.0172601589571723,0.0127290876154401,0.0172702492351285,0.075913475489436,0.0272649574548587,0.0314979712800859,0.016347888528087,0.0462922225936695,0.0136396125110809,0.0173863407396744,0.0124892504248991,0.0139058935464987,0.0325559588574057,0.0250323806596104,0.0302047379955595,0.0188586933584892,0.0236803214454501,0.0549503922274611,0.0677018791793883,0.0143111931764104,0.0155100824441332,0.0234296689468795,0.0194673053465421,0.0211176557609055,0.0270073319363484,0.0249988187824203,0.0628506025787071,0.0461039244144304,0.0446835423078482,0.0165126188478755,0.0201848006265742,0.0118078841195762,0.0228835173063898,0.142193591605142,0.0298223087098024,0.0274220493394516,0.0267179650572138,0.0256226010957631,0.0416208912198067,0.049014219973935,0.0308020536037142,0.0201576533052619,0.0153293146289096
"SPEECH_1174",NA,NA,NA,NA,NA,NA,NA,NA,NA,NA,NA,NA,NA,NA,NA,NA,NA,NA,NA,NA,NA,NA,NA,NA,NA,NA,NA,NA,NA,NA,NA,NA,NA,NA,NA,NA,NA,NA,NA,NA,NA,NA,NA,NA,NA,NA,NA,NA,NA,NA,NA,NA,NA,NA,NA,NA,NA,NA,NA,NA,0.0653906077036419,0.0281979252770231,0.0125851747045922,0.0122002462395482,0.063993833178828,0.0617051593043227,0.0437436216896472,0.010804173345073,0.0210621561911218,0.0139690400860923,0.0392231914772653,0.0642315688279662,0.0127032301360909,0.0184394342902131,0.0178945703709871,0.0251797977682496,0.0127149723170767,0.0246310883639758,0.0604207178282838,0.0203877469664157,0.092496242693343,0.026642107023275,0.0306261085618603,0.0128782651991015,0.0695318207343879,0.0560135352076578,0.0100070953000082,0.0225157046316917,0.0237251719021032,0.0260856926801568,0.0364424264804405,0.0562875754662331,0.0139702426458617,0.0169067848349931,0.0452147794610535,0.037820915268744,0.0111669721909621,0.0107920223875071,0.0256679711932867,0.00787445185512277,0.0146221972940226,0.0444678869759308,0.0189375880674648,0.0243911017005516,0.0155262945486267,0.0520920741829008,0.0166167884022467,0.0179397036468171,0.0213275816235727,0.0391783742599517,0.203333272747345,0.0168413675285362,0.0286005683501835,0.0264560736872467,0.0536817540833372,0.0557544179763693,0.0181202407466373,0.030904511434508,0.0153093972847372,0.0237546636748096
"SPEECH_1034",NA,NA,NA,NA,NA,NA,NA,NA,NA,NA,NA,NA,NA,NA,NA,NA,NA,NA,NA,NA,NA,NA,NA,NA,NA,NA,NA,NA,NA,NA,NA,NA,NA,NA,NA,NA,NA,NA,NA,NA,NA,NA,NA,NA,NA,NA,NA,NA,NA,NA,NA,NA,NA,NA,NA,NA,NA,NA,NA,NA,0.0431646178381698,0.0342988449114214,0.0153004387805122,0.0278524058671027,0.0504759481173163,0.0326615687722125,0.037940449868329,0.0176520280352218,0.026286349839103,0.0210619671266964,0.0435142945929752,0.0449926899396159,0.0543276870717226,0.0510831027855036,0.0261930135945638,0.0421474030656801,0.0228807201247442,0.0180539036061997,0.0323151256347479,0.0326282291094176,0.0439278295016925,0.0323505943752442,0.0337841380649872,0.0182066962790597,0.0256440576414088,0.0634008510516271,0.0403488952985516,0.0217477155568775,0.0115578692992433,0.0342005642500528,0.0463394584540068,0.0344534876836514,0.0154413729793521,0.0340615157659393,0.0564281235995243,0.0430159090491768,0.0225936979792271,0.00582290363131146,0.0104995538448335,0.0115713237216181,0.0222810091131566,0.0342017385546823,0.013201295854577,0.0215197630659583,0.0281571540050545,0.0311449826766314,0.0927400031498334,0.0186659313852922,0.0180139056599136,0.043569730924731,0.163271264580063,0.0174801725032949,0.0349734446772727,0.0439848398435805,0.0400854073023241,0.00703063309991049,0.00971156852764041,0.0155621381541317,0.0271896203776488,0.0369880498356619
"SPEECH_1164",NA,NA,NA,NA,NA,NA,NA,NA,NA,NA,NA,NA,NA,NA,NA,NA,NA,NA,NA,NA,NA,NA,NA,NA,NA,NA,NA,NA,NA,NA,NA,NA,NA,NA,NA,NA,NA,NA,NA,NA,NA,NA,NA,NA,NA,NA,NA,NA,NA,NA,NA,NA,NA,NA,NA,NA,NA,NA,NA,NA,0.0379882703309667,0.064105820524879,0.00594152471455669,0.0397594421867641,0.0489616342283203,0.073148713662278,0.0276201240360091,0.0119218479528612,0.016494475361974,0.0233673180439952,0.0245560965338044,0.0266456425835389,0.00836726659420049,0.0275905412505064,0.00905419341128996,0.0796498930333272,0.0171372219343264,0.0148237512002914,0.0484149908294524,0.0101446597588132,0.15131713827296,0.0888659401673515,0.0195613233143911,0.0150375226914986,0.0206976104062305,0.0354388666045063,0.0219373984116216,0.0123823862735285,0.0110167080736461,0.00805167761211116,0.0489891148966685,0.0334091411186022,0.017064796206076,0.0556923310855796,0.0459737463659158,0.0503061310685947,0.033520274878745,0.0221651230291281,0.0203391778184556,0.01507590847894,0.0360775768942195,0.0260451516539281,0.0156448334654237,0.0315600888875276,0.0311923553595823,0.038409350827674,0.0244070839538393,0.0207286699540182,0.0339296452607383,0.0349412636655397,0.0309765313944863,0.0290828218702787,0.0184349061004171,0.0353484156436673,0.0291692429326984,0.0578490854689583,0.0309811805469089,0.0455701848244116,0.0281151677150568,0.0590006986339204
"SPEECH_985",NA,NA,NA,NA,NA,NA,NA,NA,NA,NA,NA,NA,NA,NA,NA,NA,NA,NA,NA,NA,NA,NA,NA,NA,NA,NA,NA,NA,NA,NA,NA,NA,NA,NA,NA,NA,NA,NA,NA,NA,NA,NA,NA,NA,NA,NA,NA,NA,NA,NA,NA,NA,NA,NA,NA,NA,NA,NA,NA,NA,0.0455279027619646,0.0527286965325629,0.0110733489692227,0.0627071643101182,0.043023743549447,0.0372838759392829,0.0240117301712069,0.0181286300947642,0.0224316503172432,0.0177500799900753,0.0416268974987915,0.0134574942080046,0.0141098252945697,0.0389908225775389,0.0125299035565438,0.0538656722867905,0.0396089083388591,0.0212310312552252,0.048601281983196,0.0227622989844957,0.0802012107137206,0.034297807815818,0.0325045706731242,0.0140610330420807,0.0282530598650534,0.0437476741514422,0.0170617057519136,0.0434579860289879,0.0182201937061094,0.0467437996318469,0.0314691453355572,0.031370235132091,0.0140233631025041,0.0307212670535289,0.0583879117942633,0.0539198536933247,0.0353726722152535,0.0162864970005611,0.0151378854685051,0.0113481437191838,0.0176304948237665,0.0333598141514764,0.0420131445238092,0.018235643130192,0.035576940021105,0.0489547680225609,0.0129411245264287,0.015293047556826,0.0225572252721309,0.0386476888195939,0.0633264088790679,0.0399828943204374,0.0207867448024838,0.0245486828333543,0.0218341512714629,0.0818949313309961,0.0153787286099923,0.0582380426267291,0.0369919001579593,0.0537706498048551
"SPEECH_1025",NA,NA,NA,NA,NA,NA,NA,NA,NA,NA,NA,NA,NA,NA,NA,NA,NA,NA,NA,NA,NA,NA,NA,NA,NA,NA,NA,NA,NA,NA,NA,NA,NA,NA,NA,NA,NA,NA,NA,NA,NA,NA,NA,NA,NA,NA,NA,NA,NA,NA,NA,NA,NA,NA,NA,NA,NA,NA,NA,NA,0.0271543893704805,0.0453965962642192,0.019300152385111,0.0506245836446056,0.0331647447489116,0.0365273947223123,0.0307083820010229,0.00940620404421358,0.027470627265207,0.0192915212733708,0.0247207502156284,0.0236745105013724,0.0154898374456467,0.0249742917128569,0.0230873946208392,0.0646067518375097,0.065577752262279,0.0188404903193023,0.0187604114806128,0.0327045340620148,0.013105862360963,0.0727923407888835,0.0178135804566759,0.0509055687351926,0.0851296126577372,0.0268100081398616,0.0231379566410711,0.0501102574959014,0.019910562182483,0.028802930363714,0.0384924769492814,0.0692103117509225,0.013098030271056,0.0944499612716943,0.0350114630184878,0.0375394319125032,0.0188922192915267,0.0108255433326208,0.0182536725439302,0.0123221920028024,0.0183452103708126,0.0147786151156734,0.0195432553702406,0.0245378528577799,0.0160117668941602,0.0478397862923122,0.012596033771433,0.0168888822857431,0.0140255968306532,0.0246495178271059,0.0921989704079798,0.0535553033434409,0.019335852557959,0.0305788521785656,0.0455031827884665,0.0913314702651086,0.0246597292826335,0.0247076033529767,0.0220271535834288,0.0387900622787013
"SPEECH_918",NA,NA,NA,NA,NA,NA,NA,NA,NA,NA,NA,NA,NA,NA,NA,NA,NA,NA,NA,NA,NA,NA,NA,NA,NA,NA,NA,NA,NA,NA,NA,NA,NA,NA,NA,NA,NA,NA,NA,NA,NA,NA,NA,NA,NA,NA,NA,NA,NA,NA,NA,NA,NA,NA,NA,NA,NA,NA,NA,NA,0.0496317247507462,0.0378527983942704,0.021973247673964,0.0519985917741924,0.0252914749359266,0.0456655792011013,0.0111210374303346,0.0226470504403164,0.0203466713764222,0.0111886585471502,0.0153797914603316,0.0377422360768742,0.0118372956119143,0.0274118047039255,0.0172197374438415,0.062546427751816,0.0194699527055261,0.0227113206826492,0.0206297636897557,0.0161380687590037,0.135999125548805,0.0500351791450589,0.0563748889558745,0.010640682879692,0.0373200529544475,0.0291291233967052,0.0462518405790209,0.0376902437621307,0.0330374377919606,0.0147181915762431,0.03306649695338,0.0447006212847346,0.0158596575435894,0.0673819904029246,0.0172111521457313,0.0475070897764364,0.0181886831061201,0.0167611675386566,0.0131800292317736,0.0168737552830018,0.0162860712975615,0.0405895603926406,0.0129722498919884,0.0435043203296292,0.0128680779158857,0.0329804729697252,0.0111039677107214,0.0286641402236216,0.013233488319508,0.0282487279997161,0.147455888696141,0.0415462066703343,0.0349763094615414,0.0189301589507343,0.0511888010281486,0.0687467043468822,0.0453813651499114,0.0194918993404959,0.020092266371131,0.0210086796673341
"SPEECH_1056",NA,NA,NA,NA,NA,NA,NA,NA,NA,NA,NA,NA,NA,NA,NA,NA,NA,NA,NA,NA,NA,NA,NA,NA,NA,NA,NA,NA,NA,NA,NA,NA,NA,NA,NA,NA,NA,NA,NA,NA,NA,NA,NA,NA,NA,NA,NA,NA,NA,NA,NA,NA,NA,NA,NA,NA,NA,NA,NA,NA,0.0835739456924068,0.049000288693524,0.0239208605032042,0.0240567061694626,0.0402658409853669,0.0543725047126387,0.024648488652255,0.0126009702989166,0.0165130528619954,0.0416364971813863,0.0999984743022578,0.0238852267127245,0.0108657908046342,0.0466483788586669,0.0151804092880253,0.0493285431086,0.0193074718390009,0.0222187168940408,0.0348802216333991,0.0139224145551435,0.0485230795905911,0.0330748278826476,0.0338214977485882,0.0217954729683064,0.0606264506963177,0.0150572344957834,0.0210887497698029,0.0176357418680635,0.0131270483473227,0.028425092884927,0.0191224617971341,0.0181123703519212,0.00898260129868088,0.0377225331780763,0.0617726524326137,0.0659134135770419,0.0233334674103101,0.0148758404116765,0.0919100105616339,0.0112806805998972,0.0128292030915432,0.0149821379649699,0.0255988757059589,0.0268163438971473,0.0409078549324168,0.0302210424505833,0.0167152284117553,0.0171838314014899,0.015420330606526,0.0539052391213824,0.0295829192797382,0.0263039054979724,0.0522142218638822,0.0626665051624877,0.0255618822798608,0.0736147941815312,0.0153564857247475,0.0495024306068888,0.0376584854330848,0.0199322507670476
"SPEECH_1185",NA,NA,NA,NA,NA,NA,NA,NA,NA,NA,NA,NA,NA,NA,NA,NA,NA,NA,NA,NA,NA,NA,NA,NA,NA,NA,NA,NA,NA,NA,NA,NA,NA,NA,NA,NA,NA,NA,NA,NA,NA,NA,NA,NA,NA,NA,NA,NA,NA,NA,NA,NA,NA,NA,NA,NA,NA,NA,NA,NA,0.0281204697081822,0.0852493599610629,0.00995933774735775,0.073630949488702,0.036240380529511,0.0343929573903343,0.0318702355595175,0.0119563609732747,0.0167869386174893,0.0146268729315983,0.0451434579145526,0.0149092403096486,0.013826556549956,0.0408665515134567,0.0145032183471939,0.0669257888108155,0.0618548467061985,0.01482575932932,0.0415262206232743,0.0264358536923381,0.033205678605208,0.0239957538600394,0.0218258081524483,0.0217706872352138,0.0847690585862857,0.0310952947904587,0.0389661553463837,0.0174961741844942,0.023475161940273,0.0197488705954111,0.0778714722099607,0.0702953934721944,0.032286977630866,0.0658538915862347,0.0231188666571452,0.0375393596494756,0.0146107492877844,0.0123612059429248,0.00852922024312779,0.0181087840041039,0.0253158302778089,0.0144885487624572,0.0106094304997168,0.0197478000467125,0.0158897947170511,0.0382045215617242,0.0471684074324463,0.0219466921895385,0.0600995673752001,0.0330960040214993,0.0137095359651636,0.0133052662590638,0.0258862750478831,0.0224567413728526,0.0167756260885087,0.0218783125445898,0.122309468029511,0.0343429335514278,0.0385133065744021,0.0436800169986251
"SPEECH_910",NA,NA,NA,NA,NA,NA,NA,NA,NA,NA,NA,NA,NA,NA,NA,NA,NA,NA,NA,NA,NA,NA,NA,NA,NA,NA,NA,NA,NA,NA,NA,NA,NA,NA,NA,NA,NA,NA,NA,NA,NA,NA,NA,NA,NA,NA,NA,NA,NA,NA,NA,NA,NA,NA,NA,NA,NA,NA,NA,NA,0.0210998947509549,0.0214043365429164,0.00964198230067293,0.0584546755085369,0.0271629682235277,0.0369154217353135,0.0382839999666299,0.00844610135374459,0.0183046445059879,0.01732969684483,0.128277687888186,0.0179479590196339,0.0175163642364267,0.055576780935751,0.0265266904142348,0.0594236657088847,0.0265581464241667,0.0140633479061401,0.0209499797279301,0.0157953221436837,0.0473393295095143,0.0102831869685802,0.0103713156988727,0.0152235232095322,0.0767587484375469,0.0777726608408462,0.0217480308162068,0.0540185265953722,0.0361036209811113,0.010701390804265,0.0145991122153178,0.0480766229549722,0.0310429181106166,0.0441359496703138,0.0608773024982735,0.0320127512624552,0.0198721768477991,0.0274404074174591,0.0290618621337147,0.01287301708309,0.02276591886146,0.0244856821811576,0.0296294523094173,0.0324707798831949,0.0531078362488194,0.0522829336892378,0.0129844334878103,0.0244239771730662,0.026976869346961,0.0304169146258747,0.0287957912706501,0.0260930300669481,0.0246289257278051,0.036110024360974,0.055839210061241,0.0544634683548658,0.0624519454982423,0.0336679737728004,0.0269048940359554,0.0215078188495066
"SPEECH_1100",NA,NA,NA,NA,NA,NA,NA,NA,NA,NA,NA,NA,NA,NA,NA,NA,NA,NA,NA,NA,NA,NA,NA,NA,NA,NA,NA,NA,NA,NA,NA,NA,NA,NA,NA,NA,NA,NA,NA,NA,NA,NA,NA,NA,NA,NA,NA,NA,NA,NA,NA,NA,NA,NA,NA,NA,NA,NA,NA,NA,0.0303281575955798,0.0297134056802177,0.00733597125146085,0.0548286735430974,0.0148908473953427,0.0641200511853464,0.0159181556532021,0.0147971825342393,0.0106352309196069,0.0117231671273494,0.0448984398785173,0.00783014488396972,0.0078406307155133,0.0646332923569443,0.00977290425655408,0.186482160376823,0.0422661724186944,0.0158028873641794,0.0607260889055417,0.0079486302231626,0.0328076020453116,0.0115581855325428,0.0315445373594683,0.0113359553691803,0.114349510460456,0.0105229449639168,0.0189716052654823,0.017464521550782,0.0414686755562959,0.00748426763122104,0.0183025305796509,0.0420275145002067,0.0137661624001044,0.0677455872552521,0.0504138912329906,0.0682524949438368,0.0241496723452174,0.0110559016909413,0.019763930828934,0.0146850158034298,0.0114954009276937,0.0355950672801176,0.0132474331640374,0.0754405978115552,0.057332963406266,0.0592502969383725,0.0255085217844909,0.0310377508459271,0.0130826324564277,0.0298577702906788,0.0643473494806757,0.0288750161186711,0.0134613113469667,0.041890726447109,0.0535272054193397,0.0104300650891195,0.0231690734214026,0.0437504573494614,0.025952166363657,0.0125854924774661
"SPEECH_976",NA,NA,NA,NA,NA,NA,NA,NA,NA,NA,NA,NA,NA,NA,NA,NA,NA,NA,NA,NA,NA,NA,NA,NA,NA,NA,NA,NA,NA,NA,NA,NA,NA,NA,NA,NA,NA,NA,NA,NA,NA,NA,NA,NA,NA,NA,NA,NA,NA,NA,NA,NA,NA,NA,NA,NA,NA,NA,NA,NA,0.0183025305796509,0.0420275145002067,0.0137661624001044,0.0677455872552521,0.0504138912329906,0.0682524949438368,0.0241496723452174,0.0110559016909413,0.019763930828934,0.0146850158034298,0.0114954009276937,0.0355950672801176,0.0132474331640374,0.0754405978115552,0.057332963406266,0.0592502969383725,0.0255085217844909,0.0310377508459271,0.0130826324564277,0.0298577702906788,0.0643473494806757,0.0288750161186711,0.0134613113469667,0.041890726447109,0.0535272054193397,0.0104300650891195,0.0231690734214026,0.0437504573494614,0.025952166363657,0.0125854924774661,0.0102601926325303,0.0267471737744628,0.0198622400522488,0.063192914407228,0.089164913799308,0.0333991470608981,0.0302982872626564,0.0157696178313355,0.0325709921356601,0.0155604513486306,0.0162607295897654,0.0400234707621451,0.0305049983927184,0.0467548767175759,0.033236010137119,0.0255370546441851,0.00916098143864945,0.0102835083478876,0.0271427183345899,0.0471399408840282,0.0211356769001635,0.04017472691675,0.0157915815302558,0.030541708990428,0.0305598477678596,0.0834235606324352,0.0300208163331698,0.0566740308098815,0.0351411580907164,0.0336666724747177
"SPEECH_1280",NA,NA,NA,NA,NA,NA,NA,NA,NA,NA,NA,NA,NA,NA,NA,NA,NA,NA,NA,NA,NA,NA,NA,NA,NA,NA,NA,NA,NA,NA,NA,NA,NA,NA,NA,NA,NA,NA,NA,NA,NA,NA,NA,NA,NA,NA,NA,NA,NA,NA,NA,NA,NA,NA,NA,NA,NA,NA,NA,NA,0.0183025305796509,0.0420275145002067,0.0137661624001044,0.0677455872552521,0.0504138912329906,0.0682524949438368,0.0241496723452174,0.0110559016909413,0.019763930828934,0.0146850158034298,0.0114954009276937,0.0355950672801176,0.0132474331640374,0.0754405978115552,0.057332963406266,0.0592502969383725,0.0255085217844909,0.0310377508459271,0.0130826324564277,0.0298577702906788,0.0643473494806757,0.0288750161186711,0.0134613113469667,0.041890726447109,0.0535272054193397,0.0104300650891195,0.0231690734214026,0.0437504573494614,0.025952166363657,0.0125854924774661,0.0102601926325303,0.0267471737744628,0.0198622400522488,0.063192914407228,0.089164913799308,0.0333991470608981,0.0302982872626564,0.0157696178313355,0.0325709921356601,0.0155604513486306,0.0162607295897654,0.0400234707621451,0.0305049983927184,0.0467548767175759,0.033236010137119,0.0255370546441851,0.00916098143864945,0.0102835083478876,0.0271427183345899,0.0471399408840282,0.0211356769001635,0.04017472691675,0.0157915815302558,0.030541708990428,0.0305598477678596,0.0834235606324352,0.0300208163331698,0.0566740308098815,0.0351411580907164,0.0336666724747177
"SPEECH_1161",NA,NA,NA,NA,NA,NA,NA,NA,NA,NA,NA,NA,NA,NA,NA,NA,NA,NA,NA,NA,NA,NA,NA,NA,NA,NA,NA,NA,NA,NA,NA,NA,NA,NA,NA,NA,NA,NA,NA,NA,NA,NA,NA,NA,NA,NA,NA,NA,NA,NA,NA,NA,NA,NA,NA,NA,NA,NA,NA,NA,0.0102601926325303,0.0267471737744628,0.0198622400522488,0.063192914407228,0.089164913799308,0.0333991470608981,0.0302982872626564,0.0157696178313355,0.0325709921356601,0.0155604513486306,0.0162607295897654,0.0400234707621451,0.0305049983927184,0.0467548767175759,0.033236010137119,0.0255370546441851,0.00916098143864945,0.0102835083478876,0.0271427183345899,0.0471399408840282,0.0211356769001635,0.04017472691675,0.0157915815302558,0.030541708990428,0.0305598477678596,0.0834235606324352,0.0300208163331698,0.0566740308098815,0.0351411580907164,0.0336666724747177,0.0451343959330844,0.0338797429336806,0.0079085936219524,0.0206786146860289,0.0395111353632637,0.0624550497697889,0.0164062214721023,0.00673502206870993,0.0156711375085698,0.0097990858981369,0.0244909490597013,0.00478794225525891,0.0128176757424922,0.027093305724379,0.0207534344968528,0.138246180861585,0.0306234810222072,0.00754076053586664,0.0180896210301705,0.021584284854356,0.0406881256988261,0.0566194168123282,0.0400755802776178,0.0128049398116148,0.0339377159315039,0.0848673714018601,0.0246698340917747,0.0709394443558924,0.026240303247192,0.0449506335332025
"SPEECH_1193",NA,NA,NA,NA,NA,NA,NA,NA,NA,NA,NA,NA,NA,NA,NA,NA,NA,NA,NA,NA,NA,NA,NA,NA,NA,NA,NA,NA,NA,NA,NA,NA,NA,NA,NA,NA,NA,NA,NA,NA,NA,NA,NA,NA,NA,NA,NA,NA,NA,NA,NA,NA,NA,NA,NA,NA,NA,NA,NA,NA,0.0162519233254622,0.040810104164723,0.0159992307188664,0.0356824543725425,0.0563627572575646,0.0661163504752079,0.0170971603759079,0.0166108080428335,0.019729227874088,0.0126429984792335,0.0184012584754982,0.0442863904086449,0.0172484992906105,0.0310911215347057,0.0733485329535273,0.0093782576798667,0.015686870165542,0.0176139588423998,0.00945833586683227,0.0192900854420432,0.0286631564388947,0.0212441562504789,0.00899152556622696,0.0477607342216286,0.114563691849381,0.102375458636885,0.051651753015472,0.0428261120323924,0.0179737088244618,0.0108433774180788,0.051840249775123,0.0254789789803231,0.0142728054050471,0.036678930063425,0.0375006222713705,0.0287077992909034,0.0119394217640903,0.0196671103963831,0.0431274116094191,0.00912018678485047,0.00931411615368481,0.0170146406664022,0.0135675987357546,0.0300041585838789,0.0562834748792642,0.0376797642181459,0.0357013940133227,0.0174019141477077,0.020142463506544,0.0174831094337933,0.0384493435214238,0.0972823442639918,0.0255262334679737,0.0242978499777896,0.0228555962008305,0.0247417264306429,0.0709899640829231,0.126423533853048,0.0276025404476801,0.00890471707426295
"SPEECH_1026",NA,NA,NA,NA,NA,NA,NA,NA,NA,NA,NA,NA,NA,NA,NA,NA,NA,NA,NA,NA,NA,NA,NA,NA,NA,NA,NA,NA,NA,NA,NA,NA,NA,NA,NA,NA,NA,NA,NA,NA,NA,NA,NA,NA,NA,NA,NA,NA,NA,NA,NA,NA,NA,NA,NA,NA,NA,NA,NA,NA,0.0326782886154476,0.0513729075145432,0.0102954456613274,0.0397790019872973,0.0266465650591099,0.034375613305302,0.0290125334971456,0.015741943086608,0.022059996877394,0.0274478901074394,0.0549168891435437,0.0199535105739664,0.018779573447105,0.0420085822638527,0.0261979218397902,0.0940955873602904,0.0435950671353098,0.026537923701406,0.0357794599776684,0.0226108590818697,0.0105839991537743,0.0746809267104106,0.0115970648566629,0.0353861880310632,0.0338414544412588,0.0274673679562716,0.0302500316274715,0.0475243214772178,0.0309671450423611,0.0238159404670915,0.0270842278895351,0.0558538439405214,0.0163103773201196,0.0332018050255113,0.0200511600619821,0.0427880464285861,0.0235378855948435,0.0254828653392423,0.0275929088247103,0.0135422050669948,0.0638436504997698,0.0190350790719568,0.0124942935967739,0.0298984387986257,0.0398291713066973,0.0780197945957367,0.0347522374039344,0.0398437593567087,0.0105631918010859,0.0189000389011926,0.0101392550272699,0.0533170625554886,0.0352846553056857,0.0199852991967499,0.0190508820237281,0.0679582675596602,0.0114234821726946,0.0887454256911986,0.0299295626396404,0.0315411270033555
"SPEECH_980",NA,NA,NA,NA,NA,NA,NA,NA,NA,NA,NA,NA,NA,NA,NA,NA,NA,NA,NA,NA,NA,NA,NA,NA,NA,NA,NA,NA,NA,NA,NA,NA,NA,NA,NA,NA,NA,NA,NA,NA,NA,NA,NA,NA,NA,NA,NA,NA,NA,NA,NA,NA,NA,NA,NA,NA,NA,NA,NA,NA,0.00478927203065134,0.0651340996168582,0.00478927203065134,0.00766283524904215,0.00478927203065134,0.0421455938697318,0.010536398467433,0.0277777777777778,0.00478927203065134,0.0134099616858238,0.0277777777777778,0.0220306513409962,0.024904214559387,0.0708812260536398,0.00478927203065134,0.363984674329502,0.0708812260536398,0.0421455938697318,0.010536398467433,0.0162835249042146,0.00766283524904215,0.00766283524904215,0.00478927203065134,0.00478927203065134,0.0134099616858238,0.0134099616858238,0.00766283524904215,0.0220306513409962,0.0622605363984674,0.0162835249042146,0.0435369542845784,0.0224208160844643,0.00605749763554125,0.102915666686378,0.0266461375936703,0.0553644750075081,0.0382950060749297,0.0158492193339348,0.0148091762664729,0.0174532573050479,0.0854015223493496,0.0321918563529199,0.00994016389189017,0.0429112485115702,0.0491023120918695,0.0758829191459375,0.0400254943959942,0.022953774564988,0.00930317378660984,0.0230514246223943,0.0226173912524125,0.0210442610918407,0.0135767551621662,0.0143541090102701,0.0439620827287759,0.00874523767528406,0.0260722079721315,0.021001361884735,0.0857171233030249,0.00879737393331074
"SPEECH_875",NA,NA,NA,NA,NA,NA,NA,NA,NA,NA,NA,NA,NA,NA,NA,NA,NA,NA,NA,NA,NA,NA,NA,NA,NA,NA,NA,NA,NA,NA,NA,NA,NA,NA,NA,NA,NA,NA,NA,NA,NA,NA,NA,NA,NA,NA,NA,NA,NA,NA,NA,NA,NA,NA,NA,NA,NA,NA,NA,NA,0.0357996643364388,0.0194668188388339,0.0122300121741334,0.0159159487179366,0.0224383159504275,0.0452777287009564,0.0191948978479783,0.0114107305175958,0.0152671877263337,0.152706952696583,0.0416553999086487,0.0257569028578545,0.0105996965206941,0.0266397720758853,0.0211867791328481,0.0650034433987765,0.0462494028054662,0.0172728574062872,0.0335263011352509,0.0142128783834924,0.0472071027204845,0.033578067944349,0.063246454961236,0.0269574481889325,0.0381397431669376,0.0145665697528592,0.0148173584062114,0.0398053609596688,0.0566518068230281,0.0132183959438717,0.0984464796631726,0.0404739355348228,0.0128450806278878,0.0234077505101956,0.0371094347330515,0.0373653547338162,0.0615445099976173,0.0109615606320372,0.0267141546773843,0.0138123689868741,0.0971114880836264,0.0336830772342781,0.0109845798217544,0.0452984903480296,0.0197420249222005,0.051521387229221,0.0379706730581992,0.0207762554937526,0.0660979303307855,0.0102678648496029,0.0158984346678764,0.0196895729876829,0.0139961372951526,0.0204987459508897,0.04257340286757,0.0118193080114871,0.0107675303537605,0.0562023169246964,0.0241045462537717,0.0283156032188031
"SPEECH_1059",NA,NA,NA,NA,NA,NA,NA,NA,NA,NA,NA,NA,NA,NA,NA,NA,NA,NA,NA,NA,NA,NA,NA,NA,NA,NA,NA,NA,NA,NA,NA,NA,NA,NA,NA,NA,NA,NA,NA,NA,NA,NA,NA,NA,NA,NA,NA,NA,NA,NA,NA,NA,NA,NA,NA,NA,NA,NA,NA,NA,0.0357996643364388,0.0194668188388339,0.0122300121741334,0.0159159487179366,0.0224383159504275,0.0452777287009564,0.0191948978479783,0.0114107305175958,0.0152671877263337,0.152706952696583,0.0416553999086487,0.0257569028578545,0.0105996965206941,0.0266397720758853,0.0211867791328481,0.0650034433987765,0.0462494028054662,0.0172728574062872,0.0335263011352509,0.0142128783834924,0.0472071027204845,0.033578067944349,0.063246454961236,0.0269574481889325,0.0381397431669376,0.0145665697528592,0.0148173584062114,0.0398053609596688,0.0566518068230281,0.0132183959438717,0.0984464796631726,0.0404739355348228,0.0128450806278878,0.0234077505101956,0.0371094347330515,0.0373653547338162,0.0615445099976173,0.0109615606320372,0.0267141546773843,0.0138123689868741,0.0971114880836264,0.0336830772342781,0.0109845798217544,0.0452984903480296,0.0197420249222005,0.051521387229221,0.0379706730581992,0.0207762554937526,0.0660979303307855,0.0102678648496029,0.0158984346678764,0.0196895729876829,0.0139961372951526,0.0204987459508897,0.04257340286757,0.0118193080114871,0.0107675303537605,0.0562023169246964,0.0241045462537717,0.0283156032188031
"SPEECH_1153",NA,NA,NA,NA,NA,NA,NA,NA,NA,NA,NA,NA,NA,NA,NA,NA,NA,NA,NA,NA,NA,NA,NA,NA,NA,NA,NA,NA,NA,NA,NA,NA,NA,NA,NA,NA,NA,NA,NA,NA,NA,NA,NA,NA,NA,NA,NA,NA,NA,NA,NA,NA,NA,NA,NA,NA,NA,NA,NA,NA,0.0161591858685507,0.0283197555363452,0.00730771258481282,0.0275735856119108,0.0505655997034192,0.0673212636696076,0.0345088047456713,0.0144546292415308,0.0196295980235573,0.0104967792054311,0.0221842090741208,0.0221698469931375,0.038145718019756,0.0967331601763848,0.0254722466920572,0.077324107341226,0.0192092522284929,0.0180614328158512,0.0125750566577804,0.0199255094551762,0.0528089797655733,0.0105144760946068,0.0166870090006021,0.0206654487233687,0.0251742060335198,0.098325368784692,0.0194146302295419,0.0813894705055483,0.0318501132801689,0.0150328439375584,0.0686588816861518,0.030803893687666,0.0272058730885027,0.04181061020619,0.0443788448015013,0.0443306639294715,0.0207391056917525,0.0195515301321688,0.0210446252426903,0.0200006621887512,0.035845882475683,0.0334771383959044,0.0233478674931903,0.0350121607319058,0.0274298806226323,0.044002801684962,0.0231909220537648,0.0244437237247671,0.0115047919581006,0.0393592014227596,0.0598843750814358,0.0422867903615453,0.0117039034113107,0.0233074622532966,0.0292244106401851,0.0516099442816493,0.0702840940342445,0.0316892806376963,0.00941048383494845,0.034460194245172
"SPEECH_1125",NA,NA,NA,NA,NA,NA,NA,NA,NA,NA,NA,NA,NA,NA,NA,NA,NA,NA,NA,NA,NA,NA,NA,NA,NA,NA,NA,NA,NA,NA,NA,NA,NA,NA,NA,NA,NA,NA,NA,NA,NA,NA,NA,NA,NA,NA,NA,NA,NA,NA,NA,NA,NA,NA,NA,NA,NA,NA,NA,NA,0.0326578810517525,0.0365299446216679,0.0137458070508961,0.0527776128426803,0.065979664510365,0.0275875876030793,0.0179517125496715,0.0209027586956476,0.0138270078401205,0.0149217689939235,0.0989293824638376,0.0486661813402146,0.0493323512564256,0.0417618292330739,0.0319354228421275,0.052187765966655,0.0183117655151471,0.0196298865198544,0.0143391252847235,0.0151783652674814,0.0265169867401885,0.0463850203973923,0.0116584071955029,0.0382908775059757,0.0127724673598983,0.0500465943834982,0.0325677770156485,0.0517079304327024,0.026565851496776,0.0163342660230724,0.0164958932338055,0.0451075147949154,0.0197061369919808,0.0347504821498046,0.0477817697333713,0.103082830768585,0.0421484699544985,0.0206632138731972,0.0190699772515749,0.0138694224324962,0.0296933155072291,0.0577805268914059,0.0236777819303165,0.046469943156772,0.0211396927795391,0.0527912644774129,0.0231949134820773,0.0195823858832281,0.0133101102019021,0.0137844716162568,0.0488107799043972,0.0275757967102341,0.0498883362605094,0.0283388557484244,0.0287621160711159,0.0426084414889463,0.0373617537011306,0.0175162769435891,0.0142277886440793,0.0408097374172044
"SPEECH_996",NA,NA,NA,NA,NA,NA,NA,NA,NA,NA,NA,NA,NA,NA,NA,NA,NA,NA,NA,NA,NA,NA,NA,NA,NA,NA,NA,NA,NA,NA,NA,NA,NA,NA,NA,NA,NA,NA,NA,NA,NA,NA,NA,NA,NA,NA,NA,NA,NA,NA,NA,NA,NA,NA,NA,NA,NA,NA,NA,NA,0.0686588816861518,0.030803893687666,0.0272058730885027,0.04181061020619,0.0443788448015013,0.0443306639294715,0.0207391056917525,0.0195515301321688,0.0210446252426903,0.0200006621887512,0.035845882475683,0.0334771383959044,0.0233478674931903,0.0350121607319058,0.0274298806226323,0.044002801684962,0.0231909220537648,0.0244437237247671,0.0115047919581006,0.0393592014227596,0.0598843750814358,0.0422867903615453,0.0117039034113107,0.0233074622532966,0.0292244106401851,0.0516099442816493,0.0702840940342445,0.0316892806376963,0.00941048383494845,0.034460194245172,0.0216475394059326,0.053828786603612,0.0194962350156917,0.0171276403389517,0.0487160780724705,0.020821336282478,0.0365034706742189,0.0220662341577483,0.0235992657764954,0.019332241875714,0.0526141524656273,0.016873883310297,0.0090823190118526,0.0514630870234551,0.0179044527557617,0.0379822345045368,0.0375840094843815,0.0177684168129066,0.0236145150331749,0.0260761607262336,0.0377493102201928,0.0203896148045975,0.0170458703331323,0.0174216895992253,0.0463650644922069,0.0449008383980863,0.0673401522011552,0.063725996399723,0.0185208487673509,0.0924385554527898
"SPEECH_1183",NA,NA,NA,NA,NA,NA,NA,NA,NA,NA,NA,NA,NA,NA,NA,NA,NA,NA,NA,NA,NA,NA,NA,NA,NA,NA,NA,NA,NA,NA,NA,NA,NA,NA,NA,NA,NA,NA,NA,NA,NA,NA,NA,NA,NA,NA,NA,NA,NA,NA,NA,NA,NA,NA,NA,NA,NA,NA,NA,NA,0.0137159772974236,0.0258257277643114,0.0130683674007388,0.016547155424849,0.0397052067927441,0.0125017275356564,0.032966694933117,0.0250584044856075,0.0337692223119208,0.0159513953989362,0.0371586884244215,0.0404361517972458,0.0361624137983204,0.0674025033232016,0.0276318118680556,0.0949546358105589,0.0274769874220916,0.0159552197071026,0.025978759830685,0.0211153178502171,0.0489856168863447,0.0285109906836502,0.0220922582698397,0.0294227135520727,0.0296472388766089,0.0819850078907664,0.0590619714771792,0.0326052380397334,0.0223482108527561,0.0219583842938438,0.0228528680411376,0.0440137574032641,0.0219967896852416,0.0169566792433876,0.0531746146208923,0.0436766430086795,0.0174872554302995,0.0289231321103129,0.0220053848309513,0.0176000372120627,0.0200268475738262,0.0256906663710379,0.0134183123581914,0.0339557045565518,0.024812126760181,0.0502979203244919,0.0175616611507758,0.0226022649043716,0.014673249106185,0.0189071883768592,0.0584720454199528,0.0227680731515419,0.0370880230149564,0.0191938178856301,0.0434702872215605,0.0556396554719613,0.101746194379534,0.0469741797884423,0.026365513695229,0.0576491069024906
"SPEECH_1037",NA,NA,NA,NA,NA,NA,NA,NA,NA,NA,NA,NA,NA,NA,NA,NA,NA,NA,NA,NA,NA,NA,NA,NA,NA,NA,NA,NA,NA,NA,NA,NA,NA,NA,NA,NA,NA,NA,NA,NA,NA,NA,NA,NA,NA,NA,NA,NA,NA,NA,NA,NA,NA,NA,NA,NA,NA,NA,NA,NA,0.0217191814213481,0.0294257190053258,0.0076001109743774,0.0169940664899566,0.0363782882171783,0.0413612335888762,0.0477773389117643,0.018822529074707,0.033566568720026,0.175478641670143,0.0152562110868424,0.0186496916506532,0.0186887701968725,0.0298512377140961,0.0269054134968204,0.0202593906810911,0.0348263595408786,0.00852806693520185,0.0239075648513386,0.0385268822936017,0.0294825133985879,0.0224309138913875,0.0233763513287217,0.0219654456175514,0.030102027243824,0.0158682766132204,0.0411370993346888,0.0718690121943497,0.0215083990582,0.0577366947983693,0.0263384840647549,0.0210869225887144,0.0125109352223028,0.0193470130038393,0.0493772982017274,0.0338796451567927,0.0505833046818773,0.010922960156307,0.0478904102239748,0.0231085305764627,0.0647527691051616,0.0143429610212593,0.0320807220781479,0.0385511135961208,0.0450987644253256,0.0243961237789282,0.0336539213485093,0.017966821231626,0.0199483017082048,0.021208359729812,0.0338748955392931,0.0344370728080925,0.0244334288487447,0.019930897995413,0.0571792533662917,0.0732324527010851,0.0246326243507873,0.0429869086015049,0.0600940455499827,0.0221530583389562
"SPEECH_1130",NA,NA,NA,NA,NA,NA,NA,NA,NA,NA,NA,NA,NA,NA,NA,NA,NA,NA,NA,NA,NA,NA,NA,NA,NA,NA,NA,NA,NA,NA,NA,NA,NA,NA,NA,NA,NA,NA,NA,NA,NA,NA,NA,NA,NA,NA,NA,NA,NA,NA,NA,NA,NA,NA,NA,NA,NA,NA,NA,NA,0.0217191814213481,0.0294257190053258,0.0076001109743774,0.0169940664899566,0.0363782882171783,0.0413612335888762,0.0477773389117643,0.018822529074707,0.033566568720026,0.175478641670143,0.0152562110868424,0.0186496916506532,0.0186887701968725,0.0298512377140961,0.0269054134968204,0.0202593906810911,0.0348263595408786,0.00852806693520185,0.0239075648513386,0.0385268822936017,0.0294825133985879,0.0224309138913875,0.0233763513287217,0.0219654456175514,0.030102027243824,0.0158682766132204,0.0411370993346888,0.0718690121943497,0.0215083990582,0.0577366947983693,0.0263384840647549,0.0210869225887144,0.0125109352223028,0.0193470130038393,0.0493772982017274,0.0338796451567927,0.0505833046818773,0.010922960156307,0.0478904102239748,0.0231085305764627,0.0647527691051616,0.0143429610212593,0.0320807220781479,0.0385511135961208,0.0450987644253256,0.0243961237789282,0.0336539213485093,0.017966821231626,0.0199483017082048,0.021208359729812,0.0338748955392931,0.0344370728080925,0.0244334288487447,0.019930897995413,0.0571792533662917,0.0732324527010851,0.0246326243507873,0.0429869086015049,0.0600940455499827,0.0221530583389562
"SPEECH_1189",NA,NA,NA,NA,NA,NA,NA,NA,NA,NA,NA,NA,NA,NA,NA,NA,NA,NA,NA,NA,NA,NA,NA,NA,NA,NA,NA,NA,NA,NA,NA,NA,NA,NA,NA,NA,NA,NA,NA,NA,NA,NA,NA,NA,NA,NA,NA,NA,NA,NA,NA,NA,NA,NA,NA,NA,NA,NA,NA,NA,0.0263384840647549,0.0210869225887144,0.0125109352223028,0.0193470130038393,0.0493772982017274,0.0338796451567927,0.0505833046818773,0.010922960156307,0.0478904102239748,0.0231085305764627,0.0647527691051616,0.0143429610212593,0.0320807220781479,0.0385511135961208,0.0450987644253256,0.0243961237789282,0.0336539213485093,0.017966821231626,0.0199483017082048,0.021208359729812,0.0338748955392931,0.0344370728080925,0.0244334288487447,0.019930897995413,0.0571792533662917,0.0732324527010851,0.0246326243507873,0.0429869086015049,0.0600940455499827,0.0221530583389562,0.0421700917720126,0.0346678597927415,0.0118963609909745,0.026447578172835,0.0883426425561522,0.032641102758063,0.0378064850612027,0.0129146089433037,0.045738893284925,0.019965569878406,0.0569365870119466,0.0107787903340957,0.0188225389680388,0.0510587891510593,0.0209638243677613,0.0315048429963929,0.0145261535538406,0.0113231230118395,0.0195377323429775,0.0235090563401594,0.0138606059729425,0.0431830888774778,0.0627043657147233,0.0338932092132518,0.035642679872249,0.0641999014138576,0.014971347597567,0.0657063341362595,0.0154033624386795,0.0388824734742641
"SPEECH_837",NA,NA,NA,NA,NA,NA,NA,NA,NA,NA,NA,NA,NA,NA,NA,NA,NA,NA,NA,NA,NA,NA,NA,NA,NA,NA,NA,NA,NA,NA,NA,NA,NA,NA,NA,NA,NA,NA,NA,NA,NA,NA,NA,NA,NA,NA,NA,NA,NA,NA,NA,NA,NA,NA,NA,NA,NA,NA,NA,NA,0.0150983584390734,0.0331889273635357,0.0309199851744288,0.0693471962041027,0.0500956083744326,0.0487156903869632,0.0268095105875628,0.0185377043991187,0.0246340224087042,0.00864608113892012,0.0172620612116928,0.0081521323115689,0.0205976379573302,0.0388154953657403,0.0263799068786591,0.0251858863063813,0.0200297851737921,0.0240844704761693,0.080173769248347,0.0530229362832443,0.0138977579169565,0.0140917130855909,0.0140714586454746,0.01846180944561,0.0262327204412278,0.0797822808543907,0.090804688580378,0.0306410321774631,0.038065781573117,0.0342535915900239,0.0624090949527608,0.0337521214511822,0.0126088773859528,0.0135409573494273,0.0226725824290067,0.105700553108613,0.035446623699386,0.0149294708438066,0.038811491392789,0.0110254011395008,0.0201280479668092,0.0419775138967257,0.0221726389717221,0.0582229719621041,0.02966565580337,0.0580085994686729,0.0306741529482907,0.027375863654109,0.0297726835817887,0.0114257330032393,0.0337142646500688,0.0144281825354731,0.0203183776470607,0.0309483944895226,0.0384788471643402,0.0671348499725565,0.0209378765371859,0.0371021873424616,0.0421148057352232,0.0145011789168503
"SPEECH_984",NA,NA,NA,NA,NA,NA,NA,NA,NA,NA,NA,NA,NA,NA,NA,NA,NA,NA,NA,NA,NA,NA,NA,NA,NA,NA,NA,NA,NA,NA,NA,NA,NA,NA,NA,NA,NA,NA,NA,NA,NA,NA,NA,NA,NA,NA,NA,NA,NA,NA,NA,NA,NA,NA,NA,NA,NA,NA,NA,NA,0.0125786163522013,0.0590227382680213,0.00677310111272375,0.0749879051765844,0.0358006773101113,0.003870343492985,0.00822447992259313,0.00241896468311563,0.0169327527818094,0.00241896468311563,0.0328979196903725,0.003870343492985,0.0241896468311563,0.003870343492985,0.00967585873246251,0.027092404450895,0.0662796323173682,0.0183841315916788,0.0575713594581519,0.0169327527818094,0.027092404450895,0.0111272375423319,0.00241896468311563,0.0633768746976294,0.223028543783261,0.00677310111272375,0.00822447992259313,0.027092404450895,0.119980648282535,0.027092404450895,0.0258360907650603,0.0438096243304724,0.0176195221219037,0.032833422681313,0.0517030249835946,0.0461937712295996,0.0311426798273088,0.0301204742609028,0.0217696962308402,0.0132559613060722,0.012232829249564,0.039426987466227,0.03829703056403,0.0383223664335269,0.0281548577324572,0.0336276449059364,0.0234939036894336,0.0263327612187173,0.0139342864814709,0.0355950770824672,0.0413923956037166,0.058163595553063,0.0517911658840619,0.0380729981657534,0.0376895656414435,0.0419851080269875,0.0497961750547432,0.0276511751002902,0.0310160774939482,0.0187397309150942
"SPEECH_839",NA,NA,NA,NA,NA,NA,NA,NA,NA,NA,NA,NA,NA,NA,NA,NA,NA,NA,NA,NA,NA,NA,NA,NA,NA,NA,NA,NA,NA,NA,NA,NA,NA,NA,NA,NA,NA,NA,NA,NA,NA,NA,NA,NA,NA,NA,NA,NA,NA,NA,NA,NA,NA,NA,NA,NA,NA,NA,NA,NA,0.0360506882911513,0.0175477809660702,0.020047109128668,0.0865455377323265,0.0785411315850449,0.0360936360636612,0.0121654031198486,0.0178031038910222,0.0156131096707351,0.0149308563618865,0.021382300210111,0.0377350406328408,0.0373495093474043,0.031421961354055,0.0213824655862954,0.0204999871687132,0.0192287465119533,0.0146580042530515,0.0510338300222007,0.0303791066756726,0.0469550046047226,0.0301945373288849,0.0213043113687995,0.0686500305024707,0.043895721081885,0.0390691060545672,0.0365921232800087,0.0182346522349432,0.0456925454495918,0.0290026595214142,0.0258229315190614,0.051469099901263,0.0192368581577035,0.0419050464322853,0.0464485216482452,0.0514708115914817,0.0544969568919349,0.019965035373905,0.0247586849444364,0.0119926098940604,0.0206777724491857,0.0245051967912267,0.0128022105194584,0.0362801584121371,0.0384942495087842,0.0342749853640775,0.046774036885996,0.0166400699842832,0.0123568452519613,0.0331451407766499,0.0312798470324957,0.0190499655979727,0.0249794437050955,0.0168930604547365,0.0290321508379677,0.045846404354636,0.0912265777528034,0.0437046512398501,0.0346909905147291,0.0397796862115765
"SPEECH_921",NA,NA,NA,NA,NA,NA,NA,NA,NA,NA,NA,NA,NA,NA,NA,NA,NA,NA,NA,NA,NA,NA,NA,NA,NA,NA,NA,NA,NA,NA,NA,NA,NA,NA,NA,NA,NA,NA,NA,NA,NA,NA,NA,NA,NA,NA,NA,NA,NA,NA,NA,NA,NA,NA,NA,NA,NA,NA,NA,NA,0.0360506882911513,0.0175477809660702,0.020047109128668,0.0865455377323265,0.0785411315850449,0.0360936360636612,0.0121654031198486,0.0178031038910222,0.0156131096707351,0.0149308563618865,0.021382300210111,0.0377350406328408,0.0373495093474043,0.031421961354055,0.0213824655862954,0.0204999871687132,0.0192287465119533,0.0146580042530515,0.0510338300222007,0.0303791066756726,0.0469550046047226,0.0301945373288849,0.0213043113687995,0.0686500305024707,0.043895721081885,0.0390691060545672,0.0365921232800087,0.0182346522349432,0.0456925454495918,0.0290026595214142,0.0258229315190614,0.051469099901263,0.0192368581577035,0.0419050464322853,0.0464485216482452,0.0514708115914817,0.0544969568919349,0.019965035373905,0.0247586849444364,0.0119926098940604,0.0206777724491857,0.0245051967912267,0.0128022105194584,0.0362801584121371,0.0384942495087842,0.0342749853640775,0.046774036885996,0.0166400699842832,0.0123568452519613,0.0331451407766499,0.0312798470324957,0.0190499655979727,0.0249794437050955,0.0168930604547365,0.0290321508379677,0.045846404354636,0.0912265777528034,0.0437046512398501,0.0346909905147291,0.0397796862115765
"SPEECH_1156",NA,NA,NA,NA,NA,NA,NA,NA,NA,NA,NA,NA,NA,NA,NA,NA,NA,NA,NA,NA,NA,NA,NA,NA,NA,NA,NA,NA,NA,NA,NA,NA,NA,NA,NA,NA,NA,NA,NA,NA,NA,NA,NA,NA,NA,NA,NA,NA,NA,NA,NA,NA,NA,NA,NA,NA,NA,NA,NA,NA,0.0258360907650603,0.0438096243304724,0.0176195221219037,0.032833422681313,0.0517030249835946,0.0461937712295996,0.0311426798273088,0.0301204742609028,0.0217696962308402,0.0132559613060722,0.012232829249564,0.039426987466227,0.03829703056403,0.0383223664335269,0.0281548577324572,0.0336276449059364,0.0234939036894336,0.0263327612187173,0.0139342864814709,0.0355950770824672,0.0413923956037166,0.058163595553063,0.0517911658840619,0.0380729981657534,0.0376895656414435,0.0419851080269875,0.0497961750547432,0.0276511751002902,0.0310160774939482,0.0187397309150942,0.0195788794179045,0.0334477659776425,0.0172073163235679,0.0561930158608441,0.0491856450389337,0.0356186775286359,0.0305026248289871,0.0160927734129107,0.0150701098187744,0.0222207325972409,0.018815626561444,0.0345806043579811,0.0150302181628377,0.0394107951860463,0.033593572044413,0.0296821933734789,0.02309590012902,0.0201406828662024,0.0143309344862019,0.0352693097107337,0.0895477063083553,0.0245622141445829,0.0212518902046436,0.0217921926656597,0.0639911347751243,0.0392240125791498,0.0674714108322184,0.0455100568415235,0.0407270146826223,0.0268549892823194
"SPEECH_1167",NA,NA,NA,NA,NA,NA,NA,NA,NA,NA,NA,NA,NA,NA,NA,NA,NA,NA,NA,NA,NA,NA,NA,NA,NA,NA,NA,NA,NA,NA,NA,NA,NA,NA,NA,NA,NA,NA,NA,NA,NA,NA,NA,NA,NA,NA,NA,NA,NA,NA,NA,NA,NA,NA,NA,NA,NA,NA,NA,NA,0.0397914811744599,0.0500343352471012,0.0115927768055428,0.0421693633395761,0.0374412309518692,0.0216421305251092,0.0372468862894395,0.0159157174582706,0.0211875850705638,0.0121771923899583,0.095852087235066,0.0206871398892675,0.0377970689672817,0.0420473222600882,0.00913606684883281,0.0874862863692651,0.0565927768055428,0.0311646352071884,0.0320711164328186,0.0482226008821754,0.0137079252504784,0.0211213451638984,0.0094282746410406,0.00623087511385384,0.0260083612211272,0.0150823841249373,0.0344668058497846,0.0153109616939404,0.0269317286338563,0.0814555381576658,0.0444559576564973,0.0410047850374915,0.009821595598755,0.0220497279254678,0.047403047988241,0.0687448006786045,0.0258829387622924,0.012106994408554,0.0486003283721716,0.0168114964319638,0.0119865348311744,0.0242312565988924,0.0139829184704852,0.0128300267726597,0.0111987291951117,0.0213469923319913,0.0152155005739864,0.0166761197208655,0.0111152436445893,0.00703740632338151,0.0774988444312106,0.0729243852986265,0.0482488498518915,0.0265557522731088,0.0148707990980756,0.0384985767589573,0.0389620655049611,0.107268918940556,0.0525914233435065,0.0400779831759294
"SPEECH_1170",NA,NA,NA,NA,NA,NA,NA,NA,NA,NA,NA,NA,NA,NA,NA,NA,NA,NA,NA,NA,NA,NA,NA,NA,NA,NA,NA,NA,NA,NA,NA,NA,NA,NA,NA,NA,NA,NA,NA,NA,NA,NA,NA,NA,NA,NA,NA,NA,NA,NA,NA,NA,NA,NA,NA,NA,NA,NA,NA,NA,0.0384928886074258,0.126464524675662,0.0126914752877907,0.01412877030892,0.0135326606935265,0.0402600365261238,0.0304714221823997,0.0166674379609447,0.00948407769757504,0.00829493771086741,0.101870103838755,0.00775630138525639,0.0122648664895538,0.155899054428813,0.0178565779476524,0.146141179128587,0.0288164263847669,0.0106248575330473,0.00940234423623059,0.0249946573038661,0.0141530304804819,0.0139744165247782,0.00610114539573508,0.014963921820188,0.0312614529784003,0.0100227140231861,0.0267465335958582,0.0103675893600785,0.0226768052706216,0.0236177902229076,0.00757230807772349,0.0314915114299734,0.01308892893409,0.0840926284997522,0.0968769946026252,0.0327142383291428,0.0235784163415302,0.0107290145495886,0.0175353280856106,0.00843108686916291,0.0412666412342157,0.0213313423741053,0.0641064759266411,0.0515762664994144,0.0473196316982774,0.0179997528364092,0.022021447959057,0.0124384881263853,0.0101517493817134,0.0453014553840348,0.0136661941019651,0.0214745327794139,0.00696961605334795,0.0515558187193245,0.0067612780696132,0.147955549267374,0.0260195344272644,0.0162202085494546,0.0185658850132094,0.0311876758795804
"SPEECH_1179",NA,NA,NA,NA,NA,NA,NA,NA,NA,NA,NA,NA,NA,NA,NA,NA,NA,NA,NA,NA,NA,NA,NA,NA,NA,NA,NA,NA,NA,NA,NA,NA,NA,NA,NA,NA,NA,NA,NA,NA,NA,NA,NA,NA,NA,NA,NA,NA,NA,NA,NA,NA,NA,NA,NA,NA,NA,NA,NA,NA,0.0187351667205906,0.0904522131483713,0.0137935543132415,0.0511422103712705,0.0369875369457856,0.0174058109397568,0.0300966340813997,0.00744246188540338,0.0226742337584273,0.018371339515294,0.0248412940007792,0.0185894514592807,0.0199259732476449,0.0226014017044173,0.0398015658096273,0.0832785053427648,0.0203699008210614,0.00789498207476567,0.0103562510317429,0.0198638151801054,0.0471299929922873,0.0473540637261652,0.0512798979763019,0.0295068650685585,0.0265061460215414,0.0755589771574295,0.0170800576964246,0.0580465779182703,0.0468964588997973,0.0260166601914938,0.0278237657868147,0.012587638608301,0.0124110875701312,0.0312753068163865,0.0389762513797981,0.067778503572065,0.0442968662727182,0.0135727949580649,0.0345811020418381,0.0156350784162874,0.0183214029582534,0.0116676301848798,0.0210497246925525,0.0445009554187696,0.0391425455772515,0.0794482858947876,0.0127787412959909,0.00884774056030898,0.0185809228022055,0.00756007841102803,0.0456197694162068,0.0467438669856795,0.0134302742050817,0.0275698419220043,0.0142215077881935,0.120347595506639,0.0196567950228604,0.0863368510163119,0.0113687964837055,0.0538682784348846
"SPEECH_1171",NA,NA,NA,NA,NA,NA,NA,NA,NA,NA,NA,NA,NA,NA,NA,NA,NA,NA,NA,NA,NA,NA,NA,NA,NA,NA,NA,NA,NA,NA,NA,NA,NA,NA,NA,NA,NA,NA,NA,NA,NA,NA,NA,NA,NA,NA,NA,NA,NA,NA,NA,NA,NA,NA,NA,NA,NA,NA,NA,NA,0.0517870294328387,0.0490158430119003,0.0121760342910868,0.0383797609849491,0.0240597598871469,0.0582351197147008,0.0475497496902317,0.0121715411875358,0.0242637835369197,0.115153236871719,0.0404039287451718,0.0440767049849289,0.0132771927125591,0.0624809435015834,0.0111103358664028,0.0372688140910953,0.0381499781737137,0.0113230943420241,0.0122008984591353,0.014055987408889,0.0375523543469288,0.0207334673655747,0.0159490336237328,0.0371994212427379,0.0551908290179466,0.0107939178567912,0.0249856160336528,0.0262020805606306,0.0155013985272572,0.0387521445302154,0.0106121707299185,0.0492042859915874,0.0120105857298405,0.030769151376432,0.0523989912811518,0.018675837472275,0.0227750862955163,0.0207057671018999,0.042739641333782,0.016462682534562,0.0158838633934953,0.0182073069479477,0.0153769397115351,0.0414681621409745,0.044297244305803,0.0574505679971514,0.0122505652312531,0.0193384470182878,0.0598128395825156,0.0343575660176024,0.0289316367196229,0.0846669030796495,0.0529493146619432,0.0193105969034961,0.016429692568225,0.0845525293158946,0.0203944375081684,0.070810135059382,0.013716414982747,0.01344063700734
"SPEECH_998",NA,NA,NA,NA,NA,NA,NA,NA,NA,NA,NA,NA,NA,NA,NA,NA,NA,NA,NA,NA,NA,NA,NA,NA,NA,NA,NA,NA,NA,NA,NA,NA,NA,NA,NA,NA,NA,NA,NA,NA,NA,NA,NA,NA,NA,NA,NA,NA,NA,NA,NA,NA,NA,NA,NA,NA,NA,NA,NA,NA,0.0102855300088065,0.0270799202678257,0.00985400949531882,0.0555706268868131,0.0513910972227481,0.0503653801084418,0.0186568684334438,0.0128448803514081,0.021155532491302,0.0136546697614963,0.0707051659089399,0.0128698059184075,0.0307896582877067,0.0460239135799043,0.0383256294118632,0.016377476987453,0.0287870980793401,0.0154984751848059,0.0567360155481639,0.0305570938108153,0.0449672995195755,0.0367967641060456,0.0483269696845432,0.0172892059658864,0.0470580255867208,0.0855153181777048,0.0144542227899115,0.0522204284748364,0.0153288192804734,0.020514098669298,0.0174802375233705,0.0349696460072655,0.0142369102622276,0.0755496363992671,0.0752591930803884,0.0424453275556158,0.0184311538993087,0.0263613966437813,0.0260506423742421,0.0157080411813514,0.0403265598671752,0.0108374343681294,0.0416904120699316,0.0303817050090743,0.0391361535967379,0.0607482497654303,0.0118186712926756,0.0117583847416323,0.0103903751771258,0.0468373058990956,0.0141012622200742,0.0185406964520395,0.0228488156033838,0.0304136704078881,0.0149565134906184,0.0638353396586566,0.0855096985429429,0.0296169328835752,0.0409538272475809,0.0288058067794137
"SPEECH_1040",NA,NA,NA,NA,NA,NA,NA,NA,NA,NA,NA,NA,NA,NA,NA,NA,NA,NA,NA,NA,NA,NA,NA,NA,NA,NA,NA,NA,NA,NA,NA,NA,NA,NA,NA,NA,NA,NA,NA,NA,NA,NA,NA,NA,NA,NA,NA,NA,NA,NA,NA,NA,NA,NA,NA,NA,NA,NA,NA,NA,0.0102855300088065,0.0270799202678257,0.00985400949531882,0.0555706268868131,0.0513910972227481,0.0503653801084418,0.0186568684334438,0.0128448803514081,0.021155532491302,0.0136546697614963,0.0707051659089399,0.0128698059184075,0.0307896582877067,0.0460239135799043,0.0383256294118632,0.016377476987453,0.0287870980793401,0.0154984751848059,0.0567360155481639,0.0305570938108153,0.0449672995195755,0.0367967641060456,0.0483269696845432,0.0172892059658864,0.0470580255867208,0.0855153181777048,0.0144542227899115,0.0522204284748364,0.0153288192804734,0.020514098669298,0.0174802375233705,0.0349696460072655,0.0142369102622276,0.0755496363992671,0.0752591930803884,0.0424453275556158,0.0184311538993087,0.0263613966437813,0.0260506423742421,0.0157080411813514,0.0403265598671752,0.0108374343681294,0.0416904120699316,0.0303817050090743,0.0391361535967379,0.0607482497654303,0.0118186712926756,0.0117583847416323,0.0103903751771258,0.0468373058990956,0.0141012622200742,0.0185406964520395,0.0228488156033838,0.0304136704078881,0.0149565134906184,0.0638353396586566,0.0855096985429429,0.0296169328835752,0.0409538272475809,0.0288058067794137
"SPEECH_975",NA,NA,NA,NA,NA,NA,NA,NA,NA,NA,NA,NA,NA,NA,NA,NA,NA,NA,NA,NA,NA,NA,NA,NA,NA,NA,NA,NA,NA,NA,NA,NA,NA,NA,NA,NA,NA,NA,NA,NA,NA,NA,NA,NA,NA,NA,NA,NA,NA,NA,NA,NA,NA,NA,NA,NA,NA,NA,NA,NA,0.164763323374195,0.0459536969098189,0.0158962524909822,0.0258743977395352,0.0204682905009384,0.019617644520083,0.0164471517857508,0.00904804277107579,0.0113335109977752,0.0398190446613436,0.0866585611484035,0.0127879112270949,0.0276878898916837,0.0203365503793122,0.0159233057074816,0.0641117431165971,0.00933447572941281,0.0204655592286084,0.0189173661537197,0.0280272527650893,0.02149602170141,0.0540740587769457,0.0675298982646241,0.0251702484919971,0.00925130339155083,0.0124879706866518,0.035483885732781,0.0609314080683305,0.0208215808381267,0.019281652948681,0.0344002450156408,0.0447128367401836,0.0152460289786413,0.0741007678317415,0.0379541365638518,0.0167475583647021,0.0301292431758166,0.00803218564397648,0.011035244416098,0.00737033444684016,0.0390700587306807,0.0270685216204479,0.0244105806934443,0.0600474644240575,0.032376637003394,0.0260334531438238,0.0495168800132022,0.0075312418237187,0.0161665461450619,0.018780242279077,0.031227579977671,0.0326484524560047,0.0188251693739277,0.0810711121606177,0.015163803328358,0.104563112860943,0.0452009878602989,0.0255312072488535,0.0134150379085198,0.0516233297704057
"SPEECH_1172",NA,NA,NA,NA,NA,NA,NA,NA,NA,NA,NA,NA,NA,NA,NA,NA,NA,NA,NA,NA,NA,NA,NA,NA,NA,NA,NA,NA,NA,NA,NA,NA,NA,NA,NA,NA,NA,NA,NA,NA,NA,NA,NA,NA,NA,NA,NA,NA,NA,NA,NA,NA,NA,NA,NA,NA,NA,NA,NA,NA,0.164763323374195,0.0459536969098189,0.0158962524909822,0.0258743977395352,0.0204682905009384,0.019617644520083,0.0164471517857508,0.00904804277107579,0.0113335109977752,0.0398190446613436,0.0866585611484035,0.0127879112270949,0.0276878898916837,0.0203365503793122,0.0159233057074816,0.0641117431165971,0.00933447572941281,0.0204655592286084,0.0189173661537197,0.0280272527650893,0.02149602170141,0.0540740587769457,0.0675298982646241,0.0251702484919971,0.00925130339155083,0.0124879706866518,0.035483885732781,0.0609314080683305,0.0208215808381267,0.019281652948681,0.0344002450156408,0.0447128367401836,0.0152460289786413,0.0741007678317415,0.0379541365638518,0.0167475583647021,0.0301292431758166,0.00803218564397648,0.011035244416098,0.00737033444684016,0.0390700587306807,0.0270685216204479,0.0244105806934443,0.0600474644240575,0.032376637003394,0.0260334531438238,0.0495168800132022,0.0075312418237187,0.0161665461450619,0.018780242279077,0.031227579977671,0.0326484524560047,0.0188251693739277,0.0810711121606177,0.015163803328358,0.104563112860943,0.0452009878602989,0.0255312072488535,0.0134150379085198,0.0516233297704057
"SPEECH_928",NA,NA,NA,NA,NA,NA,NA,NA,NA,NA,NA,NA,NA,NA,NA,NA,NA,NA,NA,NA,NA,NA,NA,NA,NA,NA,NA,NA,NA,NA,NA,NA,NA,NA,NA,NA,NA,NA,NA,NA,NA,NA,NA,NA,NA,NA,NA,NA,NA,NA,NA,NA,NA,NA,NA,NA,NA,NA,NA,NA,0.0320838996304435,0.0277474501144608,0.0186465098391802,0.0486134775013447,0.0312455978799273,0.0279448210385844,0.0719031052661895,0.017231105919983,0.00934286286535251,0.144392429894463,0.0584602982841088,0.0271075308708518,0.0112084914469206,0.0901861915795762,0.0089553234487411,0.0563727872226601,0.0136772301147192,0.0142091858155835,0.0151472588515144,0.0179174217833532,0.0122175568238979,0.0223261243614481,0.0151898334938306,0.0635808694379792,0.0175685686272094,0.0200436549484224,0.031479278131736,0.0233398857560225,0.0169807475441798,0.0348805015073168,0.0262129021742955,0.0373273801465072,0.0281802200347397,0.0266185166725478,0.0358350509914725,0.0428051583508908,0.0332683234072028,0.0294993322184529,0.0177816762010029,0.0132070604236266,0.0267813505376804,0.019562839615821,0.0161445981126784,0.0433661716083154,0.0230384151427538,0.0404764041930596,0.0844790587371384,0.0279591619262379,0.039500607357114,0.0330459072601041,0.0277078332741032,0.033209247702556,0.0269765028670235,0.0188771711927378,0.0648120601068313,0.0632074595511496,0.0597013055537519,0.0266567254142265,0.0142156436853808,0.0195459155405977
"SPEECH_994",NA,NA,NA,NA,NA,NA,NA,NA,NA,NA,NA,NA,NA,NA,NA,NA,NA,NA,NA,NA,NA,NA,NA,NA,NA,NA,NA,NA,NA,NA,NA,NA,NA,NA,NA,NA,NA,NA,NA,NA,NA,NA,NA,NA,NA,NA,NA,NA,NA,NA,NA,NA,NA,NA,NA,NA,NA,NA,NA,NA,0.0152084594636803,0.0355901622283811,0.0168386946647687,0.0504238631636134,0.0494426227007286,0.0507782242276904,0.0494150929949217,0.0112051769105996,0.0231399281877885,0.0136357657478411,0.0694404764353391,0.0286784403829117,0.0128087499582127,0.0482304065735811,0.0472121790238319,0.0301171236157347,0.0274599332686221,0.0224233018105365,0.0158057463447175,0.0317972483172339,0.0196241512758392,0.0352581036134986,0.0424238397852174,0.0465714328017505,0.0358837809788962,0.0584647924814711,0.0225400279801629,0.0108662228243365,0.022320330634838,0.0563957216032549,0.0265093030298483,0.0329737083730158,0.0117362688955836,0.0334570931305155,0.0606176311195734,0.04824331638676,0.0299995088248212,0.0173113786989284,0.0637271793406922,0.0143450400618599,0.049371678375381,0.0106506225865696,0.0232759119636049,0.0316888466391999,0.0639586175038631,0.0567583405023558,0.0341506864004391,0.020333773551388,0.0302091142358626,0.0330690259605289,0.0178639659141082,0.0413312058381177,0.0442944060042538,0.0231748661778932,0.0300622232552068,0.0583694462110763,0.0171074098491919,0.0294882968141838,0.0277124990448502,0.0182086353103271
"SPEECH_884",NA,NA,NA,NA,NA,NA,NA,NA,NA,NA,NA,NA,NA,NA,NA,NA,NA,NA,NA,NA,NA,NA,NA,NA,NA,NA,NA,NA,NA,NA,NA,NA,NA,NA,NA,NA,NA,NA,NA,NA,NA,NA,NA,NA,NA,NA,NA,NA,NA,NA,NA,NA,NA,NA,NA,NA,NA,NA,NA,NA,0.0363782631772311,0.0478145365952126,0.0111801082225225,0.0178844562366639,0.050561143284341,0.0778934061893153,0.0540384976281096,0.0103699682746001,0.0243893665816105,0.0123645076720733,0.043039021560518,0.0316031348889373,0.0194570136409731,0.0389423605100203,0.0181375386116669,0.0302741386891214,0.0190206558190643,0.017863505376297,0.0263766599768979,0.0351041706300421,0.01837993416841,0.0237822880155979,0.0636238011932381,0.0263544564939287,0.0240084815109203,0.0603579725686928,0.0331247209658049,0.0311204657376096,0.0201572004067401,0.0763982253738394,0.0401524287947102,0.0408448337681619,0.0152964509029797,0.0255991690249562,0.0271404461833368,0.0298585384879728,0.021715239175169,0.0102658271190781,0.0177153788025956,0.0135964923163038,0.0673324773748842,0.041270994486132,0.0216980630969119,0.0705463987860862,0.0231642879439828,0.130143438938853,0.022790115580423,0.0135630172083791,0.0129726330317815,0.00704876576417378,0.0253745019728597,0.0140689219472719,0.0346259194141789,0.0140605736842538,0.0379871725928722,0.10008090138074,0.0369326876157427,0.0283559004040626,0.0185932878486823,0.0372051363524637
"SPEECH_1108",NA,NA,NA,NA,NA,NA,NA,NA,NA,NA,NA,NA,NA,NA,NA,NA,NA,NA,NA,NA,NA,NA,NA,NA,NA,NA,NA,NA,NA,NA,NA,NA,NA,NA,NA,NA,NA,NA,NA,NA,NA,NA,NA,NA,NA,NA,NA,NA,NA,NA,NA,NA,NA,NA,NA,NA,NA,NA,NA,NA,0.0784440257558473,0.028945547738483,0.0241788059212863,0.0146301736203599,0.0430118653040851,0.0424140405353558,0.0279284662363704,0.0227030880026153,0.0285116179921664,0.0150389131936592,0.022217316383485,0.0288143371582451,0.0159670010497385,0.0292363630817926,0.0423915793584123,0.0348443280360989,0.0154634774917032,0.0190373524088847,0.0159631981488884,0.0309161422085633,0.0150458277451944,0.0281646281355533,0.0612398456207029,0.0272593555200929,0.0177623796569862,0.0665228092392644,0.065599390197082,0.0221014566816516,0.06197099935553,0.0536756682219013,0.092929806579379,0.0394092577529912,0.0101919976748399,0.0117219383406029,0.0186965486011388,0.0270348039095655,0.012352014096563,0.00549270246020424,0.0282500430158572,0.016582203615807,0.0279650362208657,0.00597137317740464,0.0172431466227911,0.0296891406583644,0.0308128641043829,0.113562169548038,0.0441783529429034,0.0282086974377162,0.0138799553642189,0.0148557727181651,0.015174886529632,0.0163509337304352,0.0722462059487343,0.0145034651955309,0.0167529114856749,0.112619169475368,0.0084837835155073,0.108702576909851,0.0303326938386021,0.0158055485288643
"SPEECH_1053",NA,NA,NA,NA,NA,NA,NA,NA,NA,NA,NA,NA,NA,NA,NA,NA,NA,NA,NA,NA,NA,NA,NA,NA,NA,NA,NA,NA,NA,NA,NA,NA,NA,NA,NA,NA,NA,NA,NA,NA,NA,NA,NA,NA,NA,NA,NA,NA,NA,NA,NA,NA,NA,NA,NA,NA,NA,NA,NA,NA,0.0340758391219037,0.0398017494812528,0.0136843216905386,0.0375539484162331,0.0328473132585393,0.0255917161520368,0.0395369310680765,0.0134467661442401,0.0177592571598823,0.0113261446610031,0.0623077678031378,0.027408947184571,0.0101034537292407,0.11186775015512,0.0135212970361614,0.0961267995664786,0.0264986692701661,0.0156585414118451,0.0256183968274715,0.0111021638012417,0.0728499735551051,0.0163741644819464,0.0140000290462767,0.0155590708596914,0.0425425449679206,0.0707343316173156,0.0209226086607049,0.0249845113351614,0.0172958521692797,0.0388991393674578,0.021230345894389,0.0843216906945539,0.00750635838107606,0.0343230341915584,0.0802320221817445,0.00804045402648539,0.0169399807871729,0.0160093379734997,0.0307380149414585,0.0153738732453169,0.0275277715507777,0.0199637022541041,0.0602984117701508,0.0491535578532187,0.0716696465221552,0.0664931549177634,0.0132035418891079,0.0135131469057849,0.0338076838631069,0.0292783971331523,0.0178418336199836,0.0224927475157569,0.0101994406236006,0.0271231067043029,0.00873672329070187,0.0917046562650583,0.0185758434532286,0.0326978277395337,0.0407439346791061,0.0302597591321504
"SPEECH_989",NA,NA,NA,NA,NA,NA,NA,NA,NA,NA,NA,NA,NA,NA,NA,NA,NA,NA,NA,NA,NA,NA,NA,NA,NA,NA,NA,NA,NA,NA,NA,NA,NA,NA,NA,NA,NA,NA,NA,NA,NA,NA,NA,NA,NA,NA,NA,NA,NA,NA,NA,NA,NA,NA,NA,NA,NA,NA,NA,NA,0.0402901352126541,0.0423394931525951,0.0163838770901742,0.0471077612562679,0.0411304797491914,0.0382456009712086,0.0254316355293123,0.0129196946703297,0.0289145265058601,0.0132294738249947,0.0604118818303835,0.0278970484585445,0.01797600767365,0.0858145415142186,0.0146186226201657,0.0799249540267584,0.0221286317124587,0.0266456052137276,0.0162252582664037,0.0330840533697262,0.0334660195525159,0.0143934613144141,0.0452723163578247,0.0357936580066582,0.0408472550686064,0.0412231496927838,0.0321587924549236,0.0139362464266812,0.0299233646894471,0.02226645378752,0.105570846111897,0.031960019670035,0.01372508988924,0.0140908384489426,0.0638368864588002,0.0124167871516625,0.00704971454002247,0.0129273300315745,0.0319790034307299,0.0367055310095007,0.0213277984148166,0.0159713316066723,0.015174685672155,0.025808737317523,0.0209845584242685,0.0662831349078845,0.0197621794300016,0.0156874485538342,0.0197967267366547,0.0278641242540515,0.01723897614934,0.0258715066254406,0.0580224952578601,0.0185879527708857,0.011524351670928,0.0908586930576432,0.0385594887397466,0.0364801524555315,0.0591143386711833,0.0648192725411745
"SPEECH_905",NA,NA,NA,NA,NA,NA,NA,NA,NA,NA,NA,NA,NA,NA,NA,NA,NA,NA,NA,NA,NA,NA,NA,NA,NA,NA,NA,NA,NA,NA,NA,NA,NA,NA,NA,NA,NA,NA,NA,NA,NA,NA,NA,NA,NA,NA,NA,NA,NA,NA,NA,NA,NA,NA,NA,NA,NA,NA,NA,NA,0.0491398758823159,0.0336976292786246,0.0084528410137431,0.0355640799369677,0.0469991172086653,0.0168233275065534,0.0211171560149687,0.013926007557557,0.0341620452878924,0.0115181973324924,0.0918314532449508,0.0100789199001125,0.00720580819608094,0.0735711923341176,0.0151065228441346,0.0542605590152684,0.124931846261728,0.016540553869993,0.0122977937142468,0.0269270699096558,0.0147651237262848,0.0357894199544652,0.0244224601656356,0.01364130773539,0.0463635983219203,0.00541730965094094,0.0218590726504198,0.0507745569636389,0.00757943448478736,0.075235720036448,0.024853255863467,0.0244145148142653,0.00843959601590486,0.0554027649761027,0.0450637953162975,0.0718259191859747,0.0236191424938582,0.0266494829293005,0.017513574782968,0.0156741425347482,0.0234602588591397,0.0183388995300177,0.0103216406273366,0.0899941572523753,0.0329611200142728,0.0401374442588608,0.0352602027016954,0.0252440942224898,0.00923985569615073,0.0169786778652868,0.0219015665092303,0.0384304288848927,0.0318696233609935,0.0278545135081064,0.0269594227100618,0.0617565791767204,0.0606628611882414,0.0473561579887652,0.0323303036269355,0.0354860031055402
"SPEECH_787",NA,NA,NA,NA,NA,NA,NA,NA,NA,NA,NA,NA,NA,NA,NA,NA,NA,NA,NA,NA,NA,NA,NA,NA,NA,NA,NA,NA,NA,NA,NA,NA,NA,NA,NA,NA,NA,NA,NA,NA,NA,NA,NA,NA,NA,NA,NA,NA,NA,NA,NA,NA,NA,NA,NA,NA,NA,NA,NA,NA,0.032316753969645,0.0535263395986919,0.0102010872907925,0.0420977848427768,0.0240052887598836,0.0424872512713072,0.0226755047707013,0.0228714319347781,0.0574749853398509,0.0082050793067606,0.0368382941413214,0.0317542394403018,0.0305297245135674,0.0895030472198519,0.027718435362899,0.107999866944243,0.0158999962960195,0.0128554615874768,0.0191404581686388,0.0383050540226347,0.0426784026361377,0.0208651783689257,0.0094238483500269,0.0231790680280988,0.0233338710833537,0.0101055116083773,0.0544557175941954,0.0547571899216139,0.00676947405334263,0.0280256535737857,0.0655122887343446,0.0483753057890668,0.0138299597480388,0.0244674933474701,0.0290463271741854,0.0665017309501983,0.0283023485774227,0.0181806329469194,0.0240216997540479,0.0171245043917444,0.07349195302332,0.0469631068937822,0.0128238354242285,0.0664014731804709,0.0204018370331121,0.0524006294418577,0.0191908277416351,0.0303975658751937,0.0136869797252222,0.0280666379362911,0.0370572668227958,0.023255554917341,0.0198619855316006,0.0208646183700562,0.0196323500012299,0.0525217611173816,0.0365274868452712,0.0353714821234822,0.0181379952934833,0.0375823612888064
"SPEECH_1182",NA,NA,NA,NA,NA,NA,NA,NA,NA,NA,NA,NA,NA,NA,NA,NA,NA,NA,NA,NA,NA,NA,NA,NA,NA,NA,NA,NA,NA,NA,NA,NA,NA,NA,NA,NA,NA,NA,NA,NA,NA,NA,NA,NA,NA,NA,NA,NA,NA,NA,NA,NA,NA,NA,NA,NA,NA,NA,NA,NA,0.023139996075117,0.0220390863787547,0.0120938886583635,0.0821405497230715,0.010704971104686,0.0451939169414889,0.0362343188427148,0.013396077758828,0.0168117081617157,0.0137349276958082,0.0733973655394756,0.0135841245424991,0.00963836427604411,0.0256044154821553,0.0303948589258281,0.0516105030808748,0.0109158109650831,0.0156838737033392,0.011321323813431,0.0141057786144394,0.0437102737404487,0.0196280173983362,0.0213929150389475,0.0371560900576268,0.103460611466059,0.100438331662748,0.0204705384686478,0.0403943390414887,0.0235946016186892,0.0580084212232893,0.0668626468952017,0.0294547564526573,0.0123471615469098,0.0199487957041873,0.0458203914144126,0.0324330113421901,0.0530722190613696,0.0158573950656921,0.0210472820117494,0.0180115407177197,0.126572534516805,0.0502131091188563,0.0166068234244906,0.0571419183913307,0.0149759783054929,0.0512717536741286,0.0155368103576365,0.025972836805272,0.0368763091583469,0.0296453927814259,0.0157966776236626,0.027756539058912,0.0356272577418421,0.0158033781600141,0.0184247877810687,0.0432240687440983,0.0348029696197124,0.0210325739227639,0.0102539841230699,0.0376090964789807
"SPEECH_1052",NA,NA,NA,NA,NA,NA,NA,NA,NA,NA,NA,NA,NA,NA,NA,NA,NA,NA,NA,NA,NA,NA,NA,NA,NA,NA,NA,NA,NA,NA,NA,NA,NA,NA,NA,NA,NA,NA,NA,NA,NA,NA,NA,NA,NA,NA,NA,NA,NA,NA,NA,NA,NA,NA,NA,NA,NA,NA,NA,NA,0.0269867902038748,0.0389361567986176,0.00746668713557428,0.0284574388081441,0.0192729692808063,0.0724852448578938,0.0535480730954869,0.017952393957488,0.0152487933522416,0.0250326060651296,0.0807487746927402,0.0196178732013372,0.00682080545716909,0.0517606624914619,0.0123432969416512,0.0401146315370453,0.0255044285216699,0.01278344913533,0.0111724386724387,0.0147869706921431,0.111541269162743,0.047085702524574,0.0187226072864788,0.031774665599117,0.074688931975374,0.00878430238344031,0.0292993724753129,0.0405382022192367,0.0206216101905757,0.0359028512849046,0.0226486492558123,0.0344296400224489,0.00781511480555022,0.0425489643054032,0.0629257721010744,0.0336601133694175,0.023189370277195,0.0148989385192529,0.0249768359920652,0.0212523730668233,0.0611650884133299,0.0163778615618279,0.0245497754396613,0.0544550619133472,0.0207900063115372,0.0579120412219852,0.0269175217978544,0.0165029826285446,0.0203470934751251,0.0372358137535589,0.0600165655374515,0.0412887202890225,0.0345930815275295,0.040540912405444,0.0323002062444818,0.0595284592253647,0.0219064452665986,0.0315485586892805,0.027744385529003,0.0259336470540093
"SPEECH_838",NA,NA,NA,NA,NA,NA,NA,NA,NA,NA,NA,NA,NA,NA,NA,NA,NA,NA,NA,NA,NA,NA,NA,NA,NA,NA,NA,NA,NA,NA,NA,NA,NA,NA,NA,NA,NA,NA,NA,NA,NA,NA,NA,NA,NA,NA,NA,NA,NA,NA,NA,NA,NA,NA,NA,NA,NA,NA,NA,NA,0.0526637233611496,0.0456475891663178,0.0109507743011606,0.0243889068719396,0.0248167655314509,0.0462257241628042,0.0323594288426491,0.0142385383955179,0.0231416358975597,0.119249143803794,0.0271967741665883,0.0547178218243769,0.0151131185772844,0.0767511153243877,0.00752220743780608,0.044563511782255,0.0238974369826628,0.0193241726685843,0.0161832252910141,0.0225261678688133,0.0573189022118406,0.0272887327953634,0.0155405772778103,0.0245174643313367,0.0793959238517232,0.0120287621222029,0.0364572888878301,0.0175636740636268,0.0163391089534104,0.0120717832467397,0.0303235410161678,0.0415177159919778,0.0119964598948051,0.0224389256063318,0.0244742504733088,0.0372808921161734,0.0350866537692488,0.0138211549580695,0.0292680424484942,0.0291703806402926,0.045855342478881,0.0205752426745807,0.0193084333635936,0.0779625569609023,0.0195680790262294,0.0650284992615468,0.0276149449724739,0.0178003977980284,0.0283783194362567,0.0166127000461599,0.0466631413308668,0.0240009356224653,0.0303035919422031,0.0271484455499373,0.0534816944326657,0.0525798698184308,0.0236744226328576,0.0659673880324856,0.029965896458238,0.0321320812463273
"SPEECH_883",NA,NA,NA,NA,NA,NA,NA,NA,NA,NA,NA,NA,NA,NA,NA,NA,NA,NA,NA,NA,NA,NA,NA,NA,NA,NA,NA,NA,NA,NA,NA,NA,NA,NA,NA,NA,NA,NA,NA,NA,NA,NA,NA,NA,NA,NA,NA,NA,NA,NA,NA,NA,NA,NA,NA,NA,NA,NA,NA,NA,0.0328115408225906,0.0206200122774708,0.0113824432166974,0.0126200122774708,0.0376734192756292,0.00995334561080418,0.0552866789441375,0.0111909146715777,0.0409073050951504,0.0127157765500307,0.148715776550031,0.0778575813382443,0.0196697360343769,0.0111909146715777,0.0266236955187231,0.0126678944137508,0.010049109883364,0.0113345610804174,0.00723879680785758,0.0111909146715777,0.0182885205647637,0.0373861264579497,0.00590546347452425,0.0279570288520565,0.00990546347452425,0.213702885205648,0.0126678944137508,0.0169551872314303,0.0443400859422959,0.0311909146715777,0.0297680058742996,0.0459458700477061,0.00657603795376552,0.0194416119774368,0.0404142982449905,0.0278246272398029,0.0251975369760798,0.0101997756212257,0.0407568981879965,0.012132990895611,0.0272679485249201,0.0211066926510513,0.0496335199638306,0.0330427261224108,0.0107052922276675,0.0766891398153102,0.124510590357205,0.0120103015909633,0.0528404387060601,0.020182174208137,0.0478785885633814,0.0224042829432068,0.00678507442280138,0.0139344015449546,0.0179588982920332,0.0252041563868577,0.0282718756650374,0.0887009330286331,0.031494783575827,0.0311205283907969
"SPEECH_924",NA,NA,NA,NA,NA,NA,NA,NA,NA,NA,NA,NA,NA,NA,NA,NA,NA,NA,NA,NA,NA,NA,NA,NA,NA,NA,NA,NA,NA,NA,NA,NA,NA,NA,NA,NA,NA,NA,NA,NA,NA,NA,NA,NA,NA,NA,NA,NA,NA,NA,NA,NA,NA,NA,NA,NA,NA,NA,NA,NA,0.0337385678401639,0.0301713624320837,0.00800177771344858,0.0946919568818307,0.0334627601109775,0.0302610988041553,0.0321927375390362,0.0152932450470151,0.0449969370710238,0.00633232863164558,0.0381662371440763,0.0129531593157073,0.0113741136137853,0.0548367553838138,0.0205824899264418,0.0501002852858572,0.0380520835218391,0.0204823990521861,0.0206205252527158,0.0111933068540232,0.0228750751730374,0.0136666988603809,0.0254003429177141,0.0246111773923653,0.0243111271055349,0.105793412525529,0.103336806882375,0.0100565905571318,0.0291296947480316,0.0333149464160732,0.0633921276899603,0.0421830130292978,0.030861525957988,0.0248361571142853,0.0213737550170151,0.0414492546541638,0.0181166571886341,0.0121044709322329,0.0135875079346017,0.0242731609079866,0.0296728081486533,0.018460652729674,0.0164193729022345,0.0811691115236035,0.0248125072855894,0.030102501789497,0.0193301107060885,0.017346292969176,0.0142607585410499,0.0251687330730769,0.0186592367902543,0.070045907773657,0.0100090621147765,0.0257777381255771,0.0608760640542522,0.0821127303852599,0.11285220776235,0.0276215493648949,0.00968872047147485,0.0134363030626944
"SPEECH_988",NA,NA,NA,NA,NA,NA,NA,NA,NA,NA,NA,NA,NA,NA,NA,NA,NA,NA,NA,NA,NA,NA,NA,NA,NA,NA,NA,NA,NA,NA,NA,NA,NA,NA,NA,NA,NA,NA,NA,NA,NA,NA,NA,NA,NA,NA,NA,NA,NA,NA,NA,NA,NA,NA,NA,NA,NA,NA,NA,NA,0.0786102565842056,0.0296759030701817,0.0106303383429599,0.0283955086801322,0.0307437917148134,0.0182383733069126,0.0305271970072283,0.0150179460067949,0.0192295685749142,0.0198311568349492,0.111214744960248,0.0341802225408392,0.00950974304350817,0.0260795890737426,0.00846476433498175,0.105192964687738,0.0293337795089723,0.0212999757883311,0.00995340159817514,0.013871678130082,0.0603908741547327,0.0774489386465149,0.00727521709460292,0.0318802718332506,0.033047620975734,0.0315820977388019,0.0274985140933702,0.0278934832773694,0.0186139639436673,0.0343681144522452,0.0105043899963367,0.0374266033693025,0.0203149346647708,0.0266337650589248,0.0166577363260953,0.0513772128630644,0.0313867143823925,0.0310360854714897,0.0119045066365931,0.0114796527056842,0.0343362360059217,0.0113980201756812,0.00925839381397083,0.0632662382988079,0.0100863642283102,0.0635093589903415,0.0795842386509168,0.0211314391587723,0.0139732817137586,0.0165679746816648,0.0629232533501911,0.0214076384077933,0.0276528385667548,0.0505228548129194,0.0343066546961445,0.0923307905667855,0.0961436074965442,0.0202841314349749,0.00828962357570826,0.0143054598993842
"SPEECH_1114",NA,NA,NA,NA,NA,NA,NA,NA,NA,NA,NA,NA,NA,NA,NA,NA,NA,NA,NA,NA,NA,NA,NA,NA,NA,NA,NA,NA,NA,NA,NA,NA,NA,NA,NA,NA,NA,NA,NA,NA,NA,NA,NA,NA,NA,NA,NA,NA,NA,NA,NA,NA,NA,NA,NA,NA,NA,NA,NA,NA,0.0395753321670452,0.0292806172031038,0.00662828869223698,0.0733408506171867,0.0545488802199811,0.0253811138161365,0.0336697461689314,0.0130604946208761,0.010110722551735,0.00405041883918148,0.104597814441268,0.0159570179471276,0.0103785613796197,0.0338367970530496,0.0098056763174851,0.13529249213139,0.0634726478902947,0.0103914451353406,0.0491956603648434,0.0061931632227359,0.00682721758298991,0.0123740183297878,0.00632595980061282,0.068512201108517,0.0130353406810547,0.0158261937050513,0.0051168212304153,0.0183854229283224,0.0914803736990931,0.033348710154587,0.136860264519839,0.018518600433494,0.0177378688016986,0.0104104923253859,0.0313265802627505,0.0210487901977264,0.173152121024461,0.00496748794621135,0.00770778962268324,0.007955500508692,0.14481797673287,0.0158158977307913,0.0052527978059893,0.005785818551776,0.0166718273101252,0.0623103463528995,0.00852612022824789,0.0174149599681515,0.0461317291104525,0.0198323528110762,0.00824081036846994,0.0215066129959747,0.0220020347679922,0.007955500508692,0.0131131950280886,0.0179479807139382,0.0217919228557526,0.0156057858185518,0.0125801742823019,0.0870106604149157
"SPEECH_1173",NA,NA,NA,NA,NA,NA,NA,NA,NA,NA,NA,NA,NA,NA,NA,NA,NA,NA,NA,NA,NA,NA,NA,NA,NA,NA,NA,NA,NA,NA,NA,NA,NA,NA,NA,NA,NA,NA,NA,NA,NA,NA,NA,NA,NA,NA,NA,NA,NA,NA,NA,NA,NA,NA,NA,NA,NA,NA,NA,NA,0.0312822798355629,0.0103040136675,0.053991035345622,0.0110909162656713,0.0681831370719331,0.0826781614798411,0.00998716350628942,0.029858195045067,0.0237092127956398,0.00777965798752562,0.0241792652326005,0.0139321221068563,0.0402655041863682,0.0604533858863564,0.0331659714533093,0.0197677360649763,0.0347467403894588,0.0107775479743642,0.0148757088506812,0.032699400886252,0.107145261291124,0.0174000645306555,0.00888341074690752,0.0279675396875138,0.0177134328219627,0.00825319229438978,0.0937191709435635,0.0844260601713544,0.0162963117712736,0.00446839970937993,0.0271015980741676,0.0432402704687284,0.00941486336853207,0.0487976260185236,0.0326907220128118,0.0235739440539285,0.0271158437877445,0.0131325151501559,0.013965166866204,0.0156378337682981,0.031326017468113,0.0107613768918412,0.00599060731269707,0.111782553124416,0.0175829111457686,0.0778437252350212,0.0567395686030948,0.0242919038320802,0.0170088480942411,0.0314681427977929,0.0150899933821326,0.00914611846820822,0.0122297376157995,0.0233551190569704,0.0833988609547396,0.0700226114086733,0.0765995284444446,0.0355779953589394,0.0191207163451033,0.0159932808908286
"SPEECH_30",NA,NA,NA,NA,NA,NA,NA,NA,NA,NA,NA,NA,NA,NA,NA,NA,NA,NA,NA,NA,NA,NA,NA,NA,NA,NA,NA,NA,NA,NA,NA,NA,NA,NA,NA,NA,NA,NA,NA,NA,NA,NA,NA,NA,NA,NA,NA,NA,NA,NA,NA,NA,NA,NA,NA,NA,NA,NA,NA,NA,0.0271015980741676,0.0432402704687284,0.00941486336853207,0.0487976260185236,0.0326907220128118,0.0235739440539285,0.0271158437877445,0.0131325151501559,0.013965166866204,0.0156378337682981,0.031326017468113,0.0107613768918412,0.00599060731269707,0.111782553124416,0.0175829111457686,0.0778437252350212,0.0567395686030948,0.0242919038320802,0.0170088480942411,0.0314681427977929,0.0150899933821326,0.00914611846820822,0.0122297376157995,0.0233551190569704,0.0833988609547396,0.0700226114086733,0.0765995284444446,0.0355779953589394,0.0191207163451033,0.0159932808908286,0.031163884709984,0.0413687704467846,0.00732621725529527,0.0298421567925114,0.0161878835637701,0.0575841153855338,0.0981529240394489,0.0132650380877331,0.0122012083004991,0.00989803472072976,0.0201745588270411,0.0440122262817298,0.0106932206222986,0.0460682474866872,0.0178713852472718,0.0803686988084151,0.0992167538266829,0.0145043818802684,0.0137091959786995,0.0117570504095327,0.0277144972180433,0.0168075554600377,0.010073548726031,0.0115815364042314,0.156695799603601,0.0275282374573155,0.015124053776536,0.0216825465052415,0.0212383886142751,0.0161878835637701
"SPEECH_1065",NA,NA,NA,NA,NA,NA,NA,NA,NA,NA,NA,NA,NA,NA,NA,NA,NA,NA,NA,NA,NA,NA,NA,NA,NA,NA,NA,NA,NA,NA,NA,NA,NA,NA,NA,NA,NA,NA,NA,NA,NA,NA,NA,NA,NA,NA,NA,NA,NA,NA,NA,NA,NA,NA,NA,NA,NA,NA,NA,NA,0.0271015980741676,0.0432402704687284,0.00941486336853207,0.0487976260185236,0.0326907220128118,0.0235739440539285,0.0271158437877445,0.0131325151501559,0.013965166866204,0.0156378337682981,0.031326017468113,0.0107613768918412,0.00599060731269707,0.111782553124416,0.0175829111457686,0.0778437252350212,0.0567395686030948,0.0242919038320802,0.0170088480942411,0.0314681427977929,0.0150899933821326,0.00914611846820822,0.0122297376157995,0.0233551190569704,0.0833988609547396,0.0700226114086733,0.0765995284444446,0.0355779953589394,0.0191207163451033,0.0159932808908286,0.031163884709984,0.0413687704467846,0.00732621725529527,0.0298421567925114,0.0161878835637701,0.0575841153855338,0.0981529240394489,0.0132650380877331,0.0122012083004991,0.00989803472072976,0.0201745588270411,0.0440122262817298,0.0106932206222986,0.0460682474866872,0.0178713852472718,0.0803686988084151,0.0992167538266829,0.0145043818802684,0.0137091959786995,0.0117570504095327,0.0277144972180433,0.0168075554600377,0.010073548726031,0.0115815364042314,0.156695799603601,0.0275282374573155,0.015124053776536,0.0216825465052415,0.0212383886142751,0.0161878835637701
"SPEECH_1160",NA,NA,NA,NA,NA,NA,NA,NA,NA,NA,NA,NA,NA,NA,NA,NA,NA,NA,NA,NA,NA,NA,NA,NA,NA,NA,NA,NA,NA,NA,NA,NA,NA,NA,NA,NA,NA,NA,NA,NA,NA,NA,NA,NA,NA,NA,NA,NA,NA,NA,NA,NA,NA,NA,NA,NA,NA,NA,NA,NA,0.0231111111111111,0.0684444444444444,0.0604444444444444,0.0364444444444444,0.00977777777777778,0.0524444444444444,0.0231111111111111,0.0257777777777778,0.00444444444444444,0.00977777777777778,0.0204444444444444,0.0231111111111111,0.00444444444444444,0.0791111111111111,0.0124444444444444,0.0257777777777778,0.0364444444444444,0.0471111111111111,0.0151111111111111,0.00711111111111111,0.169777777777778,0.0497777777777778,0.0124444444444444,0.00444444444444444,0.0844444444444444,0.0124444444444444,0.0231111111111111,0.0204444444444444,0.00977777777777778,0.0284444444444444,0.0112595906383436,0.0370604110974516,0.0161950678760031,0.116892591261159,0.0815977600351893,0.0650021771408593,0.0175948486332339,0.016409280784106,0.0237395636546182,0.0133052647358904,0.0454792150852438,0.00648595657849123,0.0212385391902614,0.0197307643564317,0.0248585598126919,0.0284972205086176,0.00847600632973501,0.0238028807296652,0.0142606424710623,0.0246789641839371,0.0382394697145652,0.048919935953102,0.0600095961859845,0.0131703461086874,0.025364504664703,0.127960948552904,0.0225590256665922,0.0273799995956386,0.00982016274066283,0.0100107057141688
"SPEECH_978",NA,NA,NA,NA,NA,NA,NA,NA,NA,NA,NA,NA,NA,NA,NA,NA,NA,NA,NA,NA,NA,NA,NA,NA,NA,NA,NA,NA,NA,NA,NA,NA,NA,NA,NA,NA,NA,NA,NA,NA,NA,NA,NA,NA,NA,NA,NA,NA,NA,NA,NA,NA,NA,NA,NA,NA,NA,NA,NA,NA,0.0112595906383436,0.0370604110974516,0.0161950678760031,0.116892591261159,0.0815977600351893,0.0650021771408593,0.0175948486332339,0.016409280784106,0.0237395636546182,0.0133052647358904,0.0454792150852438,0.00648595657849123,0.0212385391902614,0.0197307643564317,0.0248585598126919,0.0284972205086176,0.00847600632973501,0.0238028807296652,0.0142606424710623,0.0246789641839371,0.0382394697145652,0.048919935953102,0.0600095961859845,0.0131703461086874,0.025364504664703,0.127960948552904,0.0225590256665922,0.0273799995956386,0.00982016274066283,0.0100107057141688,0.0240009536424197,0.0978009732129377,0.0142564876098782,0.0195528220720471,0.0689533740817072,0.0192913564218368,0.0164449305128922,0.00973559709078535,0.0223655165792887,0.0122749726702089,0.083843864928455,0.0168996424177189,0.0123482360137209,0.0650549697850707,0.0216959955424951,0.0493196807113715,0.00981844393534197,0.0258677818162987,0.0112064123037358,0.0298120860389911,0.0181929106639483,0.0122482397462423,0.00489302879320856,0.017945694166607,0.0237991326763423,0.0840357240973939,0.0501610112241292,0.0142978479828075,0.0294561724640123,0.114426140798107
"SPEECH_1184",NA,NA,NA,NA,NA,NA,NA,NA,NA,NA,NA,NA,NA,NA,NA,NA,NA,NA,NA,NA,NA,NA,NA,NA,NA,NA,NA,NA,NA,NA,NA,NA,NA,NA,NA,NA,NA,NA,NA,NA,NA,NA,NA,NA,NA,NA,NA,NA,NA,NA,NA,NA,NA,NA,NA,NA,NA,NA,NA,NA,0.0240009536424197,0.0978009732129377,0.0142564876098782,0.0195528220720471,0.0689533740817072,0.0192913564218368,0.0164449305128922,0.00973559709078535,0.0223655165792887,0.0122749726702089,0.083843864928455,0.0168996424177189,0.0123482360137209,0.0650549697850707,0.0216959955424951,0.0493196807113715,0.00981844393534197,0.0258677818162987,0.0112064123037358,0.0298120860389911,0.0181929106639483,0.0122482397462423,0.00489302879320856,0.017945694166607,0.0237991326763423,0.0840357240973939,0.0501610112241292,0.0142978479828075,0.0294561724640123,0.114426140798107,0.0256224974974975,0.0390407234157234,0.0114123739123739,0.0139476014476014,0.0197247728497729,0.0452705108955109,0.034222202972203,0.02064733002233,0.00609720297220297,0.202549905674906,0.0402383152383152,0.0853728728728729,0.0133816508816509,0.0777209902209902,0.00573049010549011,0.0213944713944714,0.0259083602833603,0.0129059347809348,0.00987044737044737,0.0160258816508817,0.0867112304612305,0.0257177850927851,0.0202798952798953,0.0227891352891353,0.0200597231847232,0.0140378359128359,0.0151567432817433,0.0281945406945407,0.0105749980749981,0.0293935762685763
"SPEECH_913",NA,NA,NA,NA,NA,NA,NA,NA,NA,NA,NA,NA,NA,NA,NA,NA,NA,NA,NA,NA,NA,NA,NA,NA,NA,NA,NA,NA,NA,NA,NA,NA,NA,NA,NA,NA,NA,NA,NA,NA,NA,NA,NA,NA,NA,NA,NA,NA,NA,NA,NA,NA,NA,NA,NA,NA,NA,NA,NA,NA,0.0631625500280135,0.0130042140446956,0.038581427099063,0.018006070390188,0.0153904314852707,0.0505640023513766,0.0793330866763668,0.0318995345051501,0.0101353042877818,0.0251094526828808,0.0437249426997061,0.0360647531987122,0.0148836896552348,0.0656085213156966,0.0161302419524461,0.0736956299705455,0.035210965763279,0.023624141253307,0.0166308814775979,0.0102147470797341,0.0344211508319429,0.0104949953012805,0.0235721834642312,0.0122883399785569,0.0296387562105064,0.00880207145672107,0.0946892102738094,0.0589872716969284,0.0121493433708056,0.0339820894981715,0.038252623032971,0.0268549060120874,0.0122131095518737,0.0153150661057478,0.0467723812316468,0.0285622748515426,0.0232458418899834,0.0137575795913704,0.0261497818176302,0.029627203506581,0.0542247327648892,0.0760369908972136,0.0171120884987291,0.0283599153272898,0.0203558988488686,0.0652846784320602,0.0483443588517692,0.0161335559013889,0.0240764096367914,0.0219334649522003,0.0172204853732385,0.0449980419768466,0.0449884525024204,0.0295515983589145,0.0396966726804371,0.0599735164477715,0.0574762776405601,0.0260583531799192,0.0261315064872382,0.0212922336500194
"SPEECH_1115",NA,NA,NA,NA,NA,NA,NA,NA,NA,NA,NA,NA,NA,NA,NA,NA,NA,NA,NA,NA,NA,NA,NA,NA,NA,NA,NA,NA,NA,NA,NA,NA,NA,NA,NA,NA,NA,NA,NA,NA,NA,NA,NA,NA,NA,NA,NA,NA,NA,NA,NA,NA,NA,NA,NA,NA,NA,NA,NA,NA,0.0491649119651888,0.0303241208009658,0.010083638019227,0.0256016420944797,0.0737522258804727,0.045466233905519,0.0593196508073025,0.0124629268918924,0.0609169466616325,0.0250107291383236,0.0749956391099785,0.0216386334053773,0.0253894932550997,0.0327830273183169,0.0208177600151618,0.0514659373289161,0.0186270251393385,0.0133132534794548,0.0141986925723589,0.0150172490632388,0.0117870099179148,0.0593101055325527,0.0528491707219982,0.0233738875584901,0.0134250121714773,0.0636497123154588,0.024200495484523,0.0348081073440016,0.0120526963212156,0.0241940657801224,0.0960297747990684,0.0290837045920441,0.0174958471195009,0.0139358258259156,0.030652062882536,0.0291360413536845,0.0276150353713434,0.0211842180904426,0.0202620941948729,0.0290979102844893,0.0291502470461298,0.0718943033345662,0.0174055039000026,0.0361182638018686,0.00874077917641543,0.110939521299733,0.0162504814151329,0.0223867174948004,0.0322254056265176,0.00850314535630037,0.0196822776426991,0.0626543726782831,0.0216832864960854,0.0238601219463161,0.0211462116325846,0.0319022884290564,0.0118777449800738,0.112151615777058,0.0186554802238485,0.00827971722863057
"SPEECH_1044",NA,NA,NA,NA,NA,NA,NA,NA,NA,NA,NA,NA,NA,NA,NA,NA,NA,NA,NA,NA,NA,NA,NA,NA,NA,NA,NA,NA,NA,NA,NA,NA,NA,NA,NA,NA,NA,NA,NA,NA,NA,NA,NA,NA,NA,NA,NA,NA,NA,NA,NA,NA,NA,NA,NA,NA,NA,NA,NA,NA,0.0173881624137869,0.113399699195898,0.00860726168680113,0.0276303122693856,0.0277413901847979,0.0258032720745014,0.0505736472114336,0.00485359420045606,0.0103347147851089,0.00947098823595503,0.199881516890227,0.0144426825188896,0.00799824828850637,0.0997141339625195,0.00789866119192987,0.0707036466751954,0.0105338889782619,0.0105338889782619,0.00764394804107074,0.00947098823595503,0.0209311648881433,0.00520789444789169,0.00703493464277598,0.00896156193423677,0.0883975925457781,0.012770768378288,0.0288483390659752,0.00642592124448122,0.0145978085731723,0.0721993682603156,0.0597701149425287,0.12183908045977,0.0114942528735632,0.227011494252874,0.0218390804597701,0.00804597701149425,0.0114942528735632,0.00977011494252874,0.00459770114942529,0.0614942528735632,0.0183908045977011,0.0132183908045977,0.0149425287356322,0.0183908045977011,0.0201149425287356,0.0183908045977011,0.00977011494252874,0.00977011494252874,0.0373563218390805,0.0132183908045977,0.0597701149425287,0.130459770114943,0.00804597701149425,0.0339080459770115,0.00977011494252874,0.0028735632183908,0.0149425287356322,0.0183908045977011,0.0028735632183908,0.00804597701149425
"SPEECH_1175",NA,NA,NA,NA,NA,NA,NA,NA,NA,NA,NA,NA,NA,NA,NA,NA,NA,NA,NA,NA,NA,NA,NA,NA,NA,NA,NA,NA,NA,NA,NA,NA,NA,NA,NA,NA,NA,NA,NA,NA,NA,NA,NA,NA,NA,NA,NA,NA,NA,NA,NA,NA,NA,NA,NA,NA,NA,NA,NA,NA,0.0201398535439282,0.0295211238016841,0.0218505084803896,0.0926460058994015,0.0308694971789199,0.010303051739809,0.0403225806451613,0.0303223234038175,0.0534976248049253,0.0128572439162422,0.013588238068289,0.0388118236696335,0.0163969919912195,0.0745817684484917,0.0153369432868584,0.0277627720327211,0.0304000317264324,0.0106840904803553,0.0192636252165115,0.0398858062801187,0.00927301452556122,0.0149285726535302,0.00948899007048413,0.0132270283479961,0.00664808097957504,0.0204774828077035,0.123856347858895,0.0890617765087205,0.0740758604722951,0.00992094116032996,0.0183976190390075,0.0850654281551754,0.0100164308332578,0.0107412450661366,0.068721983030604,0.00974338003318384,0.0356859749132434,0.0154715106728878,0.0133032844667442,0.00681398026238622,0.0776820316411903,0.0261398648436472,0.00871590111238291,0.0580514560541914,0.0121708122851775,0.0959554121988097,0.08932974260271,0.0164715360610003,0.024862895152699,0.0406215402088822,0.00665631343805273,0.00794088279350494,0.00761698106538703,0.0177070323799714,0.0199219800356378,0.0177078704538146,0.0155776797271327,0.0137751538902265,0.0117019126934709,0.157432164889484
"SPEECH_1186",NA,NA,NA,NA,NA,NA,NA,NA,NA,NA,NA,NA,NA,NA,NA,NA,NA,NA,NA,NA,NA,NA,NA,NA,NA,NA,NA,NA,NA,NA,NA,NA,NA,NA,NA,NA,NA,NA,NA,NA,NA,NA,NA,NA,NA,NA,NA,NA,NA,NA,NA,NA,NA,NA,NA,NA,NA,NA,NA,NA,0.0401404759596581,0.049289648613211,0.0113018955145429,0.0468866944329346,0.0147101130299433,0.0400710490005652,0.0218708772935614,0.016921716332925,0.0138222321168748,0.0139715347865335,0.0412323372930472,0.0554416983470088,0.0110216835342748,0.100369525059177,0.0162809238891126,0.0623895508770059,0.0158632664966212,0.0227750866062073,0.0165041122672477,0.0204333626218936,0.023286701251796,0.0331645078389171,0.0517180027982029,0.0757489624615118,0.0412541262113026,0.0376540116023803,0.0514750921001004,0.022347024080287,0.015132352820391,0.0169214347627655,0.0847687976700874,0.0270008196283242,0.0133323374546631,0.0447465211154225,0.0204812248412484,0.0245459278435119,0.044587478886066,0.0204479688175324,0.0110760167713477,0.0172878733028766,0.0955298814411529,0.0846270216962187,0.00714241020945738,0.0282178310387152,0.0530696044898088,0.0376966629721828,0.0152968624824299,0.00941888971663002,0.0286156907144212,0.0215030739265386,0.014890522832705,0.0415262865291828,0.0514828478674735,0.0315359728497935,0.0479883122762747,0.0509772598886762,0.020131954856951,0.0163615865490678,0.0271101839722282,0.00860217735901178
"SPEECH_1162",NA,NA,NA,NA,NA,NA,NA,NA,NA,NA,NA,NA,NA,NA,NA,NA,NA,NA,NA,NA,NA,NA,NA,NA,NA,NA,NA,NA,NA,NA,NA,NA,NA,NA,NA,NA,NA,NA,NA,NA,NA,NA,NA,NA,NA,NA,NA,NA,NA,NA,NA,NA,NA,NA,NA,NA,NA,NA,NA,NA,0.0267911437725587,0.107897469325574,0.0152156323578108,0.0436704692310221,0.0198379397204029,0.0226752733134737,0.0124120709627057,0.0129761640963925,0.0158832213068378,0.0279346949724983,0.0227641368110592,0.0258905680948771,0.0141361357577587,0.107470179684473,0.0106355381614808,0.0997551461363925,0.0236437919194799,0.0165816139407453,0.00906089792296177,0.019320461797214,0.0631920763700019,0.0376601152252668,0.028836958652324,0.0411974639473629,0.0502439848079785,0.0155423228774671,0.0406609821759942,0.0399764086077036,0.0200307447290926,0.00810639332108917,0.0265721896785259,0.0488421907432062,0.00959641142332255,0.0295252356953701,0.0413281952840313,0.0544883458987186,0.0403189016671862,0.0143404601332615,0.0235463797596765,0.0234916998148104,0.0442876372331535,0.0212274128133111,0.0104140282126868,0.0562081909057823,0.0293348764359848,0.0866163483845818,0.0183319402007855,0.0157722403255423,0.024909225787453,0.0166106993836196,0.0215027644047442,0.0348229878995277,0.0165921213090424,0.0193428015869506,0.0614107457595368,0.0688157991193219,0.0150133038364171,0.0489371477975324,0.0613888599624653,0.0164108585434518
"SPEECH_991",NA,NA,NA,NA,NA,NA,NA,NA,NA,NA,NA,NA,NA,NA,NA,NA,NA,NA,NA,NA,NA,NA,NA,NA,NA,NA,NA,NA,NA,NA,NA,NA,NA,NA,NA,NA,NA,NA,NA,NA,NA,NA,NA,NA,NA,NA,NA,NA,NA,NA,NA,NA,NA,NA,NA,NA,NA,NA,NA,NA,0.0265721896785259,0.0488421907432062,0.00959641142332255,0.0295252356953701,0.0413281952840313,0.0544883458987186,0.0403189016671862,0.0143404601332615,0.0235463797596765,0.0234916998148104,0.0442876372331535,0.0212274128133111,0.0104140282126868,0.0562081909057823,0.0293348764359848,0.0866163483845818,0.0183319402007855,0.0157722403255423,0.024909225787453,0.0166106993836196,0.0215027644047442,0.0348229878995277,0.0165921213090424,0.0193428015869506,0.0614107457595368,0.0688157991193219,0.0150133038364171,0.0489371477975324,0.0613888599624653,0.0164108585434518,0.00834605056790986,0.0216831276540412,0.0144078198775777,0.0820198177635722,0.0292551808841794,0.0681198916883316,0.0175251503779711,0.0244881177037939,0.0235441061210655,0.0104060875708447,0.0112625016688356,0.0463247289633325,0.0102282709292463,0.0386594166970042,0.0233888495368941,0.037716715909968,0.0656288753358078,0.0313312839146973,0.0102363592088001,0.0211857156285825,0.0228208797853403,0.0125157683668869,0.0127172999548303,0.0326931130372603,0.0293516730078349,0.0805956406459259,0.0870288688663629,0.0294269557749464,0.055244659213952,0.0418470733442046
"SPEECH_1060",NA,NA,NA,NA,NA,NA,NA,NA,NA,NA,NA,NA,NA,NA,NA,NA,NA,NA,NA,NA,NA,NA,NA,NA,NA,NA,NA,NA,NA,NA,NA,NA,NA,NA,NA,NA,NA,NA,NA,NA,NA,NA,NA,NA,NA,NA,NA,NA,NA,NA,NA,NA,NA,NA,NA,NA,NA,NA,NA,NA,0.00714541488980761,0.0105390800481787,0.0107425371919659,0.00488297145089358,0.0394299944659657,0.0213874149549139,0.012541098343045,0.0152674240697939,0.0154708812135812,0.0141362023503369,0.0456069533513461,0.0143396594941242,0.0159347635014161,0.0186041212279046,0.0471776425013835,0.0797470620788437,0.011409876623588,0.0105390800481787,0.0217943292424884,0.0222582115303233,0.0156743383573684,0.014803541781959,0.0222012435300628,0.0383882938897751,0.0141362023503369,0.210643250105798,0.0195318858035743,0.0591246459845698,0.150346690973013,0.0161951886454637,0.0405969748279568,0.0233941536333388,0.0121276410026871,0.0437798087146741,0.0118505122829505,0.0389306978621222,0.0191519641424397,0.0120547472181981,0.00871207059682542,0.021843121045837,0.0389188350407166,0.0431271362979916,0.0121664525898273,0.115557857332314,0.011112375015687,0.0877318114045409,0.0460945429883614,0.0262629081565729,0.0179329198662184,0.0134136703741595,0.0482259471828723,0.0124397308525366,0.00632857895362504,0.0654062009752068,0.116252503499032,0.0125542592276339,0.0380726422449416,0.0204208726130196,0.0157686803840177,0.0197703836736957
"SPEECH_1159",NA,NA,NA,NA,NA,NA,NA,NA,NA,NA,NA,NA,NA,NA,NA,NA,NA,NA,NA,NA,NA,NA,NA,NA,NA,NA,NA,NA,NA,NA,NA,NA,NA,NA,NA,NA,NA,NA,NA,NA,NA,NA,NA,NA,NA,NA,NA,NA,NA,NA,NA,NA,NA,NA,NA,NA,NA,NA,NA,NA,0.0353666843368275,0.0728993883844343,0.0127410409434726,0.0899632061651761,0.00617885622759167,0.0518020713988497,0.0156202796445448,0.0101225796154745,0.00957537463590919,0.00612114320240314,0.0630817615440301,0.0062365692527802,0.00692698803559112,0.0717750531529837,0.00364589567765067,0.105107531478536,0.0156779926697333,0.00574707729840342,0.016857903406921,0.0134613849986035,0.0817679565884049,0.0282572946413812,0.049846241100794,0.0605765887469576,0.0490361212287032,0.00364589567765067,0.00321411674846241,0.0462466583445909,0.0381304969875226,0.0203698478656156,0.0325546227613815,0.0495553523034347,0.0151855491346773,0.0724855008350857,0.00969520668985316,0.0708378011889563,0.0197113271974885,0.015932474171481,0.0121542330109861,0.0158213706103236,0.0183962345350963,0.0203895752539918,0.0100817088240048,0.0832571334110675,0.0167409995313484,0.0884719481145436,0.0336231025784149,0.0140550768833371,0.0174369956906668,0.0105461370746234,0.0800346228368489,0.0556383789381512,0.0418029780599377,0.0266223775776872,0.0428109176242629,0.0557176649033691,0.0179985405440051,0.0258178077214467,0.0160554999605346,0.010568862032994
"SPEECH_1051",NA,NA,NA,NA,NA,NA,NA,NA,NA,NA,NA,NA,NA,NA,NA,NA,NA,NA,NA,NA,NA,NA,NA,NA,NA,NA,NA,NA,NA,NA,NA,NA,NA,NA,NA,NA,NA,NA,NA,NA,NA,NA,NA,NA,NA,NA,NA,NA,NA,NA,NA,NA,NA,NA,NA,NA,NA,NA,NA,NA,0.0172839506172839,0.0765432098765432,0.00246913580246914,0.0158024691358025,0.0246913580246914,0.0261728395061728,0.0158024691358025,0.00691358024691358,0.0261728395061728,0.014320987654321,0.00839506172839506,0.0720987654320988,0.0054320987654321,0.0602469135802469,0.100246913580247,0.0409876543209877,0.0661728395061728,0.0054320987654321,0.00987654320987654,0.0246913580246914,0.0261728395061728,0.0291358024691358,0.00691358024691358,0.0824691358024691,0.0706172839506173,0.00987654320987654,0.0054320987654321,0.104691358024691,0.0276543209876543,0.0172839506172839,0.0340145238585093,0.0261979819275155,0.0127435496675041,0.0555601600968672,0.0313748434456079,0.0783247624054529,0.036001280158904,0.0291389257726539,0.0321638277251296,0.0108224905590509,0.0282411297248831,0.0692213115541561,0.0112831070681517,0.106874431900777,0.0182913355036801,0.0261747973935974,0.0747377580156378,0.0170665163021364,0.0291883113474159,0.0421209761279353,0.0165671578887404,0.0305949558542983,0.022643396054627,0.0291019211228743,0.0229150616894825,0.0179677866024685,0.0196232997054032,0.0406908497832062,0.0135000683049082,0.0168534824384257
"SPEECH_1030",NA,NA,NA,NA,NA,NA,NA,NA,NA,NA,NA,NA,NA,NA,NA,NA,NA,NA,NA,NA,NA,NA,NA,NA,NA,NA,NA,NA,NA,NA,NA,NA,NA,NA,NA,NA,NA,NA,NA,NA,NA,NA,NA,NA,NA,NA,NA,NA,NA,NA,NA,NA,NA,NA,NA,NA,NA,NA,NA,NA,0.0180230838969076,0.0473268981121639,0.0129357117067571,0.0278579814175163,0.0219636954544079,0.04465664105547,0.0182410230090705,0.0214158633694644,0.0168189447171902,0.0193413875920231,0.110846312767465,0.0319021690289969,0.00861328312385342,0.0984661026575232,0.0315805230469838,0.0968444184718377,0.0309424118742613,0.0293889879050452,0.0121526919384667,0.0190102531073855,0.0169483735830668,0.0110312258471697,0.0192449248336273,0.0240743891207057,0.0404912295731106,0.102614462967877,0.0118342300109147,0.0191932247372656,0.0213067957808976,0.0149327592925758,0.0281693832521979,0.0328850445398704,0.0131054042435196,0.0296567418895928,0.0235248731593322,0.033081279212722,0.0361105311733688,0.0107202814766462,0.0201145658913232,0.0116800310278562,0.0630860986114444,0.0569720758410178,0.00795292952386482,0.0819073312075925,0.00982055751491023,0.0578824916867214,0.0802044515261489,0.024781308054207,0.0137076144986403,0.0171767615633732,0.0307141704140466,0.0335315890024557,0.0644745809083554,0.0129832977952488,0.0458187459103476,0.0156538099652496,0.0136977576399341,0.0420822711740005,0.0490651239477603,0.0394388973482514
"SPEECH_992",NA,NA,NA,NA,NA,NA,NA,NA,NA,NA,NA,NA,NA,NA,NA,NA,NA,NA,NA,NA,NA,NA,NA,NA,NA,NA,NA,NA,NA,NA,NA,NA,NA,NA,NA,NA,NA,NA,NA,NA,NA,NA,NA,NA,NA,NA,NA,NA,NA,NA,NA,NA,NA,NA,NA,NA,NA,NA,NA,NA,0.0281693832521979,0.0328850445398704,0.0131054042435196,0.0296567418895928,0.0235248731593322,0.033081279212722,0.0361105311733688,0.0107202814766462,0.0201145658913232,0.0116800310278562,0.0630860986114444,0.0569720758410178,0.00795292952386482,0.0819073312075925,0.00982055751491023,0.0578824916867214,0.0802044515261489,0.024781308054207,0.0137076144986403,0.0171767615633732,0.0307141704140466,0.0335315890024557,0.0644745809083554,0.0129832977952488,0.0458187459103476,0.0156538099652496,0.0136977576399341,0.0420822711740005,0.0490651239477603,0.0394388973482514,0.0409861522653393,0.0240564532853929,0.00886690001783599,0.0209236258820217,0.0400404298214909,0.0168999956487155,0.0792837127263583,0.00995882314930087,0.0151661177791167,0.0191040963936008,0.0295177080046255,0.0276447084217471,0.0129811315722018,0.0827478936693606,0.0178559815202213,0.0368370244946486,0.0167961113059935,0.0145253393728592,0.0694664169615122,0.0443312628177907,0.015016264436732,0.0267060889266491,0.0502685609370949,0.016614323931547,0.0159599238966504,0.0759574534743759,0.0393601247224102,0.0579465383179496,0.0098419594002588,0.0643388768461985
"SPEECH_1104",NA,NA,NA,NA,NA,NA,NA,NA,NA,NA,NA,NA,NA,NA,NA,NA,NA,NA,NA,NA,NA,NA,NA,NA,NA,NA,NA,NA,NA,NA,NA,NA,NA,NA,NA,NA,NA,NA,NA,NA,NA,NA,NA,NA,NA,NA,NA,NA,NA,NA,NA,NA,NA,NA,NA,NA,NA,NA,NA,NA,0.0281693832521979,0.0328850445398704,0.0131054042435196,0.0296567418895928,0.0235248731593322,0.033081279212722,0.0361105311733688,0.0107202814766462,0.0201145658913232,0.0116800310278562,0.0630860986114444,0.0569720758410178,0.00795292952386482,0.0819073312075925,0.00982055751491023,0.0578824916867214,0.0802044515261489,0.024781308054207,0.0137076144986403,0.0171767615633732,0.0307141704140466,0.0335315890024557,0.0644745809083554,0.0129832977952488,0.0458187459103476,0.0156538099652496,0.0136977576399341,0.0420822711740005,0.0490651239477603,0.0394388973482514,0.0409861522653393,0.0240564532853929,0.00886690001783599,0.0209236258820217,0.0400404298214909,0.0168999956487155,0.0792837127263583,0.00995882314930087,0.0151661177791167,0.0191040963936008,0.0295177080046255,0.0276447084217471,0.0129811315722018,0.0827478936693606,0.0178559815202213,0.0368370244946486,0.0167961113059935,0.0145253393728592,0.0694664169615122,0.0443312628177907,0.015016264436732,0.0267060889266491,0.0502685609370949,0.016614323931547,0.0159599238966504,0.0759574534743759,0.0393601247224102,0.0579465383179496,0.0098419594002588,0.0643388768461985
"SPEECH_1047",NA,NA,NA,NA,NA,NA,NA,NA,NA,NA,NA,NA,NA,NA,NA,NA,NA,NA,NA,NA,NA,NA,NA,NA,NA,NA,NA,NA,NA,NA,NA,NA,NA,NA,NA,NA,NA,NA,NA,NA,NA,NA,NA,NA,NA,NA,NA,NA,NA,NA,NA,NA,NA,NA,NA,NA,NA,NA,NA,NA,0.0236122521628535,0.0709848613031164,0.0161401634245771,0.0207548280679383,0.0208964056674908,0.0422709220103322,0.032298249322886,0.0140225898566545,0.019728335868362,0.0110637110950793,0.0552923236775179,0.0350359210965115,0.0130994751866025,0.0489347754205623,0.0300617794996601,0.0721761828178108,0.0706685533111333,0.0207869835103484,0.0291539453850605,0.0283178126654053,0.00893693087596547,0.053559040098694,0.00938711061044529,0.0262238156925835,0.020597858040625,0.082482047404741,0.0294247464423931,0.0220320968359182,0.0179438895399473,0.0541123931087846,0.046338548545864,0.0246343616158637,0.0101223319192732,0.0229232356625309,0.0140507567287111,0.0240713631226719,0.0197935956888977,0.0143291148145807,0.0189861370739275,0.00838598178101472,0.0387846738434439,0.0835577349453783,0.00694772874467007,0.0221269371835549,0.0231070742292658,0.043391855087279,0.214544573766633,0.0182331125916638,0.120782786110236,0.0101735774416957,0.0142976083082025,0.0204520057529109,0.00571525495058635,0.053602392571196,0.0184791670185842,0.010727902155722,0.00669618914886818,0.0438759924154096,0.0332421289566367,0.00762587782472753
"SPEECH_1281",NA,NA,NA,NA,NA,NA,NA,NA,NA,NA,NA,NA,NA,NA,NA,NA,NA,NA,NA,NA,NA,NA,NA,NA,NA,NA,NA,NA,NA,NA,NA,NA,NA,NA,NA,NA,NA,NA,NA,NA,NA,NA,NA,NA,NA,NA,NA,NA,NA,NA,NA,NA,NA,NA,NA,NA,NA,NA,NA,NA,0.00544662309368192,0.00544662309368192,0.00544662309368192,0.0185185185185185,0.0446623093681917,0.00544662309368192,0.0250544662309368,0.00544662309368192,0.0773420479302832,0.00544662309368192,0.00544662309368192,0.00544662309368192,0.00544662309368192,0.00544662309368192,0.0413943355119826,0.0119825708061002,0.0119825708061002,0.0185185185185185,0.0185185185185185,0.00544662309368192,0.0348583877995643,0.0152505446623094,0.0119825708061002,0.0348583877995643,0.0119825708061002,0.433551198257081,0.00544662309368192,0.0577342047930283,0.0577342047930283,0.00871459694989107,0.0301688717351368,0.00865250323081648,0.00956611438539149,0.0265048650590819,0.0307217325289614,0.035035089854367,0.0199957115619766,0.0155067600850733,0.0320117410478856,0.0191299106961758,0.091095695914973,0.0062715508498641,0.0137108317831209,0.0740604553857566,0.0133179181371952,0.0688656501909514,0.0187535133318266,0.0266900212683345,0.00815527622756538,0.0170618983871996,0.0116584664777436,0.0219681032934045,0.0407175599946684,0.0144801427933958,0.019186413764727,0.139499701547894,0.0203408149191282,0.0993277583639029,0.0240761023893554,0.043468824794126
"SPEECH_982",NA,NA,NA,NA,NA,NA,NA,NA,NA,NA,NA,NA,NA,NA,NA,NA,NA,NA,NA,NA,NA,NA,NA,NA,NA,NA,NA,NA,NA,NA,NA,NA,NA,NA,NA,NA,NA,NA,NA,NA,NA,NA,NA,NA,NA,NA,NA,NA,NA,NA,NA,NA,NA,NA,NA,NA,NA,NA,NA,NA,0.047887527244757,0.0346356042138012,0.0151386239188169,0.0779417733095938,0.0299356520384785,0.0261196278118754,0.0280707893837319,0.00815647963561083,0.0304371497733204,0.0259046162680824,0.0215241065416792,0.0355042573279315,0.0117177166760308,0.0414746734013239,0.0494060749185741,0.0577193893908363,0.0532363415213879,0.0224344145480357,0.0122138865036524,0.0171873374345623,0.0294718366680061,0.0136336749108512,0.038357612911236,0.041052716184821,0.0670987295131841,0.0165219292637379,0.00975269038438084,0.0480074229868737,0.0724439340332281,0.0170134112815986,0.0171599058539952,0.050874931959352,0.0201290146254865,0.0862738791868246,0.0249689958675888,0.0403589212429534,0.0626036178429542,0.013795269957053,0.0361588638015025,0.010963622328907,0.0468501482832419,0.0619541781145648,0.0140939660689702,0.0666025222867439,0.0151121505255226,0.0518122230389167,0.030999282321407,0.0280627728842442,0.00653585499438137,0.0145107917953254,0.0346636221877309,0.0549402692261668,0.0266283536594702,0.0392058458499954,0.0502667468153623,0.0429694754865466,0.011637831077977,0.0141814741422807,0.0144525643936289,0.0112329041809058
"SPEECH_925",NA,NA,NA,NA,NA,NA,NA,NA,NA,NA,NA,NA,NA,NA,NA,NA,NA,NA,NA,NA,NA,NA,NA,NA,NA,NA,NA,NA,NA,NA,NA,NA,NA,NA,NA,NA,NA,NA,NA,NA,NA,NA,NA,NA,NA,NA,NA,NA,NA,NA,NA,NA,NA,NA,NA,NA,NA,NA,NA,NA,0.0271198556612709,0.0637929510137996,0.0130392064359827,0.0501555029478736,0.0237337661660828,0.0797054377101269,0.0285289404805633,0.014238332108145,0.0190462503519392,0.00892999149454722,0.032767496858099,0.0254043731352911,0.0101288671241825,0.0784547964292514,0.00767766285729437,0.117072964933063,0.0367080247698988,0.0161423651984806,0.0126507448214998,0.0227821039639589,0.0573962840891921,0.020589965214318,0.0182982786624387,0.051019859997228,0.0418951561901983,0.0106183400888504,0.0186971001950336,0.0344935202798368,0.0294600628366436,0.0294517979849098,0.0529645859373719,0.0265410196230039,0.0182228655900544,0.0598836604761883,0.0327382841090036,0.0852836999556883,0.0193588604176699,0.0208584437383542,0.0208585254771266,0.0140859491985235,0.0504373311531711,0.0164912011901753,0.00958056879547253,0.0755968154085064,0.01484021874429,0.0592136104871743,0.0146030088047494,0.0173189204710676,0.020674632702061,0.0182286458170683,0.0218106272011183,0.0254201870801831,0.067873442552994,0.0248268038964152,0.0362161081573256,0.0508102726154626,0.0569616079561333,0.0272291180465021,0.0195083982549997,0.0215625861421458
"SPEECH_922",NA,NA,NA,NA,NA,NA,NA,NA,NA,NA,NA,NA,NA,NA,NA,NA,NA,NA,NA,NA,NA,NA,NA,NA,NA,NA,NA,NA,NA,NA,NA,NA,NA,NA,NA,NA,NA,NA,NA,NA,NA,NA,NA,NA,NA,NA,NA,NA,NA,NA,NA,NA,NA,NA,NA,NA,NA,NA,NA,NA,0.0171599058539952,0.050874931959352,0.0201290146254865,0.0862738791868246,0.0249689958675888,0.0403589212429534,0.0626036178429542,0.013795269957053,0.0361588638015025,0.010963622328907,0.0468501482832419,0.0619541781145648,0.0140939660689702,0.0666025222867439,0.0151121505255226,0.0518122230389167,0.030999282321407,0.0280627728842442,0.00653585499438137,0.0145107917953254,0.0346636221877309,0.0549402692261668,0.0266283536594702,0.0392058458499954,0.0502667468153623,0.0429694754865466,0.011637831077977,0.0141814741422807,0.0144525643936289,0.0112329041809058,0.022398643559845,0.0306266020157523,0.0224540732744744,0.0350733700218625,0.0174945004096276,0.0405663469684142,0.0614026541237879,0.0200680075665205,0.00964044327842653,0.0137460634431963,0.0541702668859053,0.0283930810132461,0.01085462179886,0.0625891035709268,0.0118459384155315,0.109748097674804,0.0498822719278681,0.0177259527885844,0.0160324927014981,0.0137346446585847,0.0820316587652999,0.0158187585296773,0.043365631511947,0.018113598417618,0.0314022690584933,0.0110649193246186,0.0316829045700838,0.0653450622337329,0.0182943304605395,0.0344336910302739
"SPEECH_923",NA,NA,NA,NA,NA,NA,NA,NA,NA,NA,NA,NA,NA,NA,NA,NA,NA,NA,NA,NA,NA,NA,NA,NA,NA,NA,NA,NA,NA,NA,NA,NA,NA,NA,NA,NA,NA,NA,NA,NA,NA,NA,NA,NA,NA,NA,NA,NA,NA,NA,NA,NA,NA,NA,NA,NA,NA,NA,NA,NA,0.0171599058539952,0.050874931959352,0.0201290146254865,0.0862738791868246,0.0249689958675888,0.0403589212429534,0.0626036178429542,0.013795269957053,0.0361588638015025,0.010963622328907,0.0468501482832419,0.0619541781145648,0.0140939660689702,0.0666025222867439,0.0151121505255226,0.0518122230389167,0.030999282321407,0.0280627728842442,0.00653585499438137,0.0145107917953254,0.0346636221877309,0.0549402692261668,0.0266283536594702,0.0392058458499954,0.0502667468153623,0.0429694754865466,0.011637831077977,0.0141814741422807,0.0144525643936289,0.0112329041809058,0.022398643559845,0.0306266020157523,0.0224540732744744,0.0350733700218625,0.0174945004096276,0.0405663469684142,0.0614026541237879,0.0200680075665205,0.00964044327842653,0.0137460634431963,0.0541702668859053,0.0283930810132461,0.01085462179886,0.0625891035709268,0.0118459384155315,0.109748097674804,0.0498822719278681,0.0177259527885844,0.0160324927014981,0.0137346446585847,0.0820316587652999,0.0158187585296773,0.043365631511947,0.018113598417618,0.0314022690584933,0.0110649193246186,0.0316829045700838,0.0653450622337329,0.0182943304605395,0.0344336910302739
"SPEECH_1181",NA,NA,NA,NA,NA,NA,NA,NA,NA,NA,NA,NA,NA,NA,NA,NA,NA,NA,NA,NA,NA,NA,NA,NA,NA,NA,NA,NA,NA,NA,NA,NA,NA,NA,NA,NA,NA,NA,NA,NA,NA,NA,NA,NA,NA,NA,NA,NA,NA,NA,NA,NA,NA,NA,NA,NA,NA,NA,NA,NA,0.0733882030178326,0.0178326474622771,0.0116598079561043,0.0178326474622771,0.0445816186556927,0.0589849108367627,0.00960219478737997,0.00548696844993141,0.0281207133058985,0.0157750342935528,0.137174211248285,0.295610425240055,0.00342935528120713,0.0445816186556927,0.00548696844993141,0.0219478737997256,0.00548696844993141,0.00342935528120713,0.032235939643347,0.0281207133058985,0.00548696844993141,0.0260631001371742,0.0157750342935528,0.00548696844993141,0.00548696844993141,0.00754458161865569,0.0281207133058985,0.0116598079561043,0.00342935528120713,0.0301783264746228,0.034213177607436,0.0732143925750899,0.0183603443473881,0.0321110228949585,0.0126514396194888,0.0377345099546792,0.0252366761387183,0.0136158037276451,0.0060752814604083,0.0163554411833548,0.0641124828635994,0.0363708890264184,0.00967334934990418,0.110181958714592,0.021768916414058,0.126498238801837,0.0481913947438628,0.0137023178579241,0.0358027716691867,0.00948300454247776,0.0146850842861292,0.0417847582100222,0.0182266318332407,0.0238122985581873,0.0300761461741497,0.0186750373195498,0.018501193809676,0.0362065072407448,0.00918137738538388,0.043497551689889
"SPEECH_1058",NA,NA,NA,NA,NA,NA,NA,NA,NA,NA,NA,NA,NA,NA,NA,NA,NA,NA,NA,NA,NA,NA,NA,NA,NA,NA,NA,NA,NA,NA,NA,NA,NA,NA,NA,NA,NA,NA,NA,NA,NA,NA,NA,NA,NA,NA,NA,NA,NA,NA,NA,NA,NA,NA,NA,NA,NA,NA,NA,NA,0.0655821972057037,0.0258383121483449,0.0151008194564548,0.0164825617823279,0.0203450412258626,0.0446986147851707,0.0319136374509554,0.0156993606789052,0.0109982553538907,0.0147314996945103,0.0282386297102924,0.0877665733680487,0.0119595071074294,0.0450679345471152,0.00544720439016227,0.038176891015148,0.0661870867683186,0.0111763060040067,0.0549182539479797,0.023483998311699,0.20065786728261,0.0280009003144518,0.0403034255370559,0.00617027018914998,0.0226922892729417,0.00906253338510081,0.0144956690031481,0.00936510861175413,0.0145534490443942,0.0208858024070669,0.00871556443708802,0.0187880296679069,0.0661797523487841,0.0112286344195268,0.0318512836730071,0.045621023215339,0.0209478568817298,0.0335535773960513,0.0174591640145424,0.00751117480695002,0.0129107428415073,0.0129107428415073,0.00919328322893047,0.0205946141131139,0.0378328612215696,0.038226474592313,0.00811336962201903,0.0346334910029628,0.0101487208126154,0.0245408404710801,0.0257250448001543,0.0107509156276844,0.00919328322893047,0.0205744288120502,0.0173548732923796,0.188798727877471,0.183621198154615,0.0433569052793534,0.00906880720570392,0.0205946141131139
"SPEECH_995",NA,NA,NA,NA,NA,NA,NA,NA,NA,NA,NA,NA,NA,NA,NA,NA,NA,NA,NA,NA,NA,NA,NA,NA,NA,NA,NA,NA,NA,NA,NA,NA,NA,NA,NA,NA,NA,NA,NA,NA,NA,NA,NA,NA,NA,NA,NA,NA,NA,NA,NA,NA,NA,NA,NA,NA,NA,NA,NA,NA,0.0169373106902944,0.0294001798059673,0.0107710336938973,0.0352792024884493,0.0172612368528787,0.0409980217263277,0.0239667787393725,0.00820543239798868,0.010447107531313,0.0116161183400727,0.0257732370650552,0.0295486013353517,0.010447107531313,0.0685662242242977,0.0246599225827862,0.0510342243385466,0.0121485997032249,0.0227977679306128,0.0126924039459385,0.0174847362143091,0.049552610246764,0.0206678424780037,0.00533084910035812,0.0423905318965177,0.0401683402766727,0.156593044147669,0.0257763993106985,0.0694625168483088,0.0243956710557276,0.0856269475012819,0.0484336274976378,0.0555919910507736,0.0151104975866634,0.0534493770235355,0.0207405435827771,0.0226341342812363,0.0263839311223474,0.0104495536932785,0.0206640638300942,0.0104166995305119,0.0581124607842285,0.0214075484102554,0.0199800076783471,0.0546381153997433,0.0155099861402076,0.0425977276786833,0.0247323231267434,0.0155308948602427,0.0190869296173471,0.0228060413444217,0.0200530315331894,0.0451604604736261,0.0073070963689137,0.0414539499062647,0.0234212436272347,0.121549034795909,0.0513034855639371,0.046137457611972,0.0422391161209318,0.0230986697589463
"SPEECH_908",NA,NA,NA,NA,NA,NA,NA,NA,NA,NA,NA,NA,NA,NA,NA,NA,NA,NA,NA,NA,NA,NA,NA,NA,NA,NA,NA,NA,NA,NA,NA,NA,NA,NA,NA,NA,NA,NA,NA,NA,NA,NA,NA,NA,NA,NA,NA,NA,NA,NA,NA,NA,NA,NA,NA,NA,NA,NA,NA,NA,0.0484336274976378,0.0555919910507736,0.0151104975866634,0.0534493770235355,0.0207405435827771,0.0226341342812363,0.0263839311223474,0.0104495536932785,0.0206640638300942,0.0104166995305119,0.0581124607842285,0.0214075484102554,0.0199800076783471,0.0546381153997433,0.0155099861402076,0.0425977276786833,0.0247323231267434,0.0155308948602427,0.0190869296173471,0.0228060413444217,0.0200530315331894,0.0451604604736261,0.0073070963689137,0.0414539499062647,0.0234212436272347,0.121549034795909,0.0513034855639371,0.046137457611972,0.0422391161209318,0.0230986697589463,0.0411943233965294,0.043090534452936,0.0276737967556416,0.00993874367879888,0.0495201905070569,0.0191928809400885,0.0352648917850784,0.0220261832989654,0.00936227462916403,0.0130769701815252,0.0293944858924578,0.0383806962772626,0.00879882559945055,0.0493179445690914,0.0199235274363802,0.0368298482383366,0.0183318469647468,0.028198185725591,0.0152357177121727,0.0267173206330173,0.0130345825119167,0.017335729943446,0.0211221808151028,0.0304693038721993,0.0343377833121412,0.117096075265316,0.157986971851953,0.0188196322264078,0.0236188381685875,0.0247097133586385
"SPEECH_1045",NA,NA,NA,NA,NA,NA,NA,NA,NA,NA,NA,NA,NA,NA,NA,NA,NA,NA,NA,NA,NA,NA,NA,NA,NA,NA,NA,NA,NA,NA,NA,NA,NA,NA,NA,NA,NA,NA,NA,NA,NA,NA,NA,NA,NA,NA,NA,NA,NA,NA,NA,NA,NA,NA,NA,NA,NA,NA,NA,NA,0.0484336274976378,0.0555919910507736,0.0151104975866634,0.0534493770235355,0.0207405435827771,0.0226341342812363,0.0263839311223474,0.0104495536932785,0.0206640638300942,0.0104166995305119,0.0581124607842285,0.0214075484102554,0.0199800076783471,0.0546381153997433,0.0155099861402076,0.0425977276786833,0.0247323231267434,0.0155308948602427,0.0190869296173471,0.0228060413444217,0.0200530315331894,0.0451604604736261,0.0073070963689137,0.0414539499062647,0.0234212436272347,0.121549034795909,0.0513034855639371,0.046137457611972,0.0422391161209318,0.0230986697589463,0.0411943233965294,0.043090534452936,0.0276737967556416,0.00993874367879888,0.0495201905070569,0.0191928809400885,0.0352648917850784,0.0220261832989654,0.00936227462916403,0.0130769701815252,0.0293944858924578,0.0383806962772626,0.00879882559945055,0.0493179445690914,0.0199235274363802,0.0368298482383366,0.0183318469647468,0.028198185725591,0.0152357177121727,0.0267173206330173,0.0130345825119167,0.017335729943446,0.0211221808151028,0.0304693038721993,0.0343377833121412,0.117096075265316,0.157986971851953,0.0188196322264078,0.0236188381685875,0.0247097133586385
"SPEECH_1166",NA,NA,NA,NA,NA,NA,NA,NA,NA,NA,NA,NA,NA,NA,NA,NA,NA,NA,NA,NA,NA,NA,NA,NA,NA,NA,NA,NA,NA,NA,NA,NA,NA,NA,NA,NA,NA,NA,NA,NA,NA,NA,NA,NA,NA,NA,NA,NA,NA,NA,NA,NA,NA,NA,NA,NA,NA,NA,NA,NA,0.0484336274976378,0.0555919910507736,0.0151104975866634,0.0534493770235355,0.0207405435827771,0.0226341342812363,0.0263839311223474,0.0104495536932785,0.0206640638300942,0.0104166995305119,0.0581124607842285,0.0214075484102554,0.0199800076783471,0.0546381153997433,0.0155099861402076,0.0425977276786833,0.0247323231267434,0.0155308948602427,0.0190869296173471,0.0228060413444217,0.0200530315331894,0.0451604604736261,0.0073070963689137,0.0414539499062647,0.0234212436272347,0.121549034795909,0.0513034855639371,0.046137457611972,0.0422391161209318,0.0230986697589463,0.0411943233965294,0.043090534452936,0.0276737967556416,0.00993874367879888,0.0495201905070569,0.0191928809400885,0.0352648917850784,0.0220261832989654,0.00936227462916403,0.0130769701815252,0.0293944858924578,0.0383806962772626,0.00879882559945055,0.0493179445690914,0.0199235274363802,0.0368298482383366,0.0183318469647468,0.028198185725591,0.0152357177121727,0.0267173206330173,0.0130345825119167,0.017335729943446,0.0211221808151028,0.0304693038721993,0.0343377833121412,0.117096075265316,0.157986971851953,0.0188196322264078,0.0236188381685875,0.0247097133586385
"SPEECH_904",NA,NA,NA,NA,NA,NA,NA,NA,NA,NA,NA,NA,NA,NA,NA,NA,NA,NA,NA,NA,NA,NA,NA,NA,NA,NA,NA,NA,NA,NA,NA,NA,NA,NA,NA,NA,NA,NA,NA,NA,NA,NA,NA,NA,NA,NA,NA,NA,NA,NA,NA,NA,NA,NA,NA,NA,NA,NA,NA,NA,0.0106643500150491,0.0172722795304676,0.0194749227022738,0.00781185870249268,0.0591224997947848,0.0446069444824473,0.0264453990751635,0.00625906367143678,0.0166224313897173,0.326134840068952,0.0100145018742988,0.0315005335595261,0.0150696363586614,0.0162256819985225,0.0172722795304676,0.00846170684324295,0.0476783320108354,0.0172722795304676,0.0168755301392727,0.0503119271075601,0.0540673653104222,0.00936465373354858,0.0100145018742988,0.0106643500150491,0.00846170684324295,0.0304881385613046,0.02167756587408,0.0534175171696719,0.0128669931868553,0.0238802090458861,0.028603057013395,0.022261168743829,0.00899558463759517,0.0394855481005613,0.0267560280181,0.0397527272252909,0.0339084035445976,0.00851956903043383,0.037919355289307,0.0188356819310507,0.0340350830912727,0.121413182157256,0.0263556817002822,0.055316225641072,0.03416528283462,0.0522412347066649,0.0189428387820618,0.022492890578931,0.0111064708436306,0.0209243577603981,0.0160326791554842,0.0221464812251687,0.011529368421379,0.0129610372970777,0.0192630748216789,0.0840771287983755,0.0252763706588333,0.0430415959114379,0.0371709549579392,0.066470937122276
"SPEECH_1032",NA,NA,NA,NA,NA,NA,NA,NA,NA,NA,NA,NA,NA,NA,NA,NA,NA,NA,NA,NA,NA,NA,NA,NA,NA,NA,NA,NA,NA,NA,NA,NA,NA,NA,NA,NA,NA,NA,NA,NA,NA,NA,NA,NA,NA,NA,NA,NA,NA,NA,NA,NA,NA,NA,NA,NA,NA,NA,NA,NA,0.0106643500150491,0.0172722795304676,0.0194749227022738,0.00781185870249268,0.0591224997947848,0.0446069444824473,0.0264453990751635,0.00625906367143678,0.0166224313897173,0.326134840068952,0.0100145018742988,0.0315005335595261,0.0150696363586614,0.0162256819985225,0.0172722795304676,0.00846170684324295,0.0476783320108354,0.0172722795304676,0.0168755301392727,0.0503119271075601,0.0540673653104222,0.00936465373354858,0.0100145018742988,0.0106643500150491,0.00846170684324295,0.0304881385613046,0.02167756587408,0.0534175171696719,0.0128669931868553,0.0238802090458861,0.028603057013395,0.022261168743829,0.00899558463759517,0.0394855481005613,0.0267560280181,0.0397527272252909,0.0339084035445976,0.00851956903043383,0.037919355289307,0.0188356819310507,0.0340350830912727,0.121413182157256,0.0263556817002822,0.055316225641072,0.03416528283462,0.0522412347066649,0.0189428387820618,0.022492890578931,0.0111064708436306,0.0209243577603981,0.0160326791554842,0.0221464812251687,0.011529368421379,0.0129610372970777,0.0192630748216789,0.0840771287983755,0.0252763706588333,0.0430415959114379,0.0371709549579392,0.066470937122276
"SPEECH_882",NA,NA,NA,NA,NA,NA,NA,NA,NA,NA,NA,NA,NA,NA,NA,NA,NA,NA,NA,NA,NA,NA,NA,NA,NA,NA,NA,NA,NA,NA,NA,NA,NA,NA,NA,NA,NA,NA,NA,NA,NA,NA,NA,NA,NA,NA,NA,NA,NA,NA,NA,NA,NA,NA,NA,NA,NA,NA,NA,NA,NA,NA,NA,NA,NA,NA,NA,NA,NA,NA,NA,NA,NA,NA,NA,NA,NA,NA,NA,NA,NA,NA,NA,NA,NA,NA,NA,NA,NA,NA,0.0159067864209183,0.0141511010278925,0.00912175486431754,0.0499586943467333,0.0410396179329345,0.0852684922969745,0.0137856599094143,0.0306194200791284,0.0198808588117535,0.037294989250449,0.026742866924735,0.019178017769445,0.00820986601645184,0.0952054960890608,0.018304385095583,0.0751256046064819,0.0202145913247681,0.0153633416002602,0.0146134569089615,0.0178421894644539,0.0226031020090287,0.0500461203817979,0.0144488630804322,0.0216986799401244,0.0288378581754865,0.0702581154479644,0.0466930488425626,0.0432596278636944,0.0449441370595614,0.0293832564586303
"SPEECH_1163",NA,NA,NA,NA,NA,NA,NA,NA,NA,NA,NA,NA,NA,NA,NA,NA,NA,NA,NA,NA,NA,NA,NA,NA,NA,NA,NA,NA,NA,NA,NA,NA,NA,NA,NA,NA,NA,NA,NA,NA,NA,NA,NA,NA,NA,NA,NA,NA,NA,NA,NA,NA,NA,NA,NA,NA,NA,NA,NA,NA,0.0167032363510584,0.0436327634196031,0.0101560558001707,0.073204304019874,0.0146799841424494,0.0145533010222538,0.0157780931182229,0.00701426915514033,0.0158822007292814,0.0225734345289489,0.0257272161813404,0.022871612306274,0.0123577054531642,0.0235024817971991,0.0310437202930252,0.0852168512502155,0.0267570894076918,0.0101888723297435,0.0155614474428191,0.0336658741663376,0.014813852951017,0.0844359875870534,0.0165380786789499,0.0104659456837399,0.0231441592423984,0.0663580404080868,0.0453106499445702,0.0471079773211377,0.110893861913324,0.0598609333549093,0.00947981327049915,0.0508173164689995,0.00656575418875223,0.054363482944856,0.066738007001623,0.0218429483244873,0.0150551026682529,0.0141124764195606,0.0455054997648165,0.0129397994106859,0.017767956034239,0.0139112707037997,0.0161700895882848,0.0196877658173143,0.0198141802001844,0.0204291863502459,0.0144860428066609,0.0124284296379366,0.0140836313751392,0.0532655972688722,0.022716495481558,0.0575250133486682,0.0251305737933346,0.0524493854030498,0.0336488027970161,0.120419308785219,0.0246134917793161,0.108690055113312,0.0437762517696713,0.0115662714836448
"SPEECH_1158",NA,NA,NA,NA,NA,NA,NA,NA,NA,NA,NA,NA,NA,NA,NA,NA,NA,NA,NA,NA,NA,NA,NA,NA,NA,NA,NA,NA,NA,NA,NA,NA,NA,NA,NA,NA,NA,NA,NA,NA,NA,NA,NA,NA,NA,NA,NA,NA,NA,NA,NA,NA,NA,NA,NA,NA,NA,NA,NA,NA,0.00947981327049915,0.0508173164689995,0.00656575418875223,0.054363482944856,0.066738007001623,0.0218429483244873,0.0150551026682529,0.0141124764195606,0.0455054997648165,0.0129397994106859,0.017767956034239,0.0139112707037997,0.0161700895882848,0.0196877658173143,0.0198141802001844,0.0204291863502459,0.0144860428066609,0.0124284296379366,0.0140836313751392,0.0532655972688722,0.022716495481558,0.0575250133486682,0.0251305737933346,0.0524493854030498,0.0336488027970161,0.120419308785219,0.0246134917793161,0.108690055113312,0.0437762517696713,0.0115662714836448,0.0282479597152283,0.0265011286681716,0.00711234589338427,0.103969439138739,0.0485500955026914,0.0262997048098628,0.0174717832957111,0.0163431151241535,0.0581906581003646,0.0120368119465185,0.0244521618336517,0.00783122069803785,0.0309150894252474,0.0116270185796145,0.0447542976211148,0.0358395554783817,0.00670255252648029,0.00557388435492273,0.0142941482896336,0.0174717832957111,0.0205487063726341,0.0703177635006077,0.0507206112172252,0.0274214273311339,0.0398437228685536,0.170908143774961,0.020656363952075,0.0270185796145164,0.0120368119465185,0.0163431151241535
"SPEECH_28",NA,NA,NA,NA,NA,NA,NA,NA,NA,NA,NA,NA,NA,NA,NA,NA,NA,NA,NA,NA,NA,NA,NA,NA,NA,NA,NA,NA,NA,NA,NA,NA,NA,NA,NA,NA,NA,NA,NA,NA,NA,NA,NA,NA,NA,NA,NA,NA,NA,NA,NA,NA,NA,NA,NA,NA,NA,NA,NA,NA,0.0237480571146218,0.0353572645785415,0.0168941926641703,0.0533005986983441,0.0255532252835896,0.0300262348100358,0.0315110871507004,0.0101189241241604,0.0108029761804198,0.015331432597041,0.0426322632304637,0.0598509368538803,0.0150291692934891,0.152017223214043,0.0100089016744506,0.0900374881490696,0.0221388907877106,0.0200387884937397,0.0156773625610923,0.0378199826215785,0.0486941881161842,0.0172247326168623,0.0101200874523316,0.0361260061486076,0.0973494981466716,0.0109833298662694,0.0184271452469619,0.0150632020594724,0.00931547083957955,0.0188013394259179,0.0333254520604191,0.0246483480752696,0.0104686501398601,0.0726621056292095,0.0259265925513293,0.0462180721409634,0.0202312557591681,0.0102528816128023,0.0324427520078112,0.016265535971508,0.0307084088639413,0.0291070313652257,0.00908789445740851,0.0543082787049216,0.0252666583794025,0.0159340910827815,0.0166015933919951,0.0116339124152636,0.0122926772392634,0.0160754495610002,0.0495797246447506,0.0122282772755526,0.0207572467748175,0.0632804630071036,0.0627965580719062,0.0655590378222376,0.0167659463812455,0.0530560706227101,0.108191446949549,0.0343275870405828
"SPEECH_999",NA,NA,NA,NA,NA,NA,NA,NA,NA,NA,NA,NA,NA,NA,NA,NA,NA,NA,NA,NA,NA,NA,NA,NA,NA,NA,NA,NA,NA,NA,NA,NA,NA,NA,NA,NA,NA,NA,NA,NA,NA,NA,NA,NA,NA,NA,NA,NA,NA,NA,NA,NA,NA,NA,NA,NA,NA,NA,NA,NA,0.0606135222149746,0.0341366234512719,0.017178136244325,0.00879040497113532,0.0259347189428148,0.0234068883946208,0.0820383605975685,0.0182139785377231,0.0379650265177155,0.0130006786306596,0.0267115953844989,0.23936872664868,0.00662282570549378,0.0936458420777332,0.00722409008802829,0.0421954386797784,0.0150855270958628,0.0120235201785315,0.0289503934644718,0.0267043216893203,0.0245689625040889,0.0251127824996704,0.013093634439468,0.0134166748844454,0.0232807640685449,0.021043036498946,0.0172293028963763,0.027140830066789,0.00861207050931159,0.00669132211715098,0.0150270413010004,0.103887808608633,0.00754738657914682,0.0117218981381456,0.0540097259517612,0.0269769986042093,0.0172467600165986,0.0251765315116036,0.0191089574095222,0.00571605433638213,0.0339139411024346,0.0640357555617286,0.0424481551213858,0.106526778947224,0.0112717813649941,0.0497734840924446,0.0144843290773721,0.0274579805275197,0.00754738657914682,0.0986407330816109,0.00940958397207047,0.00940958397207047,0.0190780922593633,0.0250530709109678,0.00754738657914682,0.114055303490163,0.0238570463423082,0.0126529968346074,0.0167657780932882,0.0196516696331505
"SPEECH_902",NA,NA,NA,NA,NA,NA,NA,NA,NA,NA,NA,NA,NA,NA,NA,NA,NA,NA,NA,NA,NA,NA,NA,NA,NA,NA,NA,NA,NA,NA,NA,NA,NA,NA,NA,NA,NA,NA,NA,NA,NA,NA,NA,NA,NA,NA,NA,NA,NA,NA,NA,NA,NA,NA,NA,NA,NA,NA,NA,NA,0.0573130876925826,0.0233669049018188,0.0188947971413322,0.028478658810658,0.0351115991685629,0.0306437326991997,0.0178497279662716,0.0160781864675741,0.0512095592733951,0.014407755540645,0.0245638345432812,0.0345865724106893,0.0140901410188217,0.0597504777398567,0.015782331748657,0.0665530833071067,0.0388284636273176,0.0194518443084541,0.0383196637313418,0.0412243590360063,0.0452142408671449,0.0168143441331343,0.043939107249047,0.0237059108226043,0.0308774661205613,0.0637182095901692,0.0563730911407126,0.0297551314984717,0.0239498294605208,0.0191478879840614,0.0609982074290152,0.0306694434660242,0.0126780245918765,0.0167870002381779,0.0469409098182257,0.0355463348784454,0.0654222373238972,0.0115968237997048,0.0220085169749892,0.0103342935262218,0.0500221925691882,0.0407979353834302,0.00982471337715127,0.0867366770701626,0.0214611036020023,0.0704932294468815,0.0145296209072616,0.0153404172616217,0.0134439683208778,0.0195254500806075,0.046093436032143,0.0134951749914726,0.0092101147186771,0.0144849939505482,0.0259222943479713,0.063436812922042,0.0242876843138564,0.0332505715064178,0.0170351102632511,0.097626706887858
"SPEECH_1154",NA,NA,NA,NA,NA,NA,NA,NA,NA,NA,NA,NA,NA,NA,NA,NA,NA,NA,NA,NA,NA,NA,NA,NA,NA,NA,NA,NA,NA,NA,NA,NA,NA,NA,NA,NA,NA,NA,NA,NA,NA,NA,NA,NA,NA,NA,NA,NA,NA,NA,NA,NA,NA,NA,NA,NA,NA,NA,NA,NA,0.0573130876925826,0.0233669049018188,0.0188947971413322,0.028478658810658,0.0351115991685629,0.0306437326991997,0.0178497279662716,0.0160781864675741,0.0512095592733951,0.014407755540645,0.0245638345432812,0.0345865724106893,0.0140901410188217,0.0597504777398567,0.015782331748657,0.0665530833071067,0.0388284636273176,0.0194518443084541,0.0383196637313418,0.0412243590360063,0.0452142408671449,0.0168143441331343,0.043939107249047,0.0237059108226043,0.0308774661205613,0.0637182095901692,0.0563730911407126,0.0297551314984717,0.0239498294605208,0.0191478879840614,0.0609982074290152,0.0306694434660242,0.0126780245918765,0.0167870002381779,0.0469409098182257,0.0355463348784454,0.0654222373238972,0.0115968237997048,0.0220085169749892,0.0103342935262218,0.0500221925691882,0.0407979353834302,0.00982471337715127,0.0867366770701626,0.0214611036020023,0.0704932294468815,0.0145296209072616,0.0153404172616217,0.0134439683208778,0.0195254500806075,0.046093436032143,0.0134951749914726,0.0092101147186771,0.0144849939505482,0.0259222943479713,0.063436812922042,0.0242876843138564,0.0332505715064178,0.0170351102632511,0.097626706887858
"SPEECH_1000",NA,NA,NA,NA,NA,NA,NA,NA,NA,NA,NA,NA,NA,NA,NA,NA,NA,NA,NA,NA,NA,NA,NA,NA,NA,NA,NA,NA,NA,NA,NA,NA,NA,NA,NA,NA,NA,NA,NA,NA,NA,NA,NA,NA,NA,NA,NA,NA,NA,NA,NA,NA,NA,NA,NA,NA,NA,NA,NA,NA,0.0425698383039411,0.0676957816409938,0.013185260502981,0.00599840218675928,0.0358682662405831,0.0183187307288537,0.0206428227153582,0.0142119545481556,0.0237229048508818,0.0124292703539619,0.118442858369042,0.0124292703539619,0.0117128954092581,0.0314907861637296,0.0312200822675743,0.0985362182005454,0.0196161286701836,0.0105508494160059,0.120367497045366,0.0369906970295199,0.011131872412632,0.0197910958225767,0.0751698501885023,0.009659507318909,0.01653604653466,0.0216695167605327,0.0235479376984887,0.0153740005414078,0.01653604653466,0.0445836111899747,0.107343190463357,0.0261469595490074,0.0119614107898306,0.0131196489627507,0.0239290862473482,0.0234820441958259,0.0617164554583239,0.0236652940584539,0.0158078246921552,0.0156031857589041,0.0278177307078551,0.263119301366545,0.0141011606538872,0.0266246948216419,0.0165915827118662,0.101850722825516,0.0172745045008153,0.00987096244786454,0.0174158856862422,0.0266479551978648,0.00465701936412433,0.04218465802406,0.0190466594734886,0.00807965159114941,0.0125498340267798,0.0140072096849509,0.0125451819515352,0.010744566944331,0.0172906939131302,0.0148049239303957
"SPEECH_983",NA,NA,NA,NA,NA,NA,NA,NA,NA,NA,NA,NA,NA,NA,NA,NA,NA,NA,NA,NA,NA,NA,NA,NA,NA,NA,NA,NA,NA,NA,NA,NA,NA,NA,NA,NA,NA,NA,NA,NA,NA,NA,NA,NA,NA,NA,NA,NA,NA,NA,NA,NA,NA,NA,NA,NA,NA,NA,NA,NA,0.0298435640034104,0.0533769386949359,0.0168541486118494,0.0826632107181975,0.0480148218859195,0.0392200544516074,0.0133741063678266,0.0119190986836662,0.0188856180712658,0.0123285363679856,0.029530139876963,0.0106104910350167,0.0214095232779267,0.137468448891556,0.0289019722673043,0.139920024208389,0.0236210323232262,0.0273614087488236,0.0129180136381882,0.0183324838186694,0.0133274513225076,0.00535170495267319,0.0068403521872059,0.00640758698022699,0.0234692253532474,0.0247198379637791,0.026295214693557,0.0206969734948727,0.0476779245409737,0.048660092568229,0.0278587454167001,0.0475851451155947,0.0176076732181854,0.0442810618112028,0.025864156526787,0.0491809316432555,0.0156858948955317,0.0151878406286696,0.0261603401155316,0.0364322644804498,0.0155919209151756,0.00827748846691854,0.0187158026494755,0.0734327795808182,0.0263487909356939,0.014189660701288,0.0144604889549909,0.0247232842953939,0.0153364069705896,0.0117299994475711,0.0626239920220449,0.0376192541517303,0.0308047630575136,0.0413177155630277,0.0946240549966441,0.0744356869794206,0.0634163695339332,0.0442514220100352,0.0112716838599492,0.0109843810558779
"SPEECH_1061",NA,NA,NA,NA,NA,NA,NA,NA,NA,NA,NA,NA,NA,NA,NA,NA,NA,NA,NA,NA,NA,NA,NA,NA,NA,NA,NA,NA,NA,NA,NA,NA,NA,NA,NA,NA,NA,NA,NA,NA,NA,NA,NA,NA,NA,NA,NA,NA,NA,NA,NA,NA,NA,NA,NA,NA,NA,NA,NA,NA,0.0278587454167001,0.0475851451155947,0.0176076732181854,0.0442810618112028,0.025864156526787,0.0491809316432555,0.0156858948955317,0.0151878406286696,0.0261603401155316,0.0364322644804498,0.0155919209151756,0.00827748846691854,0.0187158026494755,0.0734327795808182,0.0263487909356939,0.014189660701288,0.0144604889549909,0.0247232842953939,0.0153364069705896,0.0117299994475711,0.0626239920220449,0.0376192541517303,0.0308047630575136,0.0413177155630277,0.0946240549966441,0.0744356869794206,0.0634163695339332,0.0442514220100352,0.0112716838599492,0.0109843810558779,0.0218510250773883,0.0197564663767199,0.01438987825482,0.101080263579737,0.026583514239563,0.10233660434313,0.0238592143548077,0.0143301971061032,0.0218074527377079,0.0117482262950684,0.0352202688661152,0.0130531074595064,0.0159678352735604,0.103753993661621,0.0201095450160681,0.0397064533370921,0.0172457308488943,0.0120767602210303,0.00936386720994758,0.0166409858180178,0.0620145023087555,0.0283913453364751,0.0364870267833529,0.0557400663121743,0.0128576032051946,0.0694299505866703,0.00981763232299801,0.0281076787756656,0.0151813957969554,0.0410914084948607
"SPEECH_1157",NA,NA,NA,NA,NA,NA,NA,NA,NA,NA,NA,NA,NA,NA,NA,NA,NA,NA,NA,NA,NA,NA,NA,NA,NA,NA,NA,NA,NA,NA,NA,NA,NA,NA,NA,NA,NA,NA,NA,NA,NA,NA,NA,NA,NA,NA,NA,NA,NA,NA,NA,NA,NA,NA,NA,NA,NA,NA,NA,NA,0.0378996988971662,0.057623423791005,0.00908703037343814,0.0498903516007779,0.0185811879442103,0.0615607048393034,0.0382103899883554,0.0138442514132679,0.0216830089926333,0.0130616786321725,0.0262579334818676,0.0295514347838113,0.0130725827180027,0.0424174903782333,0.0146054025551704,0.125139285889602,0.0112557410539682,0.0206450389424218,0.0303788094165891,0.0187772717487787,0.0370104564384851,0.0604536774920903,0.0588176462703689,0.0147400527883854,0.0160958589586703,0.0258380244194934,0.0344002631984903,0.0340123351469911,0.0422723353831416,0.0228166324631078,0.0185185185185185,0.00983796296296296,0.00983796296296296,0.0115740740740741,0.0115740740740741,0.235532407407407,0.0306712962962963,0.00289351851851852,0.025462962962963,0.0202546296296296,0.0202546296296296,0.0115740740740741,0.00462962962962963,0.0358796296296296,0.00810185185185185,0.00462962962962963,0.00636574074074074,0.0219907407407407,0.00983796296296296,0.00462962962962963,0.072337962962963,0.105324074074074,0.108796296296296,0.0219907407407407,0.0706018518518518,0.00810185185185185,0.00810185185185185,0.0862268518518518,0.00289351851851852,0.0115740740740741
"SPEECH_1036",NA,NA,NA,NA,NA,NA,NA,NA,NA,NA,NA,NA,NA,NA,NA,NA,NA,NA,NA,NA,NA,NA,NA,NA,NA,NA,NA,NA,NA,NA,NA,NA,NA,NA,NA,NA,NA,NA,NA,NA,NA,NA,NA,NA,NA,NA,NA,NA,NA,NA,NA,NA,NA,NA,NA,NA,NA,NA,NA,NA,0.0303096803312727,0.0324933724654964,0.00854234531204903,0.0315423844242541,0.0368704099781897,0.0133614797761372,0.0493823055561973,0.0141211323516503,0.0186862285394701,0.00687576787905124,0.0615627166032969,0.011305574020973,0.0199429892026152,0.109044674227648,0.0291605914661668,0.061280413868482,0.0457128894669081,0.0164045139014252,0.0816971941215474,0.0121150713042617,0.0167303642374222,0.0268403479798008,0.00630877077153879,0.0288837896647989,0.0625692597758325,0.0990041084123613,0.0138919511152137,0.0196043394598819,0.0107158686194514,0.025039465166606,0.0548627163412153,0.0483196934489202,0.00835036702356555,0.0281140393289337,0.0172416654784314,0.091019547047763,0.0212720567133515,0.0136504944018335,0.0146052849201913,0.0686087646071246,0.0131751307538574,0.0197476140944369,0.0147310028569654,0.0520486302921768,0.0114113000912793,0.0450073245076583,0.0313147071992152,0.00893206695400685,0.0155286459543557,0.0152498438190197,0.0748598862692646,0.0336876040540224,0.0696110789752214,0.0154464053316598,0.0597450994019665,0.00898287809250926,0.0257170468143572,0.0903315108348565,0.0115637335067865,0.0168638608850544
"SPEECH_1027",NA,NA,NA,NA,NA,NA,NA,NA,NA,NA,NA,NA,NA,NA,NA,NA,NA,NA,NA,NA,NA,NA,NA,NA,NA,NA,NA,NA,NA,NA,NA,NA,NA,NA,NA,NA,NA,NA,NA,NA,NA,NA,NA,NA,NA,NA,NA,NA,NA,NA,NA,NA,NA,NA,NA,NA,NA,NA,NA,NA,0.132266835286778,0.0173847213993537,0.0171014734329714,0.0200656120662426,0.0179334010954268,0.0341368154111051,0.0863734174501281,0.0173445593742696,0.0424114004588738,0.0208573777036139,0.0692800972102189,0.0570934893431727,0.0213837116112944,0.0250191298066848,0.0286702504479727,0.0326937002390999,0.0472713074641577,0.0258734032575328,0.0629550312146506,0.0110104342752989,0.0251396158819369,0.0338937294698069,0.0309474070732271,0.013934410883486,0.0259313815193083,0.0190485767242644,0.0211406256699962,0.0160666218543018,0.0149692624621556,0.0118021999126702,0.0642817410652204,0.0109971293481932,0.0247717881478833,0.0107028627053658,0.0146251763116594,0.0186443371674911,0.121585513638079,0.0195755607207422,0.00702639211713054,0.0122226195442716,0.0278597254504639,0.0915852156465423,0.0173704233466436,0.0158990901325069,0.0183016468998947,0.0164876234181616,0.01344810974035,0.00884041559886366,0.0240379839879214,0.0351158193773963,0.0164391997933925,0.059629348193178,0.0226150743985537,0.0204099370244552,0.00457541172497368,0.219203816278284,0.01344810974035,0.0258520074696545,0.0319310348252776,0.012516886187099
"SPEECH_1152",NA,NA,NA,NA,NA,NA,NA,NA,NA,NA,NA,NA,NA,NA,NA,NA,NA,NA,NA,NA,NA,NA,NA,NA,NA,NA,NA,NA,NA,NA,NA,NA,NA,NA,NA,NA,NA,NA,NA,NA,NA,NA,NA,NA,NA,NA,NA,NA,NA,NA,NA,NA,NA,NA,NA,NA,NA,NA,NA,NA,0.0170104412234358,0.0125120735775427,0.00957486278110154,0.0181595310713182,0.0390069717940364,0.0683350922787997,0.0310780956947398,0.0250630570266222,0.022718763568205,0.231104846992786,0.0186472140122227,0.0204742060719511,0.0185382253966742,0.019498840190142,0.014034359315825,0.014333567202315,0.0294784498005956,0.00972446672434652,0.00900219496637494,0.0231916954207683,0.146226503271563,0.0294540639923918,0.0620541021193039,0.00760926364804027,0.00852001046042643,0.00765913162912194,0.0342702611126471,0.0187875653020825,0.0206589269079364,0.0132732164466839,0.00980938127226109,0.0119325235227919,0.0188797234114139,0.128799322450779,0.0272643950204773,0.045029178703607,0.0310268815333032,0.0189736985602079,0.00932558328402538,0.0143375912197046,0.0141496409221166,0.0109649275463205,0.0295894098128618,0.0572703119742903,0.0372884108918358,0.0199412945366793,0.0163667583214414,0.0210028656619447,0.0147274140591463,0.025826923300036,0.06873179956609,0.0184899005719722,0.0294954346640679,0.0466685229659021,0.015211212047382,0.192932140661075,0.0125102966598216,0.0264046964370657,0.00980938127226109,0.0172403791491188
"SPEECH_1057",NA,NA,NA,NA,NA,NA,NA,NA,NA,NA,NA,NA,NA,NA,NA,NA,NA,NA,NA,NA,NA,NA,NA,NA,NA,NA,NA,NA,NA,NA,NA,NA,NA,NA,NA,NA,NA,NA,NA,NA,NA,NA,NA,NA,NA,NA,NA,NA,NA,NA,NA,NA,NA,NA,NA,NA,NA,NA,NA,NA,0.00454287336740488,0.0897217490062465,0.013060760931289,0.185122089721749,0.0386144236229415,0.0113571834185122,0.00795002839295855,0.00454287336740488,0.00965360590573538,0.00624645088018172,0.084611016467916,0.013060760931289,0.0266893810335037,0.0249858035207269,0.02328222600795,0.0147643384440659,0.00965360590573538,0.00965360590573538,0.00965360590573538,0.0300965360590574,0.0624645088018171,0.0198750709823964,0.00965360590573538,0.0709823963657013,0.145939806927882,0.00795002839295855,0.0147643384440659,0.00795002839295855,0.0249858035207269,0.0181714934696195,0.0289826843856544,0.0741488496859027,0.0134402712978261,0.0180073383648932,0.0607019036048736,0.0140029555218425,0.0407785957814793,0.00649582685338164,0.0277627144156844,0.0121890200465748,0.0213544354619902,0.0157470763727973,0.0110316126391674,0.0284159952917162,0.0172409469735018,0.0434062234091069,0.0151290816479686,0.0151250767780468,0.0110316126391674,0.072600805101526,0.0172409469735018,0.0651556977969896,0.0220847830240852,0.0224059844157883,0.01109417520173,0.133386450175666,0.0462011355357664,0.0670806331129284,0.0213504305920684,0.0464067368983747
"SPEECH_1275",NA,NA,NA,NA,NA,NA,NA,NA,NA,NA,NA,NA,NA,NA,NA,NA,NA,NA,NA,NA,NA,NA,NA,NA,NA,NA,NA,NA,NA,NA,NA,NA,NA,NA,NA,NA,NA,NA,NA,NA,NA,NA,NA,NA,NA,NA,NA,NA,NA,NA,NA,NA,NA,NA,NA,NA,NA,NA,NA,NA,0.00454287336740488,0.0897217490062465,0.013060760931289,0.185122089721749,0.0386144236229415,0.0113571834185122,0.00795002839295855,0.00454287336740488,0.00965360590573538,0.00624645088018172,0.084611016467916,0.013060760931289,0.0266893810335037,0.0249858035207269,0.02328222600795,0.0147643384440659,0.00965360590573538,0.00965360590573538,0.00965360590573538,0.0300965360590574,0.0624645088018171,0.0198750709823964,0.00965360590573538,0.0709823963657013,0.145939806927882,0.00795002839295855,0.0147643384440659,0.00795002839295855,0.0249858035207269,0.0181714934696195,0.0289826843856544,0.0741488496859027,0.0134402712978261,0.0180073383648932,0.0607019036048736,0.0140029555218425,0.0407785957814793,0.00649582685338164,0.0277627144156844,0.0121890200465748,0.0213544354619902,0.0157470763727973,0.0110316126391674,0.0284159952917162,0.0172409469735018,0.0434062234091069,0.0151290816479686,0.0151250767780468,0.0110316126391674,0.072600805101526,0.0172409469735018,0.0651556977969896,0.0220847830240852,0.0224059844157883,0.01109417520173,0.133386450175666,0.0462011355357664,0.0670806331129284,0.0213504305920684,0.0464067368983747
"SPEECH_977",NA,NA,NA,NA,NA,NA,NA,NA,NA,NA,NA,NA,NA,NA,NA,NA,NA,NA,NA,NA,NA,NA,NA,NA,NA,NA,NA,NA,NA,NA,NA,NA,NA,NA,NA,NA,NA,NA,NA,NA,NA,NA,NA,NA,NA,NA,NA,NA,NA,NA,NA,NA,NA,NA,NA,NA,NA,NA,NA,NA,0.00807100240007039,0.0254104603138598,0.013548648695409,0.0203511158814028,0.0209346493646513,0.0245014826751348,0.0436144602933019,0.0158946219282199,0.0231766617844796,0.211212695112502,0.0236829041328633,0.0254761945882068,0.0183667621851683,0.033080381931398,0.0292920652784204,0.0485743536812637,0.043201483105739,0.0116707144231085,0.0107317472869583,0.0293853535900034,0.0170854925084674,0.0202446964574688,0.0272501680475247,0.0142468154930395,0.128123451841005,0.00695410313538027,0.0539242355498691,0.0251803324767397,0.0115120992905943,0.0153008465477498,0.0141158486287777,0.0271759217383097,0.00728021787533021,0.0564525615960175,0.0136347682241361,0.0497152392754203,0.0324754695009366,0.0152825452093585,0.0120631010782447,0.00811299171906427,0.0866279036733088,0.0192908550754738,0.0114977346822414,0.0542666380164887,0.0187502352342134,0.0999431545420696,0.120779782409852,0.0252944401394559,0.0179924686762415,0.00817252602997344,0.0113213695208016,0.0156555320597257,0.0176132696531344,0.0140715415201383,0.0851101769525766,0.0704859993259242,0.0181040686209688,0.0343453000250247,0.0248554496335019,0.0095128893632897
"SPEECH_877",NA,NA,NA,NA,NA,NA,NA,NA,NA,NA,NA,NA,NA,NA,NA,NA,NA,NA,NA,NA,NA,NA,NA,NA,NA,NA,NA,NA,NA,NA,NA,NA,NA,NA,NA,NA,NA,NA,NA,NA,NA,NA,NA,NA,NA,NA,NA,NA,NA,NA,NA,NA,NA,NA,NA,NA,NA,NA,NA,NA,0.0314970400940305,0.0300046784392862,0.0090974383665921,0.0134749293194104,0.0332827102233206,0.0444563484993201,0.0436930444950896,0.0163041579129369,0.0462776161924218,0.015516753937191,0.0377912794914108,0.0674583281403201,0.0169154166683704,0.0714571100701015,0.0333783257081125,0.0747540319709835,0.0246219252365729,0.0197957167902826,0.0149071921166586,0.0153517830348188,0.00883381819217965,0.0251619203153355,0.017739031814625,0.0215695054813666,0.0546123873572004,0.0600256364369628,0.0703509150567899,0.0280869788578716,0.0366165047576979,0.0169674750227398,0.0206311411686154,0.0414783462658283,0.0141278637996326,0.0257748536393038,0.0626496662430946,0.0255237514953066,0.030626809902705,0.0120137770099953,0.0655719562587506,0.00801694419158239,0.0510781512815073,0.0231836366920345,0.01589109588478,0.0280728904831425,0.0135575623396096,0.0418564815489914,0.0217975741610418,0.0121382748151587,0.0260785391820964,0.0446862727170412,0.0503773591631882,0.0664262387555148,0.0244409655659344,0.0392264084393786,0.0263644448133485,0.070277208913172,0.0141659340905723,0.0749415981111212,0.0253402204525029,0.0236840326150491
"SPEECH_1180",NA,NA,NA,NA,NA,NA,NA,NA,NA,NA,NA,NA,NA,NA,NA,NA,NA,NA,NA,NA,NA,NA,NA,NA,NA,NA,NA,NA,NA,NA,NA,NA,NA,NA,NA,NA,NA,NA,NA,NA,NA,NA,NA,NA,NA,NA,NA,NA,NA,NA,NA,NA,NA,NA,NA,NA,NA,NA,NA,NA,NA,NA,NA,NA,NA,NA,NA,NA,NA,NA,NA,NA,NA,NA,NA,NA,NA,NA,NA,NA,NA,NA,NA,NA,NA,NA,NA,NA,NA,NA,0.0412196320916677,0.0273605621431708,0.0116689373976923,0.0698787529444644,0.0403920629217072,0.0152135235756777,0.0614391194554238,0.0169409011059209,0.0293147632450992,0.0119451680840021,0.0405080947818102,0.0131313131313131,0.0162926198746357,0.0292414011658083,0.0289045344751866,0.0479277707909131,0.057079690182457,0.0133528965544776,0.0199468748752346,0.00996738631373019,0.061283412185092,0.0135550165688506,0.0179402722880984,0.037955768155867,0.0297429582385116,0.0900787768994291,0.0157364155387871,0.0541208777498303,0.0131268215754382,0.0647336756897034
"SPEECH_907",NA,NA,NA,NA,NA,NA,NA,NA,NA,NA,NA,NA,NA,NA,NA,NA,NA,NA,NA,NA,NA,NA,NA,NA,NA,NA,NA,NA,NA,NA,NA,NA,NA,NA,NA,NA,NA,NA,NA,NA,NA,NA,NA,NA,NA,NA,NA,NA,NA,NA,NA,NA,NA,NA,NA,NA,NA,NA,NA,NA,0.0829931972789116,0.0115646258503401,0.0197278911564626,0.0197278911564626,0.0340136054421769,0.0238095238095238,0.0156462585034014,0.0115646258503401,0.00952380952380952,0.0136054421768707,0.0217687074829932,0.00952380952380952,0.0054421768707483,0.00952380952380952,0.00952380952380952,0.0972789115646258,0.182993197278912,0.00340136054421769,0.146258503401361,0.0136054421768707,0.0054421768707483,0.017687074829932,0.00952380952380952,0.0115646258503401,0.0136054421768707,0.00748299319727891,0.0156462585034014,0.0217687074829932,0.146258503401361,0.00952380952380952,0.0204722309869122,0.0412534797227645,0.0164486687575016,0.0506067585058558,0.0260471352368718,0.0541257251637133,0.0120243874881745,0.0200074796070506,0.0142310595844521,0.00904973657302872,0.0262219674327572,0.0214697457245293,0.00970531670925217,0.125456960096768,0.00875972553497144,0.085764180076088,0.0246954201712519,0.0322522761667222,0.0165346037923902,0.027905327687646,0.0384893087399875,0.02278631360247,0.0324911788635701,0.0521824510938883,0.0390242970699678,0.0560851637143354,0.0347109286713466,0.0177384186179483,0.0416759847023982,0.0217837699053865
"SPEECH_1062",NA,NA,NA,NA,NA,NA,NA,NA,NA,NA,NA,NA,NA,NA,NA,NA,NA,NA,NA,NA,NA,NA,NA,NA,NA,NA,NA,NA,NA,NA,NA,NA,NA,NA,NA,NA,NA,NA,NA,NA,NA,NA,NA,NA,NA,NA,NA,NA,NA,NA,NA,NA,NA,NA,NA,NA,NA,NA,NA,NA,0.0295192375859589,0.0772502019699176,0.0133007221057536,0.017796023237642,0.0169403875173632,0.0368948595637138,0.0223595695567257,0.0187479501124565,0.00571475537294515,0.0193434594856525,0.0286418662409912,0.0510737320690835,0.0182274637018963,0.104238602625258,0.0394921498558359,0.0823536331603053,0.0457022281741997,0.026067246439136,0.0275352191130151,0.0176039083613598,0.00698336796231245,0.104359200284822,0.0113849488200049,0.0169373492042346,0.0143629631187739,0.0638891031289172,0.0198150991697615,0.016156970162986,0.0251826298859386,0.0221251520130383,0.0195327293791092,0.022002712291296,0.0161284614583281,0.0328572541715603,0.0416282736940089,0.0250368387713577,0.0145846355019902,0.0079373690480391,0.0221247275947181,0.0165535775193603,0.0328335631030931,0.13437118275559,0.0218756878390889,0.0933753324730619,0.00772925309286059,0.0503251956193366,0.0175456410114238,0.0176795018490795,0.0140645346385264,0.0657590446114581,0.0167794617758892,0.0250899861550068,0.0112753523836407,0.0113973676870628,0.0894723864634948,0.0200080314402321,0.0475654696796329,0.0358388318455006,0.0252427494409076,0.0433848467053453
"SPEECH_997",NA,NA,NA,NA,NA,NA,NA,NA,NA,NA,NA,NA,NA,NA,NA,NA,NA,NA,NA,NA,NA,NA,NA,NA,NA,NA,NA,NA,NA,NA,NA,NA,NA,NA,NA,NA,NA,NA,NA,NA,NA,NA,NA,NA,NA,NA,NA,NA,NA,NA,NA,NA,NA,NA,NA,NA,NA,NA,NA,NA,0.0248528931972992,0.019414832978103,0.00957658851244844,0.0182288953669439,0.00646291545349138,0.0577363448535492,0.0278643312453435,0.0115417456365425,0.00910712478086902,0.161815617525627,0.0533441350464075,0.016903601581511,0.0119942452215316,0.0570306683845832,0.00902825177950989,0.0865720711879728,0.0530456268070363,0.00908738615339153,0.015186385015157,0.00494912062286486,0.00871006680173704,0.00948804326939472,0.0103919051478514,0.065640759871044,0.0394010776907677,0.00744770591196604,0.00839105716798015,0.0493966376472448,0.0716718791773066,0.0657180859645243,0.00922545098985004,0.0289261683483554,0.00575924648378418,0.0230369859351367,0.0229752897384268,0.0714656959798384,0.0647464192836137,0.0114801665423395,0.00749234873681711,0.00899549243847674,0.0642332191018903,0.0156979428992352,0.00760732801250376,0.0701925108295521,0.0123467176688559,0.119302683410641,0.158272244750682,0.0294477816478119,0.0115951458180261,0.00500767463295437,0.010613615415823,0.0230902690141135,0.00587422575947083,0.0130982895196858,0.0719788961615618,0.0185275548301578,0.0117101250937128,0.0435425582234487,0.0267331489925759,0.0270248037406591
"SPEECH_911",NA,NA,NA,NA,NA,NA,NA,NA,NA,NA,NA,NA,NA,NA,NA,NA,NA,NA,NA,NA,NA,NA,NA,NA,NA,NA,NA,NA,NA,NA,NA,NA,NA,NA,NA,NA,NA,NA,NA,NA,NA,NA,NA,NA,NA,NA,NA,NA,NA,NA,NA,NA,NA,NA,NA,NA,NA,NA,NA,NA,0.0882054552733602,0.0302923025204489,0.0148772406389731,0.0162641591011368,0.0289049280009813,0.0414973836625738,0.0738790042931728,0.018693322582545,0.0110145908325275,0.142844103382638,0.0306992207546458,0.0343536717819972,0.0166895556555182,0.0200191139063321,0.014235116206181,0.0667250000579258,0.0302110732074488,0.00661132092535685,0.0156270418954145,0.0159845917060618,0.0414056717056911,0.0223340258207905,0.014293738567196,0.0232632089288271,0.0177118483769005,0.0100663155410562,0.0328658905498168,0.0286297884633657,0.0597758355614078,0.032025480099709,0.0324847707183004,0.0384856248856589,0.0169194453446302,0.0144310281590683,0.0285922389073351,0.0353951196392991,0.0303566153698168,0.0126493401416852,0.0273656164135128,0.00945423110302439,0.0735449269015496,0.0730102203109722,0.00727636747271477,0.0678282876265611,0.0188722372399068,0.0576585175482764,0.0208386086517474,0.0216120340567343,0.00975548818667138,0.0170380558218243,0.0485279245395888,0.0178961360449938,0.00714227194107323,0.00982877187450112,0.0782631009810932,0.0715148325101288,0.0625417111844939,0.0398135106703207,0.0165035919528763,0.0343993738016411
"SPEECH_1001",NA,NA,NA,NA,NA,NA,NA,NA,NA,NA,NA,NA,NA,NA,NA,NA,NA,NA,NA,NA,NA,NA,NA,NA,NA,NA,NA,NA,NA,NA,NA,NA,NA,NA,NA,NA,NA,NA,NA,NA,NA,NA,NA,NA,NA,NA,NA,NA,NA,NA,NA,NA,NA,NA,NA,NA,NA,NA,NA,NA,0.0882054552733602,0.0302923025204489,0.0148772406389731,0.0162641591011368,0.0289049280009813,0.0414973836625738,0.0738790042931728,0.018693322582545,0.0110145908325275,0.142844103382638,0.0306992207546458,0.0343536717819972,0.0166895556555182,0.0200191139063321,0.014235116206181,0.0667250000579258,0.0302110732074488,0.00661132092535685,0.0156270418954145,0.0159845917060618,0.0414056717056911,0.0223340258207905,0.014293738567196,0.0232632089288271,0.0177118483769005,0.0100663155410562,0.0328658905498168,0.0286297884633657,0.0597758355614078,0.032025480099709,0.0324847707183004,0.0384856248856589,0.0169194453446302,0.0144310281590683,0.0285922389073351,0.0353951196392991,0.0303566153698168,0.0126493401416852,0.0273656164135128,0.00945423110302439,0.0735449269015496,0.0730102203109722,0.00727636747271477,0.0678282876265611,0.0188722372399068,0.0576585175482764,0.0208386086517474,0.0216120340567343,0.00975548818667138,0.0170380558218243,0.0485279245395888,0.0178961360449938,0.00714227194107323,0.00982877187450112,0.0782631009810932,0.0715148325101288,0.0625417111844939,0.0398135106703207,0.0165035919528763,0.0343993738016411
"SPEECH_981",NA,NA,NA,NA,NA,NA,NA,NA,NA,NA,NA,NA,NA,NA,NA,NA,NA,NA,NA,NA,NA,NA,NA,NA,NA,NA,NA,NA,NA,NA,NA,NA,NA,NA,NA,NA,NA,NA,NA,NA,NA,NA,NA,NA,NA,NA,NA,NA,NA,NA,NA,NA,NA,NA,NA,NA,NA,NA,NA,NA,0.076121321482757,0.0228899629385784,0.0134345254743395,0.0454438940316506,0.0215377588268581,0.0846580233311229,0.0480208896527428,0.011697873378108,0.0203836375524288,0.0298353602782327,0.0332700186733079,0.0788415839706691,0.00899038180792836,0.0342548897222491,0.00884885252960358,0.0578225513550943,0.0195531812063621,0.0137634758938517,0.0336687957729452,0.0347993159397071,0.0271182997172673,0.0115125239417093,0.0331631670504201,0.0458953322221578,0.0347455828836552,0.0117342679549597,0.0155092293257577,0.0739160429046821,0.0391495363608284,0.00941972382002527,0.0266244860115143,0.027564747205712,0.0112995629235751,0.0289503180879798,0.0417379819960801,0.0449175846681144,0.0143332700353808,0.0100384281192575,0.0156387167291937,0.0112428604975828,0.0884605143553425,0.0943429030904132,0.00977712601543833,0.0456282686892174,0.008703581040947,0.0348511858641655,0.015755830182638,0.0152603697265492,0.0130293405411014,0.0365351364700069,0.0921559235148961,0.0238035825283316,0.0145080779753566,0.0127042819409612,0.0337421594545411,0.0562920263741961,0.0181255179888314,0.0650313910300703,0.037787206767899,0.0511576201747069
"SPEECH_1178",NA,NA,NA,NA,NA,NA,NA,NA,NA,NA,NA,NA,NA,NA,NA,NA,NA,NA,NA,NA,NA,NA,NA,NA,NA,NA,NA,NA,NA,NA,NA,NA,NA,NA,NA,NA,NA,NA,NA,NA,NA,NA,NA,NA,NA,NA,NA,NA,NA,NA,NA,NA,NA,NA,NA,NA,NA,NA,NA,NA,0.0324847707183004,0.0384856248856589,0.0169194453446302,0.0144310281590683,0.0285922389073351,0.0353951196392991,0.0303566153698168,0.0126493401416852,0.0273656164135128,0.00945423110302439,0.0735449269015496,0.0730102203109722,0.00727636747271477,0.0678282876265611,0.0188722372399068,0.0576585175482764,0.0208386086517474,0.0216120340567343,0.00975548818667138,0.0170380558218243,0.0485279245395888,0.0178961360449938,0.00714227194107323,0.00982877187450112,0.0782631009810932,0.0715148325101288,0.0625417111844939,0.0398135106703207,0.0165035919528763,0.0343993738016411,0.012684649967887,0.0280989081567116,0.00401412973667309,0.0319524727039178,0.025208734746307,0.025208734746307,0.0247270391779062,0.0228002569043031,0.0271355170199101,0.0155748233782916,0.0218368657675016,0.172125883108542,0.0131663455362877,0.0868657675016057,0.0290622992935132,0.0473667308927425,0.0088310854206808,0.00738599871547849,0.0141297366730893,0.018946692357097,0.0406229929351317,0.0242453436095055,0.0054592164418754,0.0290622992935132,0.0256904303147078,0.182241490044958,0.00834938985228003,0.0324341682723186,0.00738599871547849,0.00738599871547849
"SPEECH_1064",NA,NA,NA,NA,NA,NA,NA,NA,NA,NA,NA,NA,NA,NA,NA,NA,NA,NA,NA,NA,NA,NA,NA,NA,NA,NA,NA,NA,NA,NA,NA,NA,NA,NA,NA,NA,NA,NA,NA,NA,NA,NA,NA,NA,NA,NA,NA,NA,NA,NA,NA,NA,NA,NA,NA,NA,NA,NA,NA,NA,0.0180503504202926,0.0217133540832963,0.00465815494717229,0.0199771326938957,0.0499587118084228,0.00562154608397383,0.0262444684410002,0.0170869592834911,0.0755997374494484,0.0112113320205806,0.0911727963751085,0.109572508416439,0.010247940883779,0.0295157636198099,0.0296216307777001,0.0391496749878253,0.0084164390522772,0.0114018929047831,0.0131381142941837,0.0362595015774207,0.0293252027356074,0.0266255902094052,0.00465815494717229,0.0213322323148913,0.00658493722077537,0.181054013423956,0.020072413135997,0.0454275974507188,0.0277901289461983,0.00851171949437845,0.0225534773288938,0.0807524349978954,0.0111208142461259,0.0250805596071829,0.0172341484647983,0.123308060202005,0.0424685761711035,0.0161018516716336,0.00859602511780391,0.013248983714412,0.0688646124198335,0.0181762732335777,0.00758061586239637,0.0475245884319565,0.00529542515097811,0.0891694014536682,0.0228878099232781,0.018422480402681,0.0123221094775545,0.00941147673795429,0.0111483335651443,0.0157233122245887,0.0677275946441703,0.0120830323974527,0.0382585582208118,0.00781981734990652,0.0938272367672392,0.022195685375001,0.0190782459882347,0.0520184588517181
"SPEECH_880",NA,NA,NA,NA,NA,NA,NA,NA,NA,NA,NA,NA,NA,NA,NA,NA,NA,NA,NA,NA,NA,NA,NA,NA,NA,NA,NA,NA,NA,NA,NA,NA,NA,NA,NA,NA,NA,NA,NA,NA,NA,NA,NA,NA,NA,NA,NA,NA,NA,NA,NA,NA,NA,NA,NA,NA,NA,NA,NA,NA,0.0340591063993423,0.0330728840428822,0.00740356493946861,0.0366633883784252,0.0210650697615041,0.0184073616414656,0.0545578561651933,0.0106704049739114,0.0185887148906716,0.00528490637630832,0.0946775395421091,0.0621076808279061,0.0155369686489501,0.028976470503343,0.00729777659488399,0.0710056677917764,0.0801464926089606,0.0123257183568249,0.0120987851485352,0.0171897875799345,0.0366676672902087,0.0134479640677727,0.00712004726779638,0.0237783781317159,0.0702971909950297,0.00942975514176401,0.015422852207379,0.086391466136694,0.0445900513398548,0.0517184822493882,0.0134502923976608,0.0783625730994152,0.0116959064327485,0.0415204678362573,0.0134502923976608,0.0415204678362573,0.00818713450292398,0.00818713450292398,0.00467836257309942,0.0064327485380117,0.0345029239766082,0.0152046783625731,0.0169590643274854,0.083625730994152,0.00292397660818713,0.0713450292397661,0.0485380116959064,0.00994152046783626,0.0274853801169591,0.0116959064327485,0.115204678362573,0.00467836257309942,0.00292397660818713,0.0625730994152047,0.130994152046784,0.00467836257309942,0.00994152046783626,0.0538011695906433,0.0327485380116959,0.0327485380116959
"SPEECH_987",NA,NA,NA,NA,NA,NA,NA,NA,NA,NA,NA,NA,NA,NA,NA,NA,NA,NA,NA,NA,NA,NA,NA,NA,NA,NA,NA,NA,NA,NA,NA,NA,NA,NA,NA,NA,NA,NA,NA,NA,NA,NA,NA,NA,NA,NA,NA,NA,NA,NA,NA,NA,NA,NA,NA,NA,NA,NA,NA,NA,0.0340591063993423,0.0330728840428822,0.00740356493946861,0.0366633883784252,0.0210650697615041,0.0184073616414656,0.0545578561651933,0.0106704049739114,0.0185887148906716,0.00528490637630832,0.0946775395421091,0.0621076808279061,0.0155369686489501,0.028976470503343,0.00729777659488399,0.0710056677917764,0.0801464926089606,0.0123257183568249,0.0120987851485352,0.0171897875799345,0.0366676672902087,0.0134479640677727,0.00712004726779638,0.0237783781317159,0.0702971909950297,0.00942975514176401,0.015422852207379,0.086391466136694,0.0445900513398548,0.0517184822493882,0.0134502923976608,0.0783625730994152,0.0116959064327485,0.0415204678362573,0.0134502923976608,0.0415204678362573,0.00818713450292398,0.00818713450292398,0.00467836257309942,0.0064327485380117,0.0345029239766082,0.0152046783625731,0.0169590643274854,0.083625730994152,0.00292397660818713,0.0713450292397661,0.0485380116959064,0.00994152046783626,0.0274853801169591,0.0116959064327485,0.115204678362573,0.00467836257309942,0.00292397660818713,0.0625730994152047,0.130994152046784,0.00467836257309942,0.00994152046783626,0.0538011695906433,0.0327485380116959,0.0327485380116959
"SPEECH_929",NA,NA,NA,NA,NA,NA,NA,NA,NA,NA,NA,NA,NA,NA,NA,NA,NA,NA,NA,NA,NA,NA,NA,NA,NA,NA,NA,NA,NA,NA,NA,NA,NA,NA,NA,NA,NA,NA,NA,NA,NA,NA,NA,NA,NA,NA,NA,NA,NA,NA,NA,NA,NA,NA,NA,NA,NA,NA,NA,NA,0.0339972275464361,0.028298921980304,0.0130407041202095,0.0972060834094802,0.0126077384203626,0.0529503061097364,0.0455078096404245,0.0165769297479525,0.0242965188758314,0.00693437200190172,0.0204354915015127,0.0655907218645949,0.0113391428568092,0.116277363562473,0.0086734834568524,0.0767063195970861,0.0202090046985121,0.0151397018925279,0.011132663959963,0.0245756325350201,0.026111323540732,0.0420104141712923,0.0143468498753132,0.0213291240830608,0.0505383766011602,0.0152352548019199,0.0250869052722876,0.0739993239977476,0.014535490073339,0.0153107998051576,0.0232549916970335,0.0632353829865026,0.0416975444099746,0.0387400848735902,0.0404254745915112,0.0521408837229612,0.0279376114887987,0.0260617882004323,0.00997978208641583,0.00703326250710491,0.0248219141616786,0.0262914294022686,0.0135711839899072,0.0507757875581076,0.0140170667817279,0.0704467359208371,0.00922892657626599,0.0299888044917294,0.00388774339543431,0.04694259302395,0.0246849321935791,0.0150909569527578,0.0116985545816261,0.00511549047953499,0.0431958045713316,0.0234870068940289,0.165532155998975,0.0333718210160206,0.0185905195074384,0.0387537659384763
"SPEECH_1042",NA,NA,NA,NA,NA,NA,NA,NA,NA,NA,NA,NA,NA,NA,NA,NA,NA,NA,NA,NA,NA,NA,NA,NA,NA,NA,NA,NA,NA,NA,NA,NA,NA,NA,NA,NA,NA,NA,NA,NA,NA,NA,NA,NA,NA,NA,NA,NA,NA,NA,NA,NA,NA,NA,NA,NA,NA,NA,NA,NA,0.0169233248838811,0.0243556682149189,0.00613195797740626,0.0405427185746311,0.029196398482029,0.0664771645005788,0.00781146976512476,0.00523267740186669,0.0156009611862445,0.00918694779410687,0.0859316620023737,0.112157320986388,0.0132071532183622,0.0795964043429208,0.00703123855294583,0.00409529809960586,0.0196211666104998,0.0271725593048982,0.0079305191284854,0.00930599715746751,0.00499457867514542,0.0150588287007868,0.00319601752406629,0.142042374247242,0.0304125335169746,0.0345920819352665,0.00882979970402497,0.0474732230508872,0.0738160998695952,0.0520758545912761,0.0328483228638796,0.0241483535554406,0.0104654889641446,0.0638180809507834,0.0232824814998331,0.0389900740430933,0.0294751327465752,0.0291185481729257,0.0148214735598771,0.0155079723921843,0.0624346283711716,0.088484699578234,0.0114875218424928,0.0992372712005167,0.00498822826356611,0.0449982084864601,0.126919532134112,0.0147107066576617,0.0151452593551629,0.0155540670950555,0.00970301883181282,0.0126318452987743,0.0179919590014946,0.00620706192926689,0.045410812356203,0.00700924666882706,0.0624869570606251,0.0366621616733769,0.0095755846738046,0.0258853007726442
"SPEECH_903",NA,NA,NA,NA,NA,NA,NA,NA,NA,NA,NA,NA,NA,NA,NA,NA,NA,NA,NA,NA,NA,NA,NA,NA,NA,NA,NA,NA,NA,NA,NA,NA,NA,NA,NA,NA,NA,NA,NA,NA,NA,NA,NA,NA,NA,NA,NA,NA,NA,NA,NA,NA,NA,NA,NA,NA,NA,NA,NA,NA,0.0328483228638796,0.0241483535554406,0.0104654889641446,0.0638180809507834,0.0232824814998331,0.0389900740430933,0.0294751327465752,0.0291185481729257,0.0148214735598771,0.0155079723921843,0.0624346283711716,0.088484699578234,0.0114875218424928,0.0992372712005167,0.00498822826356611,0.0449982084864601,0.126919532134112,0.0147107066576617,0.0151452593551629,0.0155540670950555,0.00970301883181282,0.0126318452987743,0.0179919590014946,0.00620706192926689,0.045410812356203,0.00700924666882706,0.0624869570606251,0.0366621616733769,0.0095755846738046,0.0258853007726442,0.035698910646773,0.0262791185433667,0.0130578742156809,0.0215825509202143,0.0280189605771715,0.044371731290179,0.0137802095275554,0.0137121043826433,0.0286638188054992,0.02046472536267,0.020120837097299,0.111031737201609,0.017236327876093,0.079234919246712,0.0176730633174636,0.0536461959596468,0.0216447909593771,0.0146720290548619,0.0282982389369406,0.0206207582439473,0.0131023746821211,0.0492972235337524,0.0363700027126103,0.0361424443954565,0.0246822925823507,0.0607340856159803,0.0489500257750641,0.0438551343645604,0.0297689467659645,0.0272885674064359
"SPEECH_788",NA,NA,NA,NA,NA,NA,NA,NA,NA,NA,NA,NA,NA,NA,NA,NA,NA,NA,NA,NA,NA,NA,NA,NA,NA,NA,NA,NA,NA,NA,NA,NA,NA,NA,NA,NA,NA,NA,NA,NA,NA,NA,NA,NA,NA,NA,NA,NA,NA,NA,NA,NA,NA,NA,NA,NA,NA,NA,NA,NA,0.0161285101292779,0.0277901249552947,0.0110140751103416,0.0573039559889167,0.0257380400897146,0.0257184470838141,0.0267658746966889,0.0130288755257162,0.0437322160734922,0.0181805612889557,0.0623683556147743,0.0758894771817803,0.0098187801740072,0.0431669435556903,0.0263003108225585,0.0773082019606334,0.0394371650355759,0.0154115829987612,0.015598242758822,0.0183083657619127,0.0558704330647423,0.0194091670631474,0.0163795708164009,0.0241288608148927,0.0218869140501391,0.0734228188095875,0.0301750994246257,0.033420866830233,0.0517878013268219,0.0245103609926811,0.0414044709363106,0.0361391736939269,0.0148166006940776,0.0305270574336684,0.0136259842995676,0.0531095497424776,0.0192826662453542,0.0239124757852466,0.0199094601689015,0.0209596423406436,0.0532670927635152,0.0994865535468941,0.00943800910000154,0.0794719879544861,0.014675898387909,0.0318193128399186,0.0200358619131015,0.0190860444579415,0.0481762091445071,0.0193554570691143,0.033219521221191,0.0382383855632777,0.0328855760398435,0.0177105135351967,0.0121312190596916,0.0358542753743311,0.0897458515278888,0.0289707851299186,0.0173372463635229,0.0254071176675743
"SPEECH_873",NA,NA,NA,NA,NA,NA,NA,NA,NA,NA,NA,NA,NA,NA,NA,NA,NA,NA,NA,NA,NA,NA,NA,NA,NA,NA,NA,NA,NA,NA,NA,NA,NA,NA,NA,NA,NA,NA,NA,NA,NA,NA,NA,NA,NA,NA,NA,NA,NA,NA,NA,NA,NA,NA,NA,NA,NA,NA,NA,NA,0.0194571472129714,0.0291086933548711,0.0178393525395055,0.0489175924761073,0.0307240755776644,0.0746984377335235,0.0173830734241766,0.0206418406491618,0.0260596731709958,0.0132715394614929,0.015430409108547,0.024763581268127,0.0104581450619942,0.0774534646206181,0.0156497949273691,0.0658958130149066,0.0470031566008682,0.0156817114897019,0.00981240762399173,0.0131663691234788,0.0445038765302962,0.0699790475816119,0.0318369266487213,0.0299957282166963,0.0509161388360703,0.0346868414943536,0.041683583722969,0.0679633847248018,0.0185052020191954,0.0165129917852115,0.0310757067810563,0.0306407453021611,0.0138293491153077,0.0527085727068885,0.0258728661938315,0.0259548583808969,0.0518021342001665,0.0202041713498963,0.0268595145984863,0.0166087605784135,0.0578687077984934,0.0231971636650793,0.0143599668066471,0.0816787060433791,0.0405213011398033,0.0284918159653684,0.0500441391232961,0.031269870409426,0.0200290603718422,0.0235658976553841,0.0437941748208639,0.0230527154635936,0.0181266132142543,0.0156113033692573,0.0312929902376543,0.0828173816162612,0.014059158239373,0.0419767320472559,0.0469473797596789,0.0157382430459842
"SPEECH_986",NA,NA,NA,NA,NA,NA,NA,NA,NA,NA,NA,NA,NA,NA,NA,NA,NA,NA,NA,NA,NA,NA,NA,NA,NA,NA,NA,NA,NA,NA,NA,NA,NA,NA,NA,NA,NA,NA,NA,NA,NA,NA,NA,NA,NA,NA,NA,NA,NA,NA,NA,NA,NA,NA,NA,NA,NA,NA,NA,NA,0.0207807961313146,0.0152104327929507,0.00794995375103452,0.153991407429044,0.0399008892783539,0.0574947665644321,0.0209702546127258,0.0161234441685734,0.0161260811709913,0.024369959268455,0.0176721759732567,0.00924675040163575,0.0152226035733411,0.0621261541956737,0.0266428525063694,0.0210014929490612,0.0200694140174935,0.0189107557243237,0.00932667185953297,0.0225873456339354,0.0397266442724308,0.0113036122876199,0.0221775960274573,0.00929543352319751,0.245912037713192,0.00868567742563653,0.0166723463641822,0.0106356392905246,0.0325943641172939,0.00727244697596677,0.0173391261458737,0.052543950601364,0.00619400695057538,0.0194486590789865,0.0485498266670094,0.0671708648669207,0.0304002567258216,0.0102926341403177,0.0281645807418657,0.0465210584381227,0.0291212543489444,0.0344802776918146,0.0169530966837876,0.044181273804379,0.0255789070130166,0.0387414396677412,0.0357481723058838,0.0165307526660337,0.0133165312906574,0.0173575030465804,0.0659736445810954,0.0290176237616111,0.0351046947419036,0.0257908910752951,0.0442696623851908,0.0853533782974686,0.00919783439215346,0.0331700321701793,0.0408157809951239,0.0326722847242828
"SPEECH_979",NA,NA,NA,NA,NA,NA,NA,NA,NA,NA,NA,NA,NA,NA,NA,NA,NA,NA,NA,NA,NA,NA,NA,NA,NA,NA,NA,NA,NA,NA,NA,NA,NA,NA,NA,NA,NA,NA,NA,NA,NA,NA,NA,NA,NA,NA,NA,NA,NA,NA,NA,NA,NA,NA,NA,NA,NA,NA,NA,NA,0.0295707266631767,0.0258250291099048,0.0104543066777628,0.0220606622468352,0.0422129987757619,0.0406739935350492,0.0285137965709985,0.011449347416186,0.0172991241893408,0.0198040291199864,0.0633769464451105,0.0777469912979655,0.00794671121536423,0.0808500721682524,0.0130063502242727,0.0612706608613031,0.0560493596302566,0.0178121413351251,0.0189518086555808,0.0271812672389528,0.0531942782271074,0.0335443851762803,0.0190055148859074,0.0240224099973169,0.058596372174374,0.0149714133044654,0.024121873516057,0.049568697958865,0.0209029864866552,0.0300157448957854,0.048570322857964,0.0359031196243314,0.00752326819791147,0.0150956429906788,0.01175881172557,0.0355524694123932,0.0459136646626746,0.0239750363889477,0.0198434050306267,0.00805354288594679,0.0679720310962746,0.148321212721428,0.00793291978145272,0.0849407397727109,0.00801333518444877,0.0808536813727882,0.0183546363562836,0.0114296885227117,0.0168905946047522,0.00834072297064011,0.0171085187597558,0.00850228288577038,0.00646473143689841,0.00972226658422683,0.172947290531883,0.0141341813248014,0.0209229656469553,0.0228064114800746,0.011327624747728,0.0108248804413703
"SPEECH_1188",NA,NA,NA,NA,NA,NA,NA,NA,NA,NA,NA,NA,NA,NA,NA,NA,NA,NA,NA,NA,NA,NA,NA,NA,NA,NA,NA,NA,NA,NA,NA,NA,NA,NA,NA,NA,NA,NA,NA,NA,NA,NA,NA,NA,NA,NA,NA,NA,NA,NA,NA,NA,NA,NA,NA,NA,NA,NA,NA,NA,0.0197805337432367,0.0497311799561177,0.0228332439296917,0.0159546727924602,0.0250259833673121,0.0585496207446966,0.0101615062039434,0.0192409891874142,0.0274510856467213,0.0126399825495142,0.032946720715696,0.0429945895820118,0.0110407112999121,0.0705280631069012,0.0160310964920884,0.0609993409758015,0.00829650788729566,0.0274853635712994,0.018303348135282,0.0175029036784034,0.101688714776517,0.0199220962214164,0.0166544526334607,0.0209202286004287,0.0550338196385921,0.0675186498944901,0.0833746512000186,0.0227644888160642,0.0307536420575973,0.0138718125956148,0.0618952008153266,0.0559952594347084,0.0143689117664665,0.0172415655883258,0.0237954486592012,0.060316570113931,0.0544696324434418,0.0158541575056746,0.0143630376593293,0.0198070466149685,0.0589492914411285,0.109185583800937,0.00911838093142287,0.0473696258979743,0.0178194184611473,0.0661722850018181,0.0222375315765947,0.0282854294839694,0.0300387437193542,0.0167075415145197,0.00921387913032712,0.0190592774979172,0.0179410735808484,0.0221685117792705,0.0312908250693368,0.05173867832365,0.0199576219380128,0.0410571921738488,0.0275663389373682,0.0160159391391803
"SPEECH_1002",NA,NA,NA,NA,NA,NA,NA,NA,NA,NA,NA,NA,NA,NA,NA,NA,NA,NA,NA,NA,NA,NA,NA,NA,NA,NA,NA,NA,NA,NA,NA,NA,NA,NA,NA,NA,NA,NA,NA,NA,NA,NA,NA,NA,NA,NA,NA,NA,NA,NA,NA,NA,NA,NA,NA,NA,NA,NA,NA,NA,0.0310271078128221,0.0424796433725005,0.0227491754277469,0.00660044320758607,0.0433170995670996,0.0265911667697382,0.0195372088229231,0.0276605339105339,0.0201169861884148,0.0337855596784168,0.0390885899814471,0.20629895897753,0.00625773036487322,0.0781462585034014,0.0167620078334364,0.0641298185941043,0.0247487631416203,0.0183415790558648,0.00988455988455988,0.0330112347969491,0.014573026180169,0.00768913626056483,0.00767109874252732,0.0135990002061431,0.0135990002061431,0.0924538754895898,0.0299667594310451,0.0193478148835292,0.00942073799216656,0.0211451247165533,0.0329132049758816,0.0495150959155681,0.0254885191909108,0.0313061800540436,0.0489833814177595,0.0234651373897984,0.0216669891845509,0.0163751230444521,0.0199173048425338,0.0202444918945207,0.0240747225050482,0.0467024893644764,0.0103799014538082,0.0354159439952243,0.0211937345991986,0.0413221983902292,0.0123717946089784,0.0219994862977412,0.018239574467288,0.016344195039323,0.0273183482469591,0.0318030720503408,0.0656882108771496,0.0137776230831912,0.0221647035760248,0.0730102777553052,0.162874535359915,0.0266327214079108,0.0269611395616367,0.0118498994502314
